m: 1000
n: 10
p: 6

Distancias:
3.36 9.56 2.75 1.60 2.76 6.51 1.51 7.61 4.10 2.57
8.75 5.28 3.57 8.40 2.03 9.44 2.99 4.95 2.24 8.96
9.11 1.45 8.88 3.21 4.01 4.55 5.72 1.67 3.26 7.65
6.70 5.30 3.69 5.34 1.83 4.06 4.62 6.54 8.74 1.40
2.19 9.59 5.59 1.75 9.94 5.65 5.44 7.19 7.43 3.59
6.20 4.02 3.18 7.53 5.71 9.39 2.12 4.24 6.96 7.91
5.01 8.19 7.23 6.89 9.09 6.75 7.84 5.64 8.47 8.27
2.26 4.92 2.71 3.87 4.06 1.24 5.09 6.27 2.73 2.29
2.69 8.27 2.04 6.53 8.37 1.87 6.75 1.35 7.90 7.11
7.40 4.61 2.52 4.96 4.74 8.23 5.48 8.30 6.11 4.35
7.95 7.12 1.77 8.66 9.28 5.99 5.81 2.84 5.35 2.60
4.79 2.82 9.53 9.90 1.44 3.74 1.36 4.19 8.44 8.12
7.20 5.44 2.37 4.61 6.20 7.68 7.79 8.16 8.47 2.36
7.92 4.87 4.41 2.96 6.47 4.69 3.57 1.43 2.58 5.14
3.85 7.11 3.57 8.36 1.30 9.18 5.52 7.21 5.54 9.96
6.91 7.78 3.43 4.94 2.52 8.71 3.71 7.31 2.21 8.83
9.37 9.63 4.47 1.72 2.98 1.65 9.04 1.41 6.66 2.58
4.12 1.61 3.73 5.28 7.60 4.90 3.99 7.61 7.06 1.46
3.57 2.89 9.18 8.14 6.60 2.41 3.13 8.91 6.14 9.40
8.99 7.30 5.65 4.75 9.01 5.25 1.72 1.74 1.71 5.60
4.98 1.76 6.61 8.27 8.20 6.93 8.74 8.38 3.13 8.08
6.98 6.60 2.87 9.03 9.78 9.66 4.70 3.14 1.15 8.99
3.72 4.30 4.16 6.13 2.07 3.61 1.65 4.68 5.68 3.09
3.69 5.85 8.59 8.01 7.17 2.15 4.76 2.69 3.95 2.22
9.59 5.31 3.22 4.10 3.86 8.20 5.62 4.40 7.94 1.08
3.84 3.80 8.33 8.16 1.39 7.68 5.27 7.68 5.18 6.67
5.39 5.89 4.71 2.09 3.12 1.85 9.49 9.24 2.63 3.26
9.48 2.38 9.88 2.74 5.42 2.87 4.99 2.93 6.82 7.31
2.57 7.10 6.52 6.79 3.84 2.79 4.65 8.38 7.68 2.46
5.24 1.44 5.76 6.82 5.32 2.81 3.94 2.37 2.51 1.31
4.21 4.99 3.18 8.93 7.49 6.67 8.30 3.22 7.86 1.97
2.03 5.52 7.86 5.79 1.51 2.30 8.36 7.29 3.86 2.70
2.79 2.63 4.44 4.59 2.48 7.43 8.61 3.22 7.06 4.99
2.49 4.36 1.54 1.12 7.92 8.14 1.75 5.07 2.88 7.53
1.53 4.94 3.06 6.86 2.98 8.75 9.17 9.98 8.02 2.61
2.46 6.66 5.20 1.64 1.02 8.80 7.36 6.87 3.93 4.50
7.69 1.88 1.69 6.11 3.67 3.14 2.85 8.61 9.20 7.22
8.79 6.96 7.17 4.63 6.11 1.54 3.70 4.97 4.08 7.38
8.47 5.37 1.52 7.83 3.69 8.57 6.77 5.79 2.82 7.48
6.33 5.14 7.55 8.81 9.22 5.97 3.90 4.76 5.11 6.77
1.51 7.28 8.76 5.80 8.76 6.15 1.44 2.73 3.46 1.07
3.43 1.71 6.00 9.54 4.70 8.52 4.95 3.15 2.55 2.45
2.61 4.27 6.08 6.73 4.85 9.27 7.21 9.69 6.84 8.89
2.26 3.70 7.02 8.88 3.10 9.70 3.52 1.23 8.83 7.08
8.85 1.38 4.52 2.73 7.20 9.19 4.73 1.57 3.60 1.93
1.71 4.81 4.59 7.56 3.88 1.57 8.58 5.06 4.75 8.21
9.44 4.64 4.26 9.23 7.13 6.77 2.15 6.40 7.09 7.78
8.50 2.75 8.72 1.85 9.88 2.20 4.29 9.39 4.40 3.94
1.78 6.49 5.36 3.07 4.64 9.16 9.93 3.88 2.16 4.82
7.65 4.62 5.10 6.56 9.29 1.27 6.89 5.97 2.06 6.10
4.57 4.86 9.32 1.25 1.20 1.60 3.18 7.54 1.19 7.87
6.91 1.04 2.22 1.36 2.52 8.97 4.97 6.35 6.17 9.67
4.18 4.13 1.06 3.52 5.93 2.78 3.46 1.61 4.86 9.14
2.37 1.32 1.59 3.27 7.81 1.05 3.56 7.04 6.99 6.94
3.90 2.33 6.21 3.36 7.24 5.95 2.19 3.48 6.25 4.45
8.59 2.58 6.63 9.20 6.58 1.44 6.87 5.64 3.61 6.76
5.21 6.49 9.92 4.98 2.95 8.41 1.48 6.57 3.64 3.95
3.82 3.24 9.51 8.88 9.39 7.25 9.83 1.88 6.71 8.92
1.43 3.23 9.47 1.24 2.25 8.94 8.89 6.84 3.17 4.82
3.90 2.45 3.43 7.90 7.79 3.96 4.88 1.74 9.21 5.87
4.96 4.17 2.20 4.90 5.71 6.84 3.45 7.49 1.82 9.28
5.29 4.98 1.65 1.28 3.47 4.29 2.40 4.56 7.60 7.25
2.18 2.68 6.80 9.11 7.69 7.29 4.74 3.99 5.61 2.89
7.23 1.04 9.94 5.88 9.45 1.49 6.34 3.06 3.69 4.98
1.37 2.20 6.59 6.61 5.34 5.25 9.19 5.59 6.39 3.11
9.88 3.01 8.41 8.72 5.75 1.14 8.53 3.88 8.49 6.17
5.77 6.37 4.34 6.05 2.10 2.24 9.53 5.59 2.55 9.27
9.84 1.26 9.91 5.15 3.74 2.31 4.38 9.76 4.85 3.85
1.02 9.92 5.70 5.90 5.11 8.02 1.79 9.86 3.71 2.04
6.82 2.43 1.72 4.22 6.30 3.20 8.80 2.70 9.75 5.56
2.53 3.09 2.16 5.65 2.43 2.62 8.34 2.43 1.07 6.53
7.92 9.42 5.97 5.90 6.71 3.12 3.50 2.58 9.42 4.53
2.02 4.65 6.88 4.04 7.13 3.49 1.52 1.45 3.14 9.78
9.41 3.30 5.88 3.09 6.39 4.92 9.70 7.96 1.89 5.18
4.64 2.90 8.37 7.41 1.71 3.13 8.44 5.27 5.30 2.13
5.68 8.68 1.21 3.28 1.68 8.27 8.56 4.42 9.29 8.70
3.98 8.74 7.31 9.66 7.16 6.57 2.23 6.06 4.62 6.14
4.67 5.19 8.20 8.46 1.81 8.87 7.52 6.01 2.32 5.17
2.69 3.43 8.70 4.28 1.32 8.48 2.56 8.80 9.09 4.13
9.73 1.64 9.19 5.68 6.05 1.96 1.26 7.60 7.95 9.93
9.75 6.33 4.43 2.36 8.90 6.91 1.47 5.32 9.90 9.37
4.89 2.61 9.70 4.78 1.47 7.79 8.29 2.45 9.86 3.74
8.57 1.31 3.51 7.24 3.12 7.32 9.84 8.97 9.73 4.81
9.41 6.43 3.90 7.50 7.86 1.41 8.60 1.63 7.54 6.21
3.64 9.38 8.32 3.52 6.90 9.03 5.88 2.57 1.79 4.92
8.66 5.34 3.02 1.57 7.49 9.25 4.81 2.10 7.64 4.66
7.94 3.70 6.87 1.97 9.40 8.15 9.91 3.91 6.33 7.37
3.31 1.27 9.25 7.82 6.73 2.23 8.85 5.08 2.94 2.87
2.18 3.56 9.40 8.83 4.50 4.76 7.98 9.81 2.59 9.38
4.94 6.12 3.63 5.63 9.73 5.21 5.64 9.82 3.83 4.38
4.48 7.47 7.61 3.89 7.69 6.06 3.85 4.55 8.59 8.19
3.91 9.92 9.92 2.58 3.39 7.39 6.39 3.98 5.05 7.53
9.24 7.54 1.08 3.50 6.73 7.53 9.13 2.47 4.27 3.74
7.21 4.92 6.87 5.79 5.48 5.68 8.77 9.76 3.36 7.23
5.46 7.81 5.93 2.15 2.35 4.64 6.64 7.25 8.61 4.98
4.31 9.79 9.56 2.76 5.76 9.44 7.19 2.41 1.74 4.11
7.28 7.17 4.90 1.09 1.32 7.25 6.16 8.80 8.17 8.60
8.24 4.62 6.71 8.34 3.80 8.50 8.24 6.61 3.37 6.83
9.19 3.35 2.81 9.43 7.72 3.79 4.75 6.88 1.40 1.47
8.68 6.39 2.66 2.18 1.64 1.91 7.50 8.21 1.39 2.59
3.78 8.73 2.76 1.31 5.44 5.88 3.03 7.34 2.78 1.34
8.38 7.17 2.94 7.62 9.03 1.33 8.64 5.37 3.39 6.25
2.02 6.88 6.92 1.72 7.42 8.01 5.26 8.63 4.26 4.99
5.07 8.28 6.17 9.35 5.48 8.40 6.15 7.13 6.90 9.37
4.93 3.52 5.88 5.68 2.51 8.71 4.16 3.80 5.38 8.94
4.30 4.23 1.38 2.10 5.51 1.98 9.11 1.55 6.19 1.83
9.62 4.71 7.59 4.61 7.57 7.45 3.03 2.70 2.22 1.73
1.81 6.05 6.91 3.47 5.96 6.94 5.28 3.09 8.70 5.47
6.94 9.22 7.91 9.60 5.77 3.67 3.66 9.99 7.27 1.14
2.15 6.73 9.90 1.91 4.87 8.01 5.07 8.98 9.03 7.16
1.22 1.21 9.39 6.84 4.40 7.87 6.70 1.97 8.79 1.85
7.12 3.34 2.35 9.67 9.86 9.18 6.72 8.25 7.25 7.48
1.90 1.57 7.94 4.13 2.30 6.43 7.01 9.09 4.18 8.09
9.96 5.14 5.27 2.62 3.93 4.22 1.07 6.48 6.87 8.57
3.91 3.27 2.26 9.61 9.65 9.67 4.78 8.24 3.32 3.40
4.29 3.12 8.05 4.28 8.11 2.70 1.73 4.76 1.64 7.26
3.63 1.22 2.18 5.96 3.51 4.40 4.32 6.55 4.58 2.91
5.78 1.12 2.85 8.05 9.58 6.53 2.08 1.54 9.25 5.87
8.97 4.98 2.43 1.36 9.60 5.16 6.37 8.40 5.19 6.36
2.24 2.18 8.41 3.44 5.19 1.08 8.65 1.13 1.51 3.48
9.05 3.23 3.36 4.36 8.63 6.03 2.17 9.07 4.27 5.91
7.13 7.87 2.23 7.53 8.61 2.55 3.83 3.40 2.19 7.39
1.18 2.63 7.30 8.19 9.78 6.93 5.55 2.62 6.54 1.33
7.56 8.78 7.98 4.69 3.07 3.59 7.94 8.54 4.25 4.02
1.46 5.33 5.56 6.75 3.30 4.22 3.63 8.47 5.51 2.86
7.50 6.99 6.85 2.39 3.76 5.05 8.17 8.64 4.27 8.97
8.87 1.15 1.42 9.73 4.22 8.55 7.44 8.43 2.81 6.30
6.91 8.65 8.31 9.66 5.78 8.03 6.16 1.15 7.03 3.74
1.43 6.96 3.81 5.93 9.77 5.44 3.40 3.45 9.38 5.37
8.59 4.42 4.00 6.38 1.13 3.66 8.48 4.11 2.04 2.01
8.40 4.54 9.14 9.01 3.91 1.55 2.78 8.61 1.88 2.60
6.94 8.15 1.09 8.25 9.67 4.38 3.17 7.35 4.85 5.68
2.55 8.60 5.29 1.08 8.98 9.00 3.92 7.34 7.57 1.21
2.92 3.37 8.80 6.67 6.06 9.31 6.96 5.32 7.25 1.76
2.21 1.25 2.22 3.73 7.57 2.99 9.09 5.58 2.39 1.77
5.39 9.18 2.02 7.93 5.43 2.89 1.57 5.78 6.64 8.57
8.09 1.70 8.03 2.08 9.24 9.79 9.12 5.41 4.20 8.96
3.30 6.19 4.41 1.69 3.25 5.32 2.12 2.80 9.31 5.98
9.13 6.16 3.10 6.54 8.83 5.06 3.34 9.91 1.11 2.31
8.41 5.47 5.83 1.13 5.51 9.66 2.11 1.40 1.91 3.33
7.18 5.70 4.65 7.67 3.22 1.70 6.39 5.99 2.78 6.99
4.48 2.40 2.96 7.72 4.05 4.23 4.42 1.13 3.49 7.81
7.33 2.05 7.77 1.42 3.54 2.44 5.96 9.29 1.43 2.43
6.50 4.42 1.57 7.78 5.23 4.80 1.38 8.75 3.29 7.09
5.47 8.63 9.32 9.55 8.47 6.17 3.42 8.60 5.11 7.04
3.35 4.23 2.84 4.96 3.04 6.74 2.99 9.14 9.88 6.70
1.06 9.44 1.55 8.16 5.15 3.77 9.64 6.43 3.14 3.53
7.19 3.26 3.88 3.15 6.16 7.35 8.69 4.61 3.90 4.17
2.33 9.37 4.92 2.60 5.09 5.96 3.63 5.04 9.54 7.89
6.73 8.10 4.33 2.62 5.18 7.50 3.70 4.51 8.09 9.31
1.56 8.69 6.55 7.05 7.88 3.73 8.56 4.10 5.04 9.99
1.41 9.42 1.66 5.99 9.92 4.75 8.51 2.55 4.46 5.13
4.27 6.45 6.70 8.20 4.36 4.66 2.10 8.69 5.81 3.68
8.51 6.83 7.59 2.78 6.09 9.81 2.39 1.03 8.31 8.20
9.98 2.96 9.92 6.06 8.18 8.45 8.77 5.15 6.77 3.41
3.20 2.20 5.67 2.63 7.44 1.14 9.88 1.97 7.34 3.30
9.58 9.72 7.12 8.60 7.78 5.02 2.52 1.27 7.51 2.85
6.51 5.86 1.43 6.59 6.84 4.28 6.02 1.79 1.86 3.61
2.51 1.79 6.82 9.26 7.34 1.44 2.49 7.88 2.41 2.90
2.67 4.12 6.72 1.57 3.59 5.63 6.38 5.39 3.35 4.42
4.12 2.12 1.89 3.65 4.08 7.86 5.75 1.17 7.25 1.32
1.19 1.92 3.22 7.30 2.90 4.66 5.15 5.90 7.82 4.38
1.99 6.87 5.33 6.45 5.96 9.31 4.75 4.59 2.73 3.19
6.23 7.66 6.48 9.12 4.84 3.70 4.82 5.95 8.84 8.77
6.24 8.98 2.14 8.19 1.23 6.43 4.30 9.35 2.42 1.27
2.66 2.92 8.56 2.41 3.07 7.14 4.26 1.89 4.45 2.61
1.67 4.46 4.24 7.37 8.63 7.45 7.54 7.38 2.97 7.49
2.86 6.97 6.17 3.50 9.14 6.58 1.12 9.10 1.61 2.98
8.92 7.33 9.00 6.88 4.04 3.92 5.75 1.05 3.48 5.99
8.58 6.27 8.73 3.63 4.56 2.68 3.59 6.37 5.06 1.94
5.06 1.02 1.91 8.83 5.05 7.77 2.32 3.11 9.30 9.20
1.64 2.65 5.68 4.59 4.68 3.18 5.01 1.79 4.76 3.52
5.58 6.81 5.53 9.53 6.24 2.83 3.48 4.13 1.18 3.65
4.36 9.46 5.44 9.48 7.04 8.60 7.10 6.55 1.97 7.31
4.32 2.15 1.42 5.52 3.41 2.16 1.97 4.40 9.12 2.14
6.74 9.42 8.20 1.77 3.10 4.31 2.90 3.26 7.38 6.93
2.66 1.32 4.87 1.00 2.49 3.42 7.99 7.00 6.88 1.47
6.04 4.63 4.45 8.14 2.10 1.91 5.31 5.11 4.82 4.58
6.75 9.82 6.61 6.60 3.15 9.11 2.94 9.43 3.22 2.09
4.71 7.91 3.84 7.74 8.01 9.64 7.87 5.48 4.18 7.41
9.34 5.22 2.80 6.75 6.88 3.19 1.76 9.55 2.52 2.87
2.05 8.24 2.46 3.90 7.03 3.45 9.56 1.98 7.40 8.11
8.20 8.93 9.57 6.21 6.27 2.44 4.17 9.83 4.07 1.83
6.96 9.61 8.09 7.36 6.64 6.01 7.03 2.49 7.58 7.32
5.41 8.35 7.40 4.79 3.11 3.22 7.16 8.69 4.37 3.27
1.23 3.09 7.09 7.75 9.25 6.60 3.88 6.18 1.41 8.63
3.73 6.91 7.06 7.76 7.17 3.63 6.44 5.06 7.31 2.16
8.06 8.29 5.57 4.97 2.62 1.48 2.76 2.31 8.34 4.03
7.45 5.74 3.56 7.52 1.88 2.32 5.32 9.93 2.09 2.58
9.83 7.72 1.77 8.32 6.25 4.53 9.30 5.68 4.56 1.62
3.39 3.85 7.32 8.52 2.34 7.11 9.57 8.22 3.59 9.51
3.25 5.43 5.31 8.01 5.38 8.01 6.31 3.17 7.59 5.76
1.18 2.18 8.16 4.45 7.99 8.51 5.75 8.27 6.88 7.49
6.73 1.78 5.40 2.37 1.89 2.29 3.55 2.02 6.82 7.15
1.65 9.59 5.91 5.60 9.86 8.98 7.58 2.49 6.09 2.32
4.94 7.70 7.08 7.57 6.87 7.97 5.08 1.32 1.17 5.27
8.11 7.57 5.66 7.47 2.72 2.11 9.38 7.06 5.44 6.64
5.97 2.30 7.53 7.72 2.19 1.24 5.13 1.42 9.07 6.96
6.42 7.13 5.14 4.78 8.17 7.24 5.88 5.71 2.31 9.17
1.88 2.89 9.30 3.83 6.12 3.25 9.54 8.43 4.81 4.80
1.25 6.67 6.31 8.49 4.11 2.73 8.85 6.46 4.21 8.41
7.39 8.02 6.38 8.01 3.96 9.79 4.29 8.73 2.74 9.03
6.76 1.54 4.86 6.74 2.05 4.95 7.71 8.54 4.84 1.18
1.90 7.44 1.89 9.99 2.38 7.33 5.82 3.75 2.47 7.37
6.84 3.85 5.54 8.47 7.61 8.65 9.82 1.88 4.83 2.76
5.31 7.96 8.78 8.05 5.30 6.39 6.86 3.59 5.10 5.14
9.49 4.25 7.14 4.91 7.29 4.02 6.70 6.70 8.28 7.93
4.13 5.14 5.07 9.96 7.21 4.87 6.12 4.56 2.58 9.12
1.24 8.26 4.94 2.31 6.43 3.97 8.53 7.81 9.67 7.36
5.14 7.59 5.56 5.54 6.44 3.54 5.77 3.43 3.22 6.13
4.04 4.41 5.18 7.78 6.85 1.05 4.60 7.09 9.52 9.56
1.44 2.16 3.84 2.25 6.45 5.28 9.51 8.61 8.51 7.61
4.56 8.59 5.90 7.42 6.38 7.48 5.28 7.36 5.82 3.68
9.09 8.90 4.44 4.35 7.41 3.09 1.01 3.18 8.32 6.45
9.74 1.03 1.11 1.58 7.58 2.41 3.10 4.74 7.39 7.04
8.08 4.89 1.70 7.23 3.48 1.15 3.44 9.62 5.58 3.86
8.09 8.05 2.52 8.46 4.61 1.85 4.77 1.64 4.86 4.87
7.34 9.95 8.96 2.89 1.15 8.19 7.10 2.17 3.87 2.06
8.15 3.87 6.78 1.48 9.05 4.49 6.50 3.84 6.00 4.36
6.76 7.55 8.69 5.49 5.32 2.73 7.29 6.19 8.82 1.45
1.91 4.78 5.13 2.89 5.45 7.88 2.52 5.20 4.34 8.49
4.45 7.73 5.15 4.74 3.50 7.51 10.00 9.32 8.12 6.85
9.25 9.06 8.58 3.71 3.49 9.15 1.18 3.81 8.86 7.06
9.60 5.93 3.11 7.50 2.53 7.21 4.76 8.50 1.73 4.41
2.48 9.81 6.62 4.81 7.91 1.46 7.16 4.05 9.41 5.70
5.84 3.43 7.80 7.24 7.88 2.98 5.52 5.41 1.54 5.60
2.68 3.79 9.46 7.96 7.98 8.84 5.47 2.47 9.66 9.01
4.05 4.53 6.62 3.89 5.32 9.24 3.26 10.00 4.75 6.21
2.33 4.19 6.40 3.03 7.14 1.96 5.83 3.05 3.91 3.44
2.23 4.05 2.28 1.59 6.87 8.07 5.76 8.65 1.24 8.21
9.59 8.07 1.36 5.76 7.75 2.97 8.47 5.72 2.78 1.87
9.13 1.97 4.49 4.01 1.72 4.29 1.03 8.54 8.12 8.28
3.79 5.49 5.11 5.16 7.77 8.71 6.80 2.77 8.60 1.60
9.21 7.09 4.22 6.76 5.54 5.86 9.64 5.79 9.83 8.83
2.71 3.28 9.76 7.90 1.64 2.96 2.05 7.11 1.89 7.80
2.36 9.99 1.34 7.78 2.11 9.33 5.06 9.17 9.82 1.97
8.43 9.25 8.64 7.79 8.57 8.37 3.08 5.05 1.66 5.54
9.87 2.89 9.73 3.54 8.48 6.62 2.65 2.39 7.79 8.06
6.74 6.21 2.54 3.12 9.26 2.22 4.87 3.00 7.20 7.32
5.70 4.15 5.53 5.92 3.20 7.69 3.88 8.99 6.99 3.19
6.94 9.54 1.19 1.15 4.40 7.06 4.94 5.30 3.67 5.02
9.39 8.69 6.93 9.30 3.01 9.97 5.64 2.78 9.64 3.52
4.31 7.78 1.15 9.58 5.87 3.13 4.95 3.97 7.90 1.20
3.24 8.51 6.74 2.68 5.77 4.30 2.75 8.38 7.08 9.79
6.52 3.28 3.85 4.55 1.76 2.17 4.83 4.38 5.46 7.84
1.55 4.10 5.32 8.15 2.27 8.00 3.71 3.10 4.96 6.20
1.11 2.85 4.23 9.12 3.52 7.05 2.86 3.82 4.12 8.87
4.21 8.93 1.05 7.04 8.58 4.29 6.63 5.30 5.15 2.39
7.07 1.49 7.56 2.51 3.18 9.94 8.87 3.81 6.37 7.00
7.23 7.22 2.57 5.70 6.42 6.70 1.73 5.21 3.16 6.75
6.31 7.83 5.51 2.50 8.52 1.82 1.06 8.03 7.23 6.44
5.92 7.06 4.27 7.93 6.37 2.52 1.82 6.66 8.97 3.77
7.62 5.63 6.10 2.04 5.06 8.24 2.88 4.87 8.40 3.40
1.66 9.80 2.06 5.93 2.93 3.03 1.87 1.25 4.91 8.93
4.92 5.66 8.42 4.44 6.38 6.42 9.16 9.02 5.67 6.88
4.89 4.84 4.10 9.76 7.52 1.33 5.09 1.08 5.98 4.76
9.12 3.29 3.65 5.86 2.13 8.79 9.10 5.79 4.16 5.47
6.86 1.85 4.93 1.68 1.76 1.18 5.19 8.54 6.68 4.23
2.39 2.87 9.40 6.18 9.29 1.53 7.52 2.61 1.92 5.65
6.68 7.59 6.09 2.32 7.96 5.36 2.92 5.12 1.48 5.15
9.55 7.40 6.21 6.86 3.13 6.55 5.62 7.72 6.91 5.42
6.07 7.60 1.07 3.22 3.87 5.94 4.20 6.79 7.54 7.23
7.74 1.52 4.32 3.49 4.00 6.33 2.51 3.76 7.10 7.65
7.88 2.08 3.87 5.08 8.28 2.18 4.54 3.72 2.25 6.96
2.64 7.17 9.92 6.42 1.26 7.40 8.04 9.77 6.31 7.44
1.73 8.17 9.09 9.19 6.30 3.19 1.87 3.52 1.85 2.08
2.47 4.50 4.45 1.51 7.14 8.96 7.56 9.26 2.10 1.98
3.71 8.64 2.16 6.65 1.37 9.45 6.89 5.09 1.31 8.75
6.14 5.67 7.74 3.40 1.22 1.70 5.48 9.52 8.01 5.23
3.77 6.65 6.66 6.23 3.33 1.60 1.50 4.97 5.58 4.24
7.16 6.18 4.63 3.58 7.93 4.79 8.13 2.60 7.80 9.01
5.42 7.05 4.33 5.11 5.46 5.22 9.17 4.49 7.96 5.69
5.57 6.52 4.71 3.09 4.17 4.01 8.12 9.58 2.76 3.88
3.27 2.68 4.35 9.97 4.46 1.33 3.43 2.32 5.43 2.14
9.72 1.72 7.83 3.22 9.22 7.82 4.79 2.17 2.07 4.27
8.57 1.14 4.72 2.46 7.74 8.66 4.80 5.22 5.98 6.31
3.38 4.37 6.47 7.84 5.37 7.19 4.89 1.19 6.84 1.67
8.08 8.09 7.46 2.69 9.48 3.97 2.54 4.57 8.47 6.03
9.13 2.73 2.88 3.06 7.72 9.01 7.40 8.88 3.99 8.34
6.11 8.89 7.29 7.06 6.78 3.97 3.70 7.48 8.57 1.39
4.76 6.49 8.89 4.89 4.62 7.52 6.87 9.75 2.58 4.79
4.58 8.40 1.64 9.33 8.52 7.55 3.91 6.02 9.95 2.22
6.86 6.36 7.72 4.19 1.23 4.88 8.81 4.11 3.65 7.48
6.12 1.83 6.33 6.60 2.76 8.68 8.68 8.83 8.12 9.85
8.06 5.68 8.97 8.00 8.33 9.13 7.51 6.45 4.95 6.82
3.45 7.78 4.51 3.38 5.65 5.09 7.88 6.76 9.92 1.32
4.38 4.02 6.59 4.35 5.81 3.24 1.90 7.54 1.43 1.79
2.09 7.58 2.64 2.07 4.13 7.80 9.71 4.46 6.72 4.27
4.20 2.78 5.38 9.50 6.67 4.07 6.31 1.03 1.57 7.50
7.75 3.29 1.12 1.72 8.03 5.77 4.86 7.06 4.68 6.32
8.68 6.28 3.39 4.17 2.96 7.66 8.33 7.40 9.71 8.48
8.56 1.52 2.35 3.88 3.79 8.50 3.56 9.12 1.52 8.44
6.45 2.52 9.88 4.91 6.64 1.86 4.84 9.88 6.72 5.00
9.77 1.11 6.60 7.20 3.42 2.78 9.78 2.87 9.81 6.07
2.14 1.38 10.00 2.68 6.98 7.79 1.68 7.87 2.94 7.74
2.12 1.28 7.99 7.39 6.54 8.94 7.90 5.12 2.98 6.90
1.24 5.77 5.97 1.19 1.25 6.29 6.25 8.81 6.61 5.33
5.93 5.36 9.23 6.07 2.35 5.61 2.37 2.96 6.80 7.05
2.38 9.27 9.76 7.52 2.72 5.74 8.54 4.59 1.56 7.29
3.57 7.60 6.84 4.51 2.81 4.87 7.19 1.42 3.65 2.66
4.42 1.91 3.29 1.47 1.63 2.10 7.38 9.80 5.69 9.62
8.48 4.99 1.05 2.42 4.45 7.47 9.13 5.32 9.32 7.69
6.86 5.86 7.24 6.07 8.21 9.29 2.68 9.95 4.98 9.96
9.44 4.97 1.27 9.27 9.45 3.38 4.28 1.62 1.56 1.27
8.88 4.84 5.70 2.01 4.67 3.52 7.79 6.26 4.94 1.65
8.88 6.79 2.35 8.63 6.86 4.67 5.54 5.97 7.38 5.31
2.18 2.01 3.81 3.01 8.35 2.28 2.38 6.66 4.16 3.52
5.55 2.84 5.81 2.99 4.70 3.68 9.80 4.50 7.32 5.06
7.85 3.97 1.57 9.23 7.25 3.10 5.61 4.60 8.11 5.22
2.43 7.17 4.05 8.38 1.28 2.31 7.95 9.42 3.69 9.66
1.18 1.31 1.43 7.08 2.08 8.71 7.97 2.15 4.82 9.28
8.55 6.07 3.29 3.53 5.00 8.53 1.17 5.11 1.19 9.63
3.77 4.09 6.08 8.72 6.14 4.28 4.12 1.65 3.24 6.03
9.52 6.53 8.90 7.14 8.91 6.50 1.96 7.15 4.16 8.01
3.31 6.81 7.88 6.53 7.69 2.00 2.81 3.03 3.69 2.99
7.99 9.61 5.02 4.61 7.19 8.36 6.48 1.84 5.30 6.29
4.59 9.48 9.28 5.55 9.29 5.91 6.17 1.96 3.59 8.30
7.92 9.59 3.29 8.69 7.83 6.88 9.41 2.67 5.87 6.14
4.97 6.50 9.84 7.18 9.58 3.97 2.49 9.45 3.71 8.98
7.80 5.52 2.42 7.21 8.47 5.79 6.42 9.61 7.76 3.11
3.22 1.34 1.49 5.06 2.52 9.58 4.58 3.30 1.28 3.74
5.52 9.67 5.30 7.42 5.41 9.09 5.57 6.02 8.51 1.16
7.03 5.56 2.94 9.00 6.14 5.48 5.98 2.90 9.99 9.20
6.95 1.73 9.14 8.24 8.60 9.11 5.61 7.84 3.64 2.41
7.52 9.74 9.21 2.95 5.78 1.08 4.73 1.92 6.91 8.50
9.20 7.13 7.92 5.89 1.82 5.27 9.41 3.29 9.69 9.56
3.45 9.06 4.31 5.89 5.79 3.68 6.71 7.38 6.45 8.87
8.87 6.53 4.53 8.67 8.78 5.43 2.17 9.60 9.55 2.36
5.22 5.46 1.12 8.44 7.38 6.23 1.79 4.36 6.00 9.63
6.70 8.39 7.48 4.83 8.30 3.58 5.74 5.04 2.28 4.29
3.11 8.49 2.44 6.39 8.64 4.02 4.01 9.14 3.67 2.31
8.93 3.31 3.70 9.06 2.56 2.87 4.98 9.71 6.48 1.34
5.32 2.21 1.51 3.40 3.74 8.10 1.53 5.31 6.08 9.81
8.68 7.55 3.45 2.46 3.79 8.92 2.13 9.79 3.92 5.68
2.34 8.60 3.50 2.93 1.52 7.03 7.37 9.73 4.81 9.46
3.39 3.15 7.17 5.32 4.48 7.47 7.07 4.84 1.96 2.96
5.32 6.49 3.11 3.80 7.40 3.87 3.09 1.28 2.67 3.70
5.29 1.77 6.00 2.50 9.89 1.93 1.04 7.12 6.83 5.51
7.27 8.77 6.61 7.81 4.28 8.29 8.20 9.88 1.58 1.61
5.95 6.32 4.19 6.66 8.66 9.66 5.57 3.51 2.37 5.96
6.99 3.42 3.73 5.84 3.28 5.11 7.48 1.88 1.41 1.83
1.80 4.09 2.30 3.49 3.05 3.75 8.18 5.58 1.71 3.05
5.20 8.04 2.53 7.52 1.86 4.53 1.35 8.74 2.47 4.49
8.21 7.44 8.02 4.84 5.54 9.45 3.46 2.11 8.13 2.57
7.57 1.43 4.37 3.12 3.49 3.47 6.31 6.24 4.70 6.49
7.29 4.67 7.33 1.69 4.06 1.97 5.18 2.77 3.14 2.94
7.36 7.72 3.85 4.89 1.78 6.01 6.41 6.46 2.39 9.97
5.20 4.72 9.66 3.28 3.41 9.47 6.82 10.00 1.17 2.12
2.50 2.63 6.93 5.16 5.26 2.14 3.04 6.54 5.99 9.12
4.60 8.42 2.70 6.24 2.38 4.04 3.64 3.53 5.32 5.08
2.68 5.51 6.64 3.04 5.17 6.23 2.88 7.67 8.67 5.24
7.04 9.47 7.06 1.24 1.51 6.89 2.44 5.90 1.76 9.31
4.62 6.58 2.22 6.50 5.05 3.07 6.69 4.31 2.45 2.83
8.92 7.43 6.93 4.27 5.87 8.37 1.04 2.75 1.96 7.84
8.02 6.35 7.07 9.93 8.43 5.39 6.21 8.23 6.10 7.02
3.54 1.82 6.08 1.10 3.96 9.30 3.17 5.61 7.73 5.42
4.38 8.72 6.80 3.62 6.59 7.26 9.49 6.80 1.02 2.09
9.47 8.48 7.95 6.24 5.00 7.59 5.00 8.65 6.28 5.75
6.03 6.70 9.40 1.31 5.23 3.43 8.18 6.25 5.17 9.39
3.31 9.01 6.89 5.55 6.23 4.36 5.99 7.44 2.04 9.37
9.28 6.09 6.32 4.82 4.09 1.30 7.35 8.17 8.42 4.27
2.09 9.54 3.36 8.42 2.52 9.79 1.18 4.51 8.51 6.49
4.85 3.18 9.02 8.13 6.35 4.79 7.49 3.13 4.26 4.52
4.59 4.88 5.17 8.49 5.97 1.47 6.45 9.58 5.11 3.64
9.01 2.15 3.38 3.73 4.52 8.19 2.21 2.74 7.41 9.67
8.79 2.88 8.26 2.32 1.69 3.24 6.62 6.21 2.68 7.35
2.13 8.05 9.78 3.13 2.59 9.71 6.68 4.94 9.03 8.77
9.70 3.79 9.88 3.02 6.70 2.03 6.81 3.63 2.52 1.00
1.18 9.51 4.30 5.76 4.44 1.94 9.22 6.93 4.46 7.94
4.93 7.74 1.66 5.93 7.12 8.17 8.42 8.77 2.77 8.14
6.17 6.40 4.19 2.30 5.32 8.69 1.95 4.11 7.64 2.43
4.52 1.92 4.74 8.48 8.36 5.43 4.91 7.40 7.42 8.21
6.77 7.74 2.32 7.53 8.05 8.57 4.88 6.47 2.03 4.92
4.74 7.91 9.55 9.13 9.93 5.41 3.33 9.27 5.86 3.18
9.56 3.87 6.38 8.97 9.40 9.43 3.97 9.37 5.26 4.52
5.50 7.93 8.83 4.62 9.23 8.32 2.31 1.30 4.46 4.04
2.68 9.62 7.82 9.39 5.67 5.90 6.67 8.78 9.63 8.97
2.57 9.57 5.45 7.58 4.26 7.95 5.34 1.74 3.15 3.46
1.36 3.39 4.81 5.69 2.21 2.52 1.86 4.57 6.85 1.49
7.43 5.79 6.56 8.40 3.64 1.16 2.37 6.42 8.11 8.61
3.50 2.66 4.48 4.58 5.07 2.34 3.52 2.75 2.53 2.11
1.65 9.53 1.94 2.51 5.31 6.41 5.68 9.00 2.79 2.25
7.50 6.80 8.05 6.04 9.96 1.94 3.98 8.66 3.86 1.06
2.29 3.63 5.69 5.71 5.72 9.02 6.98 8.15 1.10 6.95
7.27 6.81 1.28 3.07 2.18 5.10 2.47 5.09 4.93 4.54
3.07 1.20 9.45 6.00 6.02 9.23 5.88 1.89 9.06 5.22
2.21 7.58 2.68 5.69 7.72 5.93 8.53 4.98 5.39 5.64
8.35 2.57 1.41 4.73 3.75 9.75 2.79 4.34 1.50 1.46
8.72 7.62 6.90 1.89 9.70 3.04 9.36 2.68 2.23 7.22
5.19 7.60 8.85 5.84 1.43 4.02 9.67 5.89 5.10 2.73
2.90 7.53 9.43 1.97 2.52 4.89 8.70 5.49 2.33 5.07
4.83 7.32 2.49 7.63 3.80 1.83 5.99 3.12 8.81 5.88
8.74 9.61 5.28 4.17 8.16 4.02 2.70 6.71 3.70 6.35
2.57 4.40 5.77 1.81 5.27 6.02 3.00 7.34 2.04 6.54
4.28 7.72 5.66 9.61 6.33 5.43 6.41 1.06 7.04 6.88
7.25 7.01 7.83 3.17 3.05 8.44 2.68 3.35 5.20 7.81
5.60 9.38 5.22 5.48 4.48 3.27 9.24 2.94 8.91 3.85
6.61 1.27 2.16 9.13 3.23 8.60 8.53 5.76 1.23 1.06
1.97 8.52 5.99 6.97 5.34 3.72 2.32 4.88 2.12 4.29
4.11 5.59 4.32 7.65 1.34 9.56 7.27 6.88 2.06 9.84
3.70 3.11 3.32 4.73 8.10 9.19 5.42 7.45 6.09 9.13
4.40 4.91 8.23 2.99 4.94 9.75 4.18 2.25 4.75 8.23
8.22 6.41 8.78 8.47 2.47 5.66 8.43 1.55 6.73 2.25
4.83 4.83 5.27 1.69 6.96 3.75 2.10 2.02 7.55 4.07
5.24 1.55 7.76 3.09 3.64 2.37 1.71 2.19 4.59 9.46
9.02 9.82 1.85 7.06 2.15 3.41 4.02 7.54 8.09 6.45
8.19 9.66 5.91 7.67 1.41 2.31 7.26 4.51 7.46 6.58
5.81 3.21 2.48 9.47 5.18 2.55 4.23 8.45 4.32 5.24
6.55 4.53 4.97 4.35 2.33 6.71 8.31 1.38 4.28 2.39
4.83 6.54 6.20 8.07 1.56 3.35 1.75 1.00 2.75 8.12
1.05 4.39 7.78 5.93 1.35 6.48 2.24 8.97 2.31 1.23
3.90 6.22 4.09 7.10 2.36 9.24 3.27 8.72 2.87 2.43
5.84 1.77 7.19 1.38 1.09 1.24 5.42 3.14 7.44 5.23
9.42 9.51 3.78 4.73 7.51 6.12 2.06 7.13 3.57 1.69
5.26 3.90 4.60 7.25 3.69 3.52 5.89 8.86 9.85 8.40
7.03 9.54 1.63 7.49 3.34 5.59 9.54 2.38 2.22 8.95
6.77 7.13 8.52 2.71 2.63 2.00 7.55 6.46 8.03 6.78
2.48 8.98 8.08 3.10 9.04 5.49 3.76 1.62 9.16 4.71
8.69 4.95 8.11 8.63 3.96 8.49 8.40 2.90 5.41 3.16
9.62 7.99 8.95 7.69 7.93 6.39 2.52 9.16 2.51 3.72
4.63 9.94 3.42 4.40 9.18 8.69 6.03 1.72 5.81 4.13
8.83 7.73 6.08 6.80 1.40 8.55 1.66 4.62 2.09 9.41
7.04 3.88 4.47 6.76 4.03 7.97 3.51 5.74 5.52 5.99
6.21 5.35 9.11 8.75 5.90 1.25 5.31 1.25 1.13 7.73
2.14 5.27 4.85 2.84 5.54 9.28 8.94 7.65 7.63 7.75
9.61 2.71 2.64 6.54 5.53 8.90 9.60 4.79 1.82 8.56
7.03 3.46 8.38 8.69 5.95 1.85 1.14 5.84 4.96 2.67
6.67 8.83 5.82 6.48 5.34 5.34 6.59 2.25 5.15 8.53
4.92 8.91 1.89 2.06 6.97 7.74 2.13 2.98 7.69 9.25
1.09 2.16 1.76 8.32 4.85 2.03 3.33 7.81 2.67 6.19
8.78 8.33 3.93 7.95 8.14 4.11 9.63 3.75 7.54 8.17
7.35 3.65 2.48 5.78 9.67 1.53 4.81 7.72 9.06 9.80
6.10 7.50 1.75 2.01 6.64 3.43 3.33 3.04 1.37 4.47
9.08 8.26 8.24 6.06 6.33 6.16 4.01 7.86 5.53 4.93
6.64 1.58 3.18 2.64 7.28 5.50 7.06 2.04 6.70 2.85
6.40 5.74 6.14 1.44 3.54 4.93 5.31 4.14 4.75 6.91
3.63 6.58 3.03 6.59 8.62 9.27 2.06 4.63 8.87 5.44
7.04 4.57 1.83 5.94 8.06 4.61 1.12 3.47 1.78 5.64
7.87 9.91 4.83 3.15 4.60 7.52 4.75 4.20 4.05 5.39
2.85 6.12 7.05 5.35 1.70 3.14 1.51 5.60 6.58 2.68
5.70 2.62 6.92 8.47 7.93 4.08 1.71 5.50 4.71 9.73
1.58 5.48 3.40 3.14 3.49 7.76 4.41 8.96 2.09 1.78
4.74 8.24 1.90 2.42 4.18 2.25 9.63 3.28 4.18 6.15
3.98 8.67 6.18 7.32 4.79 2.27 3.90 6.83 8.91 6.05
9.55 1.31 5.11 1.39 4.08 3.20 1.53 8.80 7.17 3.04
8.41 5.98 8.09 5.51 1.84 1.49 9.89 7.66 6.91 6.85
6.82 2.24 8.27 1.24 5.12 3.87 9.02 2.48 3.48 5.31
1.52 3.82 8.16 4.71 1.08 8.68 5.64 5.64 5.62 8.44
1.49 6.64 4.48 7.93 6.29 8.48 2.90 1.48 3.73 3.46
5.96 7.01 4.60 5.16 5.65 4.71 3.77 2.61 5.22 2.57
8.12 7.74 4.94 3.27 8.27 6.31 8.25 3.52 3.96 3.70
9.68 9.16 7.80 8.94 8.26 3.89 3.18 1.86 8.86 2.11
2.31 5.66 2.35 7.94 8.77 9.28 5.45 3.17 2.99 1.17
2.16 4.41 8.10 1.63 7.63 9.15 9.68 9.59 6.48 5.20
1.97 3.43 3.42 2.85 4.06 8.26 9.45 5.50 8.94 7.05
3.85 1.41 7.44 3.36 1.50 6.85 2.08 3.66 6.64 7.87
3.70 3.26 7.29 9.02 7.73 1.28 3.64 2.16 6.55 7.03
4.85 7.07 5.34 4.37 8.46 8.30 3.04 6.92 6.92 8.28
1.99 4.25 7.59 7.11 2.80 1.85 2.85 1.43 6.64 9.16
8.94 4.01 1.81 8.55 8.87 2.67 7.40 6.26 7.91 8.45
1.85 5.13 6.90 2.70 7.29 4.25 1.98 3.50 7.00 5.07
7.68 9.35 6.27 6.91 4.26 5.11 4.49 3.70 2.60 1.69
4.02 5.76 3.19 5.66 5.69 3.27 6.68 9.70 2.27 9.95
8.42 4.61 4.20 4.08 4.06 1.32 8.63 4.55 1.06 8.16
5.97 4.67 1.81 6.59 1.62 5.31 4.06 4.89 4.87 7.44
2.76 4.78 6.35 8.07 2.28 8.94 4.28 1.55 2.97 7.52
3.52 6.68 4.55 5.17 1.51 8.98 2.18 1.53 9.61 3.12
9.50 9.36 4.57 4.23 8.97 2.92 3.36 2.88 7.04 6.21
7.79 8.92 8.27 7.54 1.19 3.29 8.54 9.36 7.25 6.58
8.39 9.16 6.98 8.62 4.41 9.70 5.95 3.52 5.93 4.59
8.19 6.85 7.23 1.20 2.94 4.41 9.86 7.44 6.75 9.04
2.29 7.81 6.72 4.44 6.26 6.71 5.94 8.36 8.80 6.96
4.43 4.46 6.82 8.53 4.31 2.79 9.90 9.82 5.25 9.29
5.61 7.55 2.79 6.52 1.89 5.67 4.64 2.05 5.06 3.76
3.71 5.32 1.76 5.11 8.14 5.16 7.59 4.40 6.54 1.78
1.30 6.98 8.07 9.65 9.76 4.99 4.62 8.10 8.31 8.85
9.10 5.01 3.40 2.48 4.21 7.81 9.84 1.64 3.81 4.15
7.59 4.49 6.26 4.24 6.48 4.08 4.89 5.47 4.28 9.25
8.02 7.82 9.38 1.51 7.98 3.49 9.91 4.99 2.40 9.64
8.20 8.95 9.31 9.83 1.43 8.89 4.45 6.28 6.66 2.75
6.94 4.03 5.40 9.05 8.40 3.80 1.27 4.76 5.80 3.70
4.87 7.65 3.50 7.77 6.18 1.83 9.82 6.68 3.74 1.32
7.90 6.30 9.46 2.79 1.03 5.83 2.28 6.02 7.83 3.34
7.49 5.93 7.79 3.31 7.83 4.99 5.71 3.63 6.68 1.88
9.97 5.10 1.49 4.26 5.21 1.87 9.15 4.03 3.47 1.01
9.27 8.09 3.16 5.05 8.64 3.40 5.83 3.33 3.35 9.18
4.35 5.14 4.53 6.89 6.10 2.56 6.84 3.47 6.42 6.14
3.29 5.91 7.85 1.97 2.13 4.09 7.96 7.26 8.07 4.10
6.20 1.31 2.16 9.73 8.54 3.35 7.17 5.16 4.04 2.07
5.77 6.63 1.71 9.04 4.53 6.47 3.54 10.00 2.59 2.75
1.21 8.57 9.71 1.91 3.49 7.77 4.86 9.79 5.33 2.75
5.59 9.88 4.80 3.68 2.17 3.22 4.63 1.65 7.95 3.99
5.24 6.91 2.62 5.74 1.02 4.09 5.57 2.58 2.12 1.18
4.62 2.60 5.19 6.89 4.12 4.07 6.11 7.31 7.23 5.31
9.53 2.20 6.57 5.26 3.70 6.85 6.57 3.52 3.74 9.44
2.52 8.28 6.93 4.70 6.33 3.69 1.84 8.24 3.08 1.62
2.97 9.35 4.24 7.72 2.06 2.88 9.40 3.82 1.70 7.08
8.67 3.22 2.05 5.87 2.12 6.25 3.91 4.52 3.45 6.99
4.99 2.95 1.74 2.36 1.21 4.22 1.74 5.60 1.00 1.18
2.16 3.11 7.72 1.84 9.85 9.57 5.73 2.72 6.60 1.28
9.92 5.28 8.93 9.45 1.82 6.42 4.12 7.56 8.14 5.89
7.49 8.64 9.70 9.07 1.26 2.77 7.22 9.11 2.25 5.90
9.19 4.96 6.41 2.08 4.57 3.40 3.60 5.62 5.50 1.56
8.25 1.97 7.88 4.85 9.78 3.58 7.58 5.39 9.06 8.75
8.15 9.36 3.41 9.97 7.75 2.29 7.69 5.07 9.98 7.77
1.23 3.83 9.29 3.63 4.87 6.53 5.93 4.47 8.05 6.41
5.53 2.38 1.25 3.95 4.83 8.93 6.69 9.98 8.26 7.64
7.73 4.39 4.75 8.66 2.84 1.69 1.06 8.15 4.52 5.62
8.60 3.93 4.37 2.73 4.73 3.28 6.53 7.81 3.40 5.22
6.22 2.41 7.60 2.29 9.46 1.24 6.98 6.12 9.64 1.95
8.11 1.31 5.43 3.28 8.10 2.51 6.43 2.30 7.06 4.19
9.18 2.10 9.44 5.11 3.53 8.81 8.44 3.24 2.32 4.13
8.69 2.96 3.69 7.78 3.47 7.76 5.73 8.55 1.09 8.46
2.69 5.64 4.05 7.21 1.69 9.18 3.96 9.00 3.86 1.44
8.32 8.51 8.09 2.20 8.88 6.85 5.00 2.92 1.01 1.83
2.25 7.76 2.83 1.11 2.16 8.41 8.50 9.07 1.77 5.97
6.27 2.38 9.94 2.74 7.18 3.96 9.71 6.23 5.93 2.71
3.57 6.75 6.77 5.88 4.97 2.20 5.07 2.17 3.56 2.13
9.78 2.78 2.37 4.30 8.89 9.75 9.56 6.43 4.64 6.88
4.12 8.82 2.86 3.91 8.39 7.55 8.11 9.29 3.36 2.58
7.27 6.25 8.59 9.10 3.23 5.57 6.25 7.87 7.07 3.41
9.91 6.24 4.60 5.55 6.68 8.44 1.02 3.02 7.15 3.91
3.37 2.92 9.12 8.95 7.08 6.96 7.32 1.46 4.43 7.64
3.51 4.73 3.08 6.78 5.31 1.40 6.84 9.26 8.40 9.24
2.30 5.26 5.21 5.24 2.91 1.95 2.16 7.62 5.88 8.27
1.37 4.64 9.33 7.85 5.45 3.81 3.71 7.34 5.76 8.10
2.39 3.39 7.04 8.02 4.28 1.48 4.54 9.23 6.68 9.79
5.08 2.77 2.27 9.89 9.28 3.31 3.49 4.53 4.83 8.98
5.36 8.55 4.14 4.48 2.75 1.97 9.02 9.57 2.84 8.07
3.56 6.86 4.14 9.85 3.18 2.49 7.38 3.84 9.18 4.65
7.70 3.01 2.61 9.57 4.66 9.26 7.01 6.51 1.02 4.85
7.39 2.91 8.28 5.59 2.91 3.54 4.33 5.18 5.87 9.10
2.05 9.95 7.16 5.14 2.11 9.77 6.37 1.06 8.65 5.44
3.95 4.58 4.05 6.91 4.12 9.01 7.36 6.95 4.37 5.26
7.96 6.88 2.92 5.32 1.14 5.04 9.21 2.44 4.65 2.74
2.84 6.25 3.18 1.02 8.89 8.53 2.46 4.34 9.02 5.71
5.27 4.21 2.62 1.24 4.44 8.24 1.92 5.63 5.15 6.38
3.49 5.08 2.67 7.84 4.83 9.39 9.26 5.81 4.45 1.26
8.51 5.27 1.89 6.43 8.15 7.65 4.22 1.76 3.31 2.97
5.53 9.13 5.93 2.60 6.95 5.49 9.43 6.56 7.86 7.04
5.46 2.48 3.62 4.48 3.60 4.96 5.22 9.31 5.22 5.76
4.71 6.28 1.15 2.79 2.23 1.79 9.42 4.88 3.10 8.63
9.77 6.86 7.73 8.39 7.88 3.66 1.12 6.74 1.09 7.44
2.08 2.74 9.69 2.87 6.61 6.74 9.97 4.50 5.26 9.00
6.84 6.61 4.43 9.85 6.33 6.73 9.84 9.66 1.95 1.81
3.58 9.57 5.33 5.47 5.36 8.19 6.86 6.58 4.10 5.57
3.76 8.76 8.35 1.27 9.00 3.53 3.65 5.08 6.98 7.41
4.51 7.84 1.52 6.46 3.74 7.10 5.65 5.56 8.98 7.53
8.81 5.02 8.76 3.96 2.04 8.74 5.31 9.08 2.41 9.57
4.35 7.00 7.26 6.93 8.85 7.50 9.57 7.35 5.45 3.21
7.05 6.48 5.46 5.33 3.95 1.51 5.16 8.65 9.89 2.54
5.68 5.89 3.47 7.76 1.19 9.82 5.95 4.29 8.01 5.32
4.26 5.11 3.12 3.46 6.22 3.08 3.92 6.06 4.40 5.37
7.31 6.98 5.55 6.19 2.03 5.58 4.44 1.50 3.07 2.22
6.43 3.35 2.31 5.23 9.60 8.44 5.10 7.11 6.93 4.35
2.40 8.76 3.39 6.41 3.14 5.13 1.11 3.29 4.53 4.40
9.61 1.96 4.13 7.35 8.26 6.09 3.21 9.39 3.14 2.87
8.91 9.16 7.87 5.19 2.86 6.03 3.20 1.78 2.15 3.32
5.18 6.88 7.05 3.47 8.20 7.19 8.82 5.07 9.98 5.39
9.04 4.76 9.61 9.15 6.66 1.45 5.86 1.52 5.43 7.37
6.56 9.10 5.09 4.08 2.80 5.83 7.45 1.40 5.22 1.49
2.25 6.36 8.82 8.14 2.14 6.90 2.53 7.54 4.72 2.79
7.15 4.38 9.66 3.79 5.06 9.09 7.94 9.70 4.14 7.12
9.23 4.69 6.52 8.11 4.30 3.58 6.95 1.92 2.90 5.74
9.46 1.64 7.07 9.97 8.62 5.97 4.12 5.74 3.28 7.12
1.76 8.25 5.67 7.25 3.56 2.36 6.12 8.03 5.15 8.39
6.30 4.45 4.03 6.58 3.77 2.29 2.61 1.27 9.20 9.59
8.45 6.11 2.40 2.83 6.18 9.22 1.89 3.06 6.93 3.69
1.37 8.00 1.03 9.02 2.37 7.86 4.21 1.58 4.72 5.99
7.65 9.18 7.14 4.89 2.91 9.77 6.77 7.32 7.44 2.35
6.96 1.42 8.91 8.20 1.26 7.87 4.42 8.12 8.91 9.42
3.82 4.44 1.55 6.42 8.78 6.95 2.44 4.21 4.87 2.14
4.31 9.69 2.88 7.75 5.69 6.58 4.36 1.42 8.71 7.21
7.53 3.61 2.07 8.37 9.65 5.07 6.39 1.38 1.42 8.17
1.11 4.47 7.20 7.38 2.33 3.35 3.28 9.67 4.02 4.76
7.61 6.62 9.99 8.77 7.69 5.68 4.03 5.93 2.80 1.49
5.47 5.38 7.65 1.88 8.40 5.08 9.87 2.03 4.52 5.93
9.47 2.96 7.72 8.95 3.92 8.19 8.66 8.25 5.38 4.34
7.51 1.45 4.93 3.57 2.08 5.59 5.29 5.91 1.33 1.79
2.27 4.28 5.78 8.90 4.57 9.27 1.01 8.38 2.48 1.28
7.82 2.91 8.14 2.24 3.31 4.93 2.78 9.22 8.77 5.29
6.63 2.69 7.49 6.91 6.81 4.93 9.45 7.58 2.74 9.86
5.78 4.93 9.92 6.99 2.40 1.52 1.43 4.60 8.96 5.86
4.36 1.16 1.14 2.91 3.13 7.99 9.29 2.27 7.99 9.95
7.55 8.70 1.32 3.88 8.87 8.97 2.86 1.30 9.01 2.87
6.65 8.38 9.19 8.61 1.61 5.47 3.43 9.29 1.18 6.78
4.95 4.06 7.73 1.44 5.93 7.97 2.07 8.50 6.39 9.27
9.86 9.02 9.88 5.98 3.89 5.83 3.58 3.57 7.00 6.71
3.83 6.24 3.77 4.73 6.86 6.86 5.77 2.81 2.36 2.42
8.80 8.72 4.39 8.50 4.46 6.69 3.32 1.79 9.38 3.61
9.71 9.66 3.23 1.61 5.29 7.57 4.95 8.66 2.90 2.27
3.76 6.34 5.52 3.37 4.57 3.55 1.92 8.68 6.59 5.00
3.65 4.91 4.56 9.48 9.90 6.17 3.22 5.45 2.89 2.81
6.57 3.82 6.70 9.61 9.78 3.79 5.07 1.63 5.98 9.64
4.62 7.39 2.00 1.13 5.66 1.58 2.01 8.12 9.19 1.70
2.47 6.74 8.13 3.47 9.32 3.52 7.57 3.81 9.88 2.44
7.15 3.47 6.62 3.89 2.49 8.47 8.92 7.96 8.75 2.79
7.66 9.90 2.64 3.13 9.02 5.30 7.07 1.92 9.80 5.96
5.54 2.04 4.39 8.03 1.45 4.65 7.90 4.82 9.74 7.59
3.25 2.45 3.43 2.02 3.19 6.13 3.37 7.26 3.36 9.65
8.59 8.68 6.10 2.30 6.95 3.84 6.20 4.88 2.63 4.22
6.28 1.13 8.09 2.82 7.69 3.17 4.37 5.93 5.62 9.77
8.55 8.95 3.07 8.48 2.98 7.22 9.35 7.13 7.37 4.11
4.42 5.01 9.28 1.87 7.55 2.20 1.31 8.46 8.67 2.07
1.29 1.76 9.54 4.95 3.98 6.71 9.22 7.25 5.20 9.74
5.34 4.28 6.81 8.55 8.41 6.47 7.01 2.80 4.71 5.52
4.67 1.88 2.68 7.38 9.69 4.27 9.85 4.14 4.41 4.60
7.49 9.28 5.41 2.24 4.92 5.94 2.57 8.75 7.82 4.81
6.76 6.03 4.16 7.16 1.45 9.83 7.96 4.12 9.50 5.68
4.28 3.48 1.65 1.19 8.00 6.27 7.23 8.64 4.90 1.19
8.45 1.78 1.14 6.82 6.27 9.87 2.24 6.79 2.03 5.77
1.74 4.90 2.51 8.20 6.33 5.08 8.00 4.75 7.90 3.18
2.63 1.23 2.33 7.07 6.05 2.83 8.87 8.04 7.97 8.86
9.85 6.13 9.62 2.32 5.78 3.89 7.14 6.42 1.67 5.97
8.72 7.52 5.89 9.28 8.59 4.27 8.94 4.37 5.57 5.59
4.89 7.50 5.39 1.73 9.98 5.29 1.10 6.21 9.98 4.97
6.37 9.14 3.64 7.28 2.68 4.74 4.38 8.32 8.73 1.63
4.23 2.56 4.91 9.83 3.28 8.72 9.53 2.99 4.56 1.30
1.60 4.93 2.80 9.31 8.98 1.19 8.97 6.18 3.40 6.50
8.28 8.79 3.47 5.93 8.84 1.01 4.52 9.91 4.78 1.22
3.85 6.37 8.29 3.27 8.20 8.57 8.25 4.91 6.08 9.30
6.31 7.30 9.18 5.96 7.41 3.78 9.35 4.89 5.77 7.43
5.95 8.41 4.23 2.39 4.96 1.55 3.76 7.13 8.83 4.50
9.19 1.80 7.28 3.47 4.42 3.16 6.07 3.75 3.70 5.71
3.03 7.13 8.57 1.27 3.36 1.76 3.91 5.58 6.71 7.30
9.97 6.40 6.88 8.01 4.14 3.00 8.45 1.98 1.87 8.82
2.48 6.57 9.30 8.35 1.45 7.86 3.66 6.68 8.07 8.17
6.68 1.41 6.40 6.38 9.89 3.80 9.99 1.09 2.31 1.12
7.12 5.62 4.85 1.95 1.50 8.87 6.70 1.74 3.75 5.96
3.57 1.37 9.07 9.81 4.45 3.76 6.27 7.64 7.44 6.19
2.42 9.19 9.34 7.79 9.64 9.50 6.82 8.05 4.82 2.56
2.81 4.89 7.07 5.26 9.03 5.72 7.64 2.10 6.60 6.87
5.31 5.92 7.43 1.12 8.16 2.36 4.52 9.51 9.43 4.00
2.43 6.05 1.65 2.56 6.86 1.94 2.93 9.70 7.71 8.39
8.86 2.05 9.63 3.08 8.39 7.95 2.56 1.90 7.72 9.95
7.46 8.23 6.49 1.24 9.21 7.04 4.84 8.68 3.51 2.45
8.91 6.50 2.84 7.01 5.90 4.99 6.32 2.24 8.26 2.17
6.94 4.61 4.20 1.23 6.96 5.58 8.24 7.15 4.25 8.39
3.21 3.98 9.92 3.78 2.24 7.41 3.86 5.25 4.92 9.96
8.68 9.61 6.54 3.31 9.04 3.04 3.03 6.93 2.62 8.19
5.14 7.80 7.12 8.83 3.54 4.70 5.04 2.66 1.21 6.91
2.66 1.08 8.12 5.03 8.44 8.25 9.07 6.96 9.44 9.04
1.89 3.70 2.08 5.72 2.91 9.69 2.36 9.11 1.03 9.19
6.63 9.92 1.46 9.85 5.17 8.77 2.80 6.02 5.97 5.54
9.54 5.20 1.81 3.09 2.50 4.55 7.98 5.15 3.78 1.39
4.19 9.54 7.37 9.73 7.08 1.81 6.77 4.32 2.36 4.80
6.38 7.26 5.70 2.28 9.97 4.42 9.06 9.76 2.40 1.11
9.38 9.01 9.19 4.98 4.72 1.12 7.03 9.73 5.92 6.07
8.92 2.26 8.40 4.93 5.97 7.52 1.98 9.51 5.87 2.75
3.34 6.26 1.86 4.69 4.33 5.22 5.02 5.06 6.27 4.18
9.16 9.77 2.21 9.90 3.61 8.00 9.53 1.26 2.50 8.34
7.09 9.02 6.55 4.12 8.76 3.33 7.76 1.73 5.36 1.49
6.79 6.94 3.11 6.00 5.93 6.24 4.25 7.42 1.24 3.80
3.94 4.82 9.12 9.70 7.52 5.75 9.20 4.80 4.66 3.02
1.94 6.94 1.07 3.77 3.00 8.96 3.87 9.27 6.16 2.49
3.60 7.72 7.87 3.78 8.28 5.44 1.34 4.86 2.08 2.44
7.60 3.31 7.96 5.53 4.60 7.52 1.76 8.37 6.94 2.70
9.66 2.02 7.06 6.30 8.72 6.02 9.89 4.73 9.56 7.16
2.98 6.73 8.02 7.57 3.58 5.00 8.71 8.50 9.86 4.17
9.69 2.95 2.96 8.13 5.08 6.72 1.88 9.98 9.99 6.23
5.62 5.80 9.88 4.58 8.39 9.19 3.07 2.15 2.91 8.20
5.17 5.93 3.63 9.69 7.17 9.96 4.75 2.70 6.32 4.77
3.34 3.48 7.10 1.89 4.73 6.73 7.79 8.35 9.15 3.49
8.41 4.76 2.11 4.49 4.59 6.34 5.51 5.64 4.48 1.28
3.63 9.39 8.96 7.00 1.65 5.61 3.81 4.56 9.98 2.96
9.04 3.31 7.93 1.70 7.91 5.91 5.60 4.99 8.07 8.22
3.34 8.96 3.52 1.22 1.53 4.71 1.24 7.72 8.63 7.07
4.17 3.74 8.14 3.70 7.71 8.70 6.70 9.87 9.30 6.25
4.06 9.50 9.29 4.29 7.26 2.85 1.57 8.36 2.26 2.63
6.48 9.14 6.12 4.46 1.94 9.44 2.82 7.23 2.76 1.36
6.30 3.75 2.28 2.98 8.95 1.86 6.05 2.11 7.40 2.14
3.30 5.24 7.33 7.20 2.60 5.33 6.66 2.23 8.55 5.09
8.92 8.92 7.02 4.62 1.07 2.43 1.69 3.90 2.60 2.27
2.33 6.15 6.05 8.76 4.08 8.70 9.67 9.79 9.68 8.58
5.54 6.56 8.65 2.17 2.98 1.08 1.88 9.50 8.82 2.30
8.67 9.99 8.57 2.18 6.64 2.88 5.39 3.90 2.05 4.88
1.92 5.98 9.44 2.69 3.15 7.87 1.88 2.11 4.39 8.53
2.50 8.40 5.54 8.15 9.21 3.49 8.25 5.13 8.86 3.81
5.75 1.16 1.39 3.71 7.81 4.43 6.08 6.04 6.00 4.01
3.69 9.51 7.68 4.83 6.42 1.30 7.77 8.21 6.52 6.13
3.98 5.02 6.85 5.43 7.00 4.27 5.40 6.56 9.73 6.43
1.81 1.23 7.90 4.13 2.16 9.82 3.44 3.55 6.60 7.87
7.03 7.90 5.42 3.95 6.98 3.31 3.75 6.62 9.57 6.09
9.81 2.54 5.00 9.60 8.37 5.25 5.72 2.03 1.94 3.58
7.73 9.98 9.10 9.78 8.51 6.46 9.83 8.07 9.54 8.11
2.21 7.43 7.32 2.38 5.78 4.38 8.79 8.48 1.44 6.29
3.41 2.80 1.47 5.77 7.80 8.24 1.22 1.22 4.44 5.61
7.87 1.42 6.87 8.22 7.33 2.06 2.86 8.18 6.04 5.61
6.55 9.49 9.53 4.37 9.00 4.03 7.57 3.07 3.31 5.50
1.70 1.23 8.13 3.18 3.26 4.49 9.18 3.70 5.67 6.11
5.10 5.07 3.99 1.62 9.72 9.42 8.19 6.68 9.89 3.82
7.31 2.35 7.35 4.38 7.06 1.35 6.91 3.58 9.76 5.77
7.94 7.34 5.72 3.57 3.31 6.23 4.61 5.79 6.91 4.96
7.26 5.93 5.25 3.05 4.48 3.24 3.09 6.11 4.02 1.59
6.61 9.24 2.02 7.61 6.00 9.42 2.65 3.01 2.41 3.52
9.99 4.92 7.74 7.95 5.47 9.25 5.41 8.88 3.16 1.95
8.88 3.60 6.84 3.69 4.15 8.09 6.81 1.84 2.87 1.61
3.53 2.74 8.66 1.87 6.98 7.24 4.24 1.73 5.46 5.32
1.99 4.90 8.77 6.49 8.41 3.12 3.94 5.95 2.69 9.69
5.85 9.13 4.60 2.89 2.35 9.54 4.69 6.03 4.68 3.11
2.96 3.48 2.16 2.72 5.65 1.41 4.49 1.91 3.85 6.32
7.63 8.20 2.32 1.95 4.05 4.81 7.88 1.07 5.56 9.76
6.56 6.49 5.60 4.34 2.65 1.04 7.19 8.94 9.86 8.33
6.28 5.64 3.31 7.18 5.26 4.25 6.52 8.98 5.45 5.48
2.79 7.33 9.73 2.26 2.09 8.40 5.72 3.87 8.61 3.01
2.73 1.45 9.63 7.48 3.60 4.96 4.58 1.16 5.84 1.93
6.04 2.55 7.88 9.48 4.88 4.66 9.23 7.32 4.47 8.56
1.89 4.82 2.21 5.09 7.69 6.39 3.32 7.10 6.29 1.49
9.85 8.31 4.79 3.06 5.38 8.65 5.22 8.82 9.51 7.70
3.39 7.14 7.70 6.15 4.12 6.96 5.28 8.41 9.98 2.72
8.05 7.47 2.95 4.01 2.22 4.87 7.00 9.56 6.48 3.27
5.22 3.01 4.97 5.17 6.64 2.16 9.81 4.11 7.09 2.71
4.54 7.56 1.44 3.54 6.03 8.76 7.22 1.37 6.15 6.99
8.59 7.72 6.07 4.08 4.73 7.64 4.73 5.04 8.00 1.55
4.06 6.14 3.79 9.25 5.92 2.79 8.62 4.36 7.25 2.97
2.87 2.76 9.07 5.20 5.30 7.95 8.82 3.89 5.77 8.50
4.30 4.94 5.28 6.12 4.86 6.29 9.03 6.89 2.71 8.14
2.08 9.29 8.83 4.80 5.39 7.54 4.39 6.52 8.10 8.57
6.90 3.35 2.11 9.49 9.34 5.83 5.48 9.59 9.72 2.66
3.14 1.91 7.30 8.10 8.40 8.32 1.85 2.81 4.46 3.26
5.60 5.89 6.28 8.78 9.30 3.75 8.96 9.82 7.95 6.42
7.33 5.09 3.01 2.09 5.29 9.81 1.09 6.91 8.30 3.71
6.46 4.71 7.59 9.86 6.22 8.71 4.53 6.41 8.58 5.08
2.50 9.36 9.95 2.21 1.40 5.70 1.33 3.52 4.42 9.40
9.33 9.51 7.64 4.84 9.35 3.13 3.85 7.90 9.37 6.35
9.62 2.57 2.59 1.05 1.72 3.34 6.68 6.18 5.18 5.16
4.11 7.35 8.40 1.03 8.59 3.96 6.50 9.83 4.12 2.24
3.78 2.09 4.37 9.84 9.83 7.70 7.07 9.11 5.56 3.79
5.08 7.18 8.99 9.87 7.24 3.00 4.70 5.93 9.93 1.90
2.77 5.56 6.11 4.96 5.63 1.71 2.89 3.65 6.57 3.81
1.22 7.07 3.90 2.78 8.65 3.31 9.75 8.00 4.99 2.55
6.48 2.01 9.70 4.61 2.84 8.85 9.09 2.81 6.45 6.30
3.43 4.98 1.48 3.87 4.32 9.18 7.30 8.14 3.38 6.58
4.58 6.02 3.07 1.07 4.39 1.27 9.70 9.55 3.22 4.40
5.44 7.09 1.64 9.42 6.72 5.97 2.40 4.39 5.20 7.92
7.27 6.38 3.48 4.96 8.67 7.09 2.77 8.26 3.44 2.90
7.85 6.17 9.38 1.68 9.92 8.42 3.58 1.08 6.11 5.04
3.60 4.72 6.72 8.50 4.03 6.48 4.49 2.43 6.26 2.95
8.63 5.03 5.00 8.55 4.78 6.28 9.97 8.56 3.91 2.95
8.36 4.37 5.55 9.45 1.09 2.50 3.67 6.51 2.62 9.12
9.88 9.68 2.62 2.91 9.04 5.93 7.05 5.71 7.87 6.67
3.51 7.23 5.70 8.00 1.42 6.79 4.23 1.06 4.97 9.78
2.51 7.70 3.64 7.49 1.82 6.94 2.42 3.34 7.11 2.16
2.97 7.49 2.33 1.46 4.35 4.75 4.13 9.77 6.63 8.35
1.24 3.69 4.60 4.34 4.75 1.36 2.22 8.86 6.36 3.02
8.19 4.82 6.01 8.52 7.93 10.00 3.43 8.82 2.43 5.08
9.45 6.59 5.95 5.49 8.66 1.14 4.45 5.87 7.59 5.09
7.47 6.76 8.07 1.11 4.90 2.39 4.99 4.76 6.76 9.87
9.90 8.93 1.86 6.12 2.55 3.87 3.14 4.42 5.95 9.89
6.56 1.35 2.10 3.48 4.45 9.93 1.74 7.04 7.74 5.92
7.85 7.69 4.35 2.17 2.35 4.76 5.68 7.24 3.46 3.26
4.56 1.15 8.10 8.72 3.72 4.87 9.35 3.29 3.63 1.63
7.66 8.63 2.77 9.76 6.99 9.73 4.49 3.61 5.29 9.75
1.99 3.67 2.58 8.64 5.42 3.84 3.48 2.55 6.10 7.49
4.13 5.46 6.94 7.98 3.72 9.95 8.98 1.82 9.36 7.51
1.55 3.33 2.97 4.22 6.81 3.68 7.87 3.98 4.31 2.17
2.48 8.10 5.21 1.86 4.95 8.36 9.84 8.36 10.00 8.53
2.65 1.18 7.35 8.59 6.47 5.25 4.96 2.50 7.57 3.23
1.22 5.74 4.19 5.00 8.57 9.87 5.65 8.05 3.40 3.05
9.61 4.14 7.69 3.25 8.74 2.68 5.32 2.04 3.95 7.75
9.63 3.83 2.69 3.90 9.22 4.38 4.72 7.78 2.46 4.39
4.53 6.00 5.54 1.57 4.44 4.66 7.25 7.84 3.92 9.62
6.82 8.43 7.36 5.26 7.60 5.58 6.70 1.45 3.03 6.18
7.69 9.64 9.30 1.70 1.75 5.26 4.13 7.50 4.30 2.66
7.07 4.96 2.42 4.45 2.84 7.62 8.01 2.11 8.76 5.39
2.63 9.53 5.34 9.18 2.60 4.37 1.37 6.98 6.33 3.17
8.61 4.83 5.47 6.18 4.82 5.34 6.82 5.64 4.92 7.98
5.91 8.81 5.66 7.18 9.64 9.81 5.32 7.37 6.10 8.34
6.24 7.85 9.67 3.36 3.06 2.76 2.64 5.57 3.91 5.87
2.54 3.77 1.67 4.79 6.27 6.79 5.66 4.24 6.19 2.50
3.39 7.64 8.13 4.64 9.26 8.70 1.81 3.00 8.64 9.64
1.13 1.99 4.27 4.93 1.06 2.51 1.78 2.38 9.80 7.40
7.78 1.70 4.35 9.52 3.41 3.70 6.64 4.30 2.01 9.92
5.47 1.16 3.71 7.55 9.34 3.74 7.73 9.83 2.23 6.25
3.44 3.88 2.45 4.47 8.92 7.88 9.34 6.88 8.50 2.44
2.96 6.08 5.59 3.47 7.52 2.70 4.54 1.08 6.41 1.10
2.78 6.12 6.14 8.91 5.97 3.24 7.97 5.80 4.14 6.86
8.14 4.57 2.34 2.26 4.82 2.87 9.21 8.94 2.25 6.82
2.03 5.87 1.27 1.03 4.52 9.16 6.26 5.39 2.80 4.70
1.50 2.96 9.87 8.20 3.88 2.98 5.56 3.93 5.05 7.30
4.16 2.89 5.37 9.26 6.59 4.62 9.11 3.03 2.35 1.65
2.13 8.40 9.81 7.92 7.34 7.41 1.59 2.39 3.56 3.52
8.76 8.26 9.58 8.75 6.91 6.05 4.61 4.42 3.35 7.39
9.70 5.62 5.20 5.08 9.40 3.07 4.24 3.14 6.92 7.51
3.88 7.83 4.12 9.50 7.72 6.09 4.06 6.04 1.25 7.26
4.01 7.74 6.62 5.79 7.19 4.20 1.93 8.25 8.31 7.37
9.06 5.10 2.28 2.88 1.39 8.90 1.96 1.42 2.63 2.92
9.51 6.40 8.42 1.05 8.08 9.05 1.42 6.54 2.85 8.62
3.05 9.12 3.25 8.40 2.55 4.89 8.71 8.96 8.46 7.84
9.68 9.39 8.80 4.29 9.51 7.05 3.83 7.71 6.98 2.16
8.42 2.42 2.62 8.99 2.96 7.54 1.44 3.60 5.16 8.24
9.46 6.06 5.22 4.30 2.45 5.86 6.35 5.84 5.41 8.06
5.61 2.05 6.77 9.65 9.64 8.46 1.50 5.80 5.93 9.04
3.82 6.04 5.45 9.66 6.24 8.04 6.11 9.34 9.57 3.99
9.88 4.81 6.14 9.58 4.51 2.24 3.29 7.26 7.59 1.87
2.71 2.85 9.41 2.11 1.84 5.67 9.79 7.37 4.18 4.83
4.43 3.02 6.71 1.78 9.27 7.30 4.11 5.96 8.79 1.47
9.91 3.70 6.47 6.46 9.47 1.42 7.12 8.77 8.25 3.71
2.80 6.44 8.94 7.79 2.36 6.55 3.60 3.35 1.36 8.56
5.53 3.67 6.80 2.37 1.62 3.02 5.94 9.87 9.88 4.63
6.26 2.35 4.33 2.86 2.85 5.37 9.69 5.98 5.40 4.94
2.99 3.29 6.61 3.41 3.98 7.52 2.34 4.88 1.98 2.25
4.98 4.04 5.57 8.88 2.61 1.91 7.38 1.14 5.40 9.79
4.06 1.42 3.35 6.11 5.54 6.77 3.76 5.97 1.55 1.30
4.21 5.24 7.60 9.19 4.52 6.41 4.71 2.37 3.96 2.51
7.37 6.49 6.67 1.24 6.15 4.17 1.39 9.76 3.74 3.93
4.20 3.45 6.96 4.05 5.93 1.80 5.45 7.11 4.40 7.18
4.68 4.94 5.91 2.65 7.51 6.48 5.43 8.59 8.79 8.87
6.83 8.36 4.53 1.44 6.22 4.37 3.51 5.72 6.54 4.16
8.20 9.86 6.70 1.71 4.74 7.51 4.88 7.91 8.63 6.54
2.06 1.86 1.22 8.79 9.80 1.78 5.99 3.53 7.99 1.78
2.85 3.16 2.92 5.21 4.53 9.03 2.54 5.27 8.14 4.10
4.55 6.44 2.59 9.26 3.23 2.50 5.29 4.83 8.90 6.54
3.34 7.15 3.05 3.71 7.10 1.60 4.50 8.61 3.49 9.14
8.65 1.04 3.32 3.38 1.94 2.28 9.18 5.93 1.59 9.82
8.24 7.37 1.30 5.29 4.30 6.80 8.88 8.89 4.90 5.33
1.29 2.42 7.89 5.37 4.53 8.27 8.57 1.09 1.02 3.75
2.91 2.15 9.84 1.49 9.48 3.09 6.57 7.64 5.39 7.27
1.50 1.02 2.64 2.25 5.02 9.53 2.99 8.38 1.67 3.27
9.60 4.48 2.97 6.09 5.81 5.59 1.06 6.24 1.66 1.63
8.49 9.73 9.39 9.92 8.46 4.40 7.93 2.77 7.23 3.87
5.61 1.13 9.71 1.17 7.39 8.99 6.84 7.55 4.58 8.08
7.34 2.81 9.83 2.55 8.90 2.10 2.50 6.94 2.11 7.34
7.38 9.97 8.11 2.78 6.12 1.60 6.14 5.97 5.87 8.21
2.52 9.03 9.77 1.64 4.55 7.72 5.43 2.45 4.06 2.93
3.59 6.42 3.41 9.13 9.19 9.34 5.90 8.40 7.77 3.04
8.46 4.77 8.96 5.08 7.49 1.98 5.21 4.39 5.97 2.35
1.93 6.31 6.27 2.12 5.22 7.07 6.65 7.71 2.91 7.74
8.10 7.52 2.61 8.34 5.62 6.09 9.72 9.68 9.53 7.43
4.65 2.26 3.99 6.50 7.29 2.49 1.49 4.94 8.98 7.81
6.74 3.42 9.07 2.96 8.12 9.77 7.22 2.90 7.39 1.69
2.76 7.15 9.47 3.23 3.80 9.99 3.33 9.76 9.82 9.47
5.92 7.71 9.48 8.06 9.02 2.11 2.12 3.39 1.57 2.21
9.50 9.11 4.75 4.48 1.11 1.99 3.56 8.54 1.70 4.08
8.73 1.27 3.48 9.74 2.93 8.38 1.21 6.62 3.86 9.28
7.09 7.16 2.29 3.80 2.64 7.97 4.69 1.45 2.06 5.49
2.29 9.41 3.37 2.91 5.54 6.01 1.23 1.52 2.62 3.34
8.12 5.23 3.85 3.54 2.90 8.01 6.25 4.98 3.29 1.72
8.43 7.42 7.19 3.93 8.13 3.61 5.22 3.56 2.45 3.82
8.73 9.78 6.87 7.98 8.44 4.86 2.99 4.29 2.98 2.42
9.00 4.02 1.95 4.08 7.82 9.48 6.37 1.18 7.02 2.47
5.69 9.63 2.51 6.56 5.94 7.23 7.32 4.37 9.76 5.65
4.82 2.35 6.02 5.19 4.89 6.11 3.33 8.98 5.76 2.79
4.15 2.34 8.99 1.48 4.24 9.08 3.43 7.37 4.60 8.58
5.69 8.85 3.51 4.27 6.80 2.98 2.28 4.51 6.97 3.60
1.02 9.01 5.71 1.82 8.04 7.99 1.84 3.93 7.67 4.66
8.33 3.25 6.81 3.24 5.50 8.27 6.95 8.85 7.39 4.00
2.76 5.45 8.83 7.22 3.05 9.83 7.78 7.00 1.75 7.96
1.92 1.08 1.56 5.99 7.94 4.37 1.87 7.28 9.57 7.60
6.27 5.61 7.97 8.74 5.59 8.29 6.39 9.48 4.34 1.70
9.58 8.11 4.40 4.28 1.64 3.15 1.18 9.39 1.58 3.97
6.93 6.75 5.11 5.50 5.90 1.65 3.92 5.05 8.71 6.70
9.27 5.26 5.48 3.16 8.51 6.49 8.70 2.39 6.81 2.16
4.58 2.51 1.89 1.45 2.45 4.65 8.44 5.72 8.12 2.78
5.38 9.58 5.80 4.44 7.22 7.26 5.85 9.77 9.29 1.02
5.86 8.67 7.97 4.17 1.21 6.53 3.82 2.04 9.76 7.31
3.01 1.91 3.96 9.94 3.76 3.23 7.57 6.73 6.29 5.60
1.54 8.07 3.39 8.59 9.70 8.64 3.82 5.37 1.94 1.93
5.13 8.73 5.55 6.96 9.79 1.23 5.86 6.57 2.87 7.43
5.40 7.21 4.67 2.23 9.63 1.72 2.61 7.66 7.74 9.72
5.10 4.54 8.12 8.25 9.71 3.10 1.24 6.78 9.67 1.75
9.35 5.07 9.07 6.24 7.92 1.27 4.88 7.82 9.28 3.87
2.86 7.18 9.20 7.58 2.98 9.01 5.77 9.51 2.16 3.23
7.82 1.67 2.46 3.91 1.14 8.71 5.95 8.17 5.68 6.93
8.35 1.85 5.26 1.10 5.89 9.62 2.83 6.79 3.67 6.96
8.63 5.38 5.38 7.39 8.49 5.78 4.36 2.72 4.71 8.73
2.58 6.11 9.33 7.62 8.36 4.42 4.30 4.49 8.29 7.29
5.02 7.46 7.40 2.40 5.56 3.05 8.54 5.07 1.78 8.66
3.88 2.14 2.52 9.41 5.48 7.74 3.09 3.59 3.18 6.02
3.09 3.22 6.59 7.76 7.93 6.17 5.47 4.90 6.62 8.93
9.41 5.44 8.50 8.73 4.48 2.10 4.46 3.23 2.46 4.66
1.89 7.80 2.87 7.11 3.90 9.87 7.37 6.21 5.11 1.94
5.49 1.66 2.57 3.99 3.47 2.21 1.31 8.47 2.47 1.09
1.06 8.26 9.89 3.50 8.49 3.74 4.37 2.70 9.47 5.63
6.45 4.48 6.23 1.24 5.71 3.27 2.42 8.56 4.57 7.60
9.99 4.63 5.68 4.08 8.46 9.04 4.84 6.43 2.59 5.71
1.73 3.56 2.78 1.87 7.00 1.66 3.80 1.66 7.53 4.71
9.97 1.09 8.52 1.98 5.98 5.73 5.13 8.94 7.52 3.80
3.09 7.73 1.93 4.42 7.93 7.44 8.15 8.66 5.08 1.40
9.17 9.53 6.14 2.23 8.23 4.84 5.35 8.64 5.62 6.75
3.95 2.29 4.26 4.78 5.08 3.10 5.08 3.83 6.69 7.35
2.32 9.15 9.40 2.59 3.39 7.42 8.02 3.85 3.23 9.63
1.49 5.55 4.74 1.49 4.21 5.08 8.55 1.00 6.07 6.28
3.26 7.57 9.86 1.24 1.63 5.03 5.60 8.61 3.72 6.84
6.25 7.74 1.78 3.80 4.34 3.65 1.93 8.04 7.49 5.78
2.14 9.47 9.25 2.89 7.70 4.31 3.56 3.88 6.04 3.35
8.89 7.59 5.54 1.73 8.78 7.60 2.62 8.11 6.68 6.27
9.79 8.86 6.64 8.44 9.28 1.82 8.04 8.54 7.70 7.40
8.26 9.95 1.58 3.51 9.05 1.97 4.34 6.12 8.72 1.38
3.51 6.02 1.45 8.02 7.96 8.34 7.34 8.44 7.43 8.87
3.84 1.45 4.94 7.18 6.17 8.26 4.20 7.44 1.82 3.56
4.75 7.87 4.84 2.18 4.41 4.51 7.09 9.30 1.42 5.44
3.26 4.68 4.65 6.57 4.89 7.99 3.71 1.26 8.22 6.31
2.11 3.62 2.58 2.39 5.25 6.01 1.11 5.28 3.84 8.22
6.58 1.28 1.23 4.72 1.58 1.37 4.06 5.49 4.38 9.33
1.20 4.46 5.31 2.63 1.27 1.53 5.82 7.53 4.63 1.39
1.28 4.50 8.51 2.57 3.39 4.64 5.64 1.77 3.47 4.33
9.51 3.03 2.43 9.83 9.92 4.67 5.80 4.70 8.72 9.11
6.48 6.52 5.84 4.20 4.99 9.03 8.66 8.97 3.28 1.39
6.24 4.97 1.08 2.43 2.13 4.59 3.29 2.48 3.83 8.19
3.47 8.90 9.69 5.89 9.13 2.90 3.55 2.94 3.90 7.82
2.92 9.78 3.42 5.62 7.48 4.08 9.64 4.44 5.66 7.91
9.24 9.81 4.35 8.71 2.09 7.59 2.65 4.51 5.02 6.35
1.46 5.61 4.05 2.50 3.44 8.89 9.59 9.85 1.12 8.40
9.91 3.98 4.14 5.04 9.61 6.77 4.48 8.54 5.06 8.76
8.34 5.82 6.31 6.41 3.36 8.15 7.47 4.33 3.61 9.99
1.91 3.38 1.34 4.60 7.30 2.58 7.73 7.12 2.15 2.33
8.64 7.23 9.95 2.99 9.18 1.35 4.30 6.27 2.11 8.67
3.01 2.07 6.56 5.25 7.29 3.07 7.20 6.21 3.98 5.85
7.44 7.32 9.45 9.24 4.55 6.14 8.17 4.25 9.25 3.93
4.58 9.69 4.85 1.32 6.45 4.34 8.44 7.54 1.73 8.39
9.38 3.92 7.54 8.07 4.53 4.65 9.68 4.51 4.02 9.37
2.34 5.09 6.92 3.16 7.23 4.73 2.32 4.63 7.45 5.35
4.74 2.30 4.77 7.57 8.06 8.96 2.69 5.50 5.35 1.08
7.88 4.71 2.74 6.39 9.79 8.06 1.15 6.94 8.84 2.74
6.39 8.39 9.37 2.03 8.68 8.66 1.66 8.50 4.53 7.66
2.88 1.97 3.70 7.59 3.60 1.48 7.53 1.72 7.55 7.85
3.62 9.14 5.56 6.53 4.65 5.34 7.91 3.43 2.89 9.23
1.59 5.71 7.67 5.13 7.50 5.58 6.04 9.62 3.96 3.66
3.55 5.66 1.60 8.54 8.65 6.87 2.60 5.16 7.38 2.99
7.14 1.44 3.53 4.02 3.82 4.01 5.78 9.46 3.26 7.56
5.04 8.91 2.93 3.05 3.26 1.61 2.57 4.22 5.78 5.76
2.04 2.57 8.73 9.60 8.99 6.20 7.05 7.18 8.28 7.35
6.37 7.66 6.91 3.31 9.96 3.69 6.18 2.76 1.68 6.82
2.78 2.80 5.71 7.00 4.58 1.86 7.70 9.28 7.66 7.20
8.66 9.47 2.45 1.35 4.30 2.65 5.25 2.97 6.67 5.20
4.57 7.07 3.79 1.43 1.57 1.15 3.78 4.82 4.73 9.14
3.45 6.47 8.28 8.14 3.67 4.90 9.75 2.88 1.38 3.42
4.01 6.40 5.88 7.64 8.63 9.95 6.00 7.65 3.32 5.77
1.56 2.25 5.56 2.97 4.34 2.43 3.24 9.17 2.82 6.58
5.72 7.70 3.14 6.21 4.79 3.19 5.68 3.52 1.89 1.60
5.82 9.22 4.20 9.29 9.08 3.07 1.24 9.87 6.60 6.54
4.49 4.91 6.64 7.26 2.47 8.79 2.07 1.07 5.25 1.99
3.31 2.62 7.79 3.94 3.52 4.92 6.19 9.39 8.35 4.96
8.40 8.68 2.95 3.16 8.80 4.46 3.07 4.82 1.92 4.06
3.34 6.06 6.98 5.79 3.94 3.51 2.25 3.70 1.42 4.00
8.29 3.68 3.59 9.03 6.14 7.72 8.68 8.10 1.71 1.84
5.67 9.69 4.46 5.59 5.28 8.66 5.16 4.91 4.15 9.97
7.00 1.30 9.78 3.77 9.68 4.45 7.67 9.50 5.34 5.61
2.09 4.27 2.20 5.62 6.03 3.73 3.94 7.04 4.91 9.47
3.35 9.82 7.64 3.88 4.05 8.48 4.57 5.01 8.44 4.59
4.31 4.15 7.34 3.16 1.54 6.38 7.76 7.66 1.01 4.87
9.94 2.64 4.98 9.44 3.82 8.27 1.61 8.34 9.80 5.11
1.39 8.98 4.66 9.21 6.45 1.16 8.03 4.78 4.97 5.31
2.64 5.20 6.83 3.35 5.01 5.62 3.48 3.31 9.53 4.82
1.37 1.24 4.67 8.60 9.39 1.95 3.66 8.17 7.21 1.28
6.79 8.96 4.00 2.10 7.10 6.37 7.04 9.11 8.07 5.49
2.53 9.25 5.25 1.30 8.46 7.68 8.30 5.54 7.65 1.26
4.97 6.41 9.74 7.81 5.98 7.02 7.90 7.29 8.36 2.43
8.50 6.93 9.55 4.53 9.75 6.54 5.56 6.62 6.58 1.83
5.53 3.21 7.01 9.29 7.55 7.63 4.19 3.33 2.37 7.96
1.90 9.68 8.12 5.59 8.79 5.14 9.16 4.71 1.16 3.00
3.34 8.33 1.43 9.78 6.25 2.56 7.30 3.99 7.72 5.46
6.36 6.08 6.97 7.99 3.07 1.13 7.31 5.57 9.95 9.06
2.81 6.65 2.31 5.55 4.77 8.08 4.10 3.91 9.99 5.91
9.60 8.28 4.54 1.52 6.75 7.70 8.68 5.25 8.59 6.51
6.21 4.81 2.57 2.53 4.15 3.36 6.86 1.32 6.54 1.05
4.45 5.83 4.24 5.11 2.52 6.55 6.46 7.29 5.55 1.64
3.14 5.48 3.80 1.86 3.68 7.78 9.77 2.24 1.24 7.46
4.02 4.47 4.58 6.35 3.01 1.83 2.88 5.84 6.56 4.38
2.43 4.90 6.44 7.21 9.44 1.30 9.59 6.92 1.61 9.85
1.19 4.09 6.82 6.78 4.53 3.08 8.22 1.92 9.81 4.12
5.76 2.33 5.67 9.65 6.27 7.98 5.81 2.81 1.07 4.42
9.84 6.90 3.82 7.85 1.88 5.69 1.14 4.84 2.10 4.19
5.47 9.78 7.11 6.06 9.41 1.93 3.18 3.32 6.90 2.35
6.88 6.49 4.51 2.06 5.43 6.65 5.47 7.27 1.42 5.01
9.01 5.12 2.69 2.17 5.35 7.10 9.58 5.31 6.40 6.72
4.31 2.06 2.76 1.89 9.24 4.08 1.69 1.40 8.74 5.52
3.17 3.18 3.76 4.03 6.40 5.17 2.32 6.19 9.89 3.98
8.55 7.13 6.37 9.88 9.26 2.23 1.80 1.99 3.13 7.73
5.20 1.32 2.23 4.38 9.11 4.43 3.95 3.86 3.52 9.31
6.48 5.94 3.60 8.54 9.31 3.69 1.90 9.25 9.06 4.50
1.01 4.56 3.47 5.94 4.59 1.57 8.46 4.56 7.69 8.88
8.88 8.02 6.16 5.94 4.98 6.70 9.42 4.14 6.45 8.37
7.76 2.61 1.58 1.04 3.65 5.92 8.61 7.86 5.86 6.29
2.38 7.15 5.65 9.21 6.37 4.04 1.57 6.26 8.13 2.25
8.97 2.83 2.82 5.39 5.21 2.67 2.26 1.80 1.34 4.64
9.16 8.28 5.59 2.56 2.49 9.09 2.49 6.84 9.10 6.83
9.45 7.84 3.52 7.94 5.24 5.38 6.01 4.57 8.25 5.72
5.52 4.04 1.97 5.23 9.32 7.30 6.42 3.80 4.90 4.61
8.80 8.23 1.39 1.90 1.02 6.54 9.84 8.97 2.84 4.49
4.01 3.80 6.39 3.27 8.35 4.66 4.21 7.46 9.79 6.98
7.27 5.69 8.18 9.40 5.50 7.26 9.05 2.68 7.17 1.97
3.85 5.10 8.80 7.94 2.63 3.03 3.42 8.72 1.72 3.82
7.79 9.79 2.16 6.59 5.31 7.22 7.32 9.01 6.44 9.32
6.88 8.47 4.77 2.51 1.08 6.30 4.25 8.27 3.94 7.27
5.35 8.68 4.13 7.89 8.26 1.56 7.65 2.19 7.83 6.74
1.12 8.04 9.93 2.92 3.95 3.23 8.61 1.29 5.43 6.04
5.70 3.55 7.77 7.70 7.84 4.44 2.17 1.89 9.00 7.91
8.40 7.50 2.35 5.30 7.35 8.57 4.12 4.67 9.79 4.80
4.59 8.13 4.50 3.49 4.57 6.20 8.86 8.13 6.26 2.97
8.30 4.76 4.10 1.16 6.74 5.18 9.98 5.97 8.97 2.13
4.98 9.81 6.32 4.95 6.97 2.91 1.14 4.99 9.80 7.58
1.95 8.26 9.67 6.26 7.43 2.49 3.96 9.72 7.47 5.54
9.92 1.03 3.44 6.48 2.07 5.31 4.98 2.85 1.73 3.28
7.33 8.02 4.81 1.22 8.21 6.94 3.29 9.92 5.56 4.64
1.15 7.06 8.47 6.73 9.61 7.29 2.28 1.78 8.38 3.28
5.33 2.13 3.02 2.82 3.57 1.13 7.25 7.31 8.45 6.48
6.73 7.20 2.00 1.18 7.34 2.47 8.73 8.49 5.75 9.76
8.64 2.53 6.76 3.10 8.17 3.63 3.77 2.47 8.98 6.79

Demandas:
0 0 0 1 0 0
0 1 0 0 0 0
0 0 0 0 0 1
0 0 1 0 0 0
0 0 0 1 0 0
1 0 0 0 0 0
0 0 0 1 0 0
0 1 0 0 0 0
0 0 0 0 1 0
0 0 1 0 0 0
1 0 0 0 0 0
1 0 0 0 0 0
0 1 0 0 0 0
0 1 0 0 0 0
0 1 0 0 0 0
0 1 0 0 0 0
0 0 0 0 0 1
0 0 0 0 1 0
0 0 0 1 0 0
1 0 0 0 0 0
1 0 0 0 0 0
0 1 0 0 0 0
0 0 1 0 0 0
0 0 0 1 0 0
0 0 0 0 0 1
0 0 0 0 1 0
0 1 0 0 0 0
0 0 0 0 1 0
0 0 0 0 1 0
0 1 0 0 0 0
0 0 0 0 0 1
0 0 1 0 0 0
0 0 0 1 0 0
0 0 0 1 0 0
0 0 1 0 0 0
1 0 0 0 0 0
1 0 0 0 0 0
0 0 0 1 0 0
0 0 0 0 0 1
0 1 0 0 0 0
1 0 0 0 0 0
0 0 0 0 0 1
0 0 0 1 0 0
0 0 0 1 0 0
0 1 0 0 0 0
0 0 0 0 0 1
0 0 0 1 0 0
0 0 0 0 0 1
1 0 0 0 0 0
0 0 0 0 0 1
0 0 0 0 0 1
0 0 1 0 0 0
0 0 1 0 0 0
0 0 1 0 0 0
0 0 1 0 0 0
1 0 0 0 0 0
0 0 0 1 0 0
0 0 1 0 0 0
0 0 1 0 0 0
0 0 0 1 0 0
0 0 0 0 1 0
0 0 0 0 1 0
0 0 0 1 0 0
0 0 0 0 1 0
0 0 0 0 0 1
0 0 0 0 1 0
0 0 0 0 1 0
0 0 1 0 0 0
1 0 0 0 0 0
0 1 0 0 0 0
0 0 0 0 1 0
0 0 1 0 0 0
0 0 0 0 0 1
0 1 0 0 0 0
0 0 0 1 0 0
0 0 0 0 1 0
0 0 0 0 0 1
0 1 0 0 0 0
0 0 0 0 1 0
0 0 0 0 0 1
0 0 0 1 0 0
0 1 0 0 0 0
0 1 0 0 0 0
0 0 0 0 1 0
0 1 0 0 0 0
0 1 0 0 0 0
1 0 0 0 0 0
0 0 1 0 0 0
0 0 0 0 1 0
0 0 0 1 0 0
1 0 0 0 0 0
0 0 0 0 0 1
0 0 0 0 1 0
0 0 1 0 0 0
0 0 0 1 0 0
0 0 0 0 1 0
0 0 0 0 0 1
0 0 0 1 0 0
0 0 1 0 0 0
0 0 0 1 0 0
0 0 0 0 1 0
0 0 0 0 1 0
0 1 0 0 0 0
0 0 0 0 0 1
0 0 0 0 0 1
0 0 1 0 0 0
0 1 0 0 0 0
0 0 0 0 0 1
0 0 0 1 0 0
0 0 0 0 0 1
0 0 0 1 0 0
0 0 1 0 0 0
0 0 0 0 1 0
0 1 0 0 0 0
0 0 0 1 0 0
0 0 0 0 0 1
0 1 0 0 0 0
0 0 0 0 1 0
0 0 1 0 0 0
0 1 0 0 0 0
0 0 0 1 0 0
1 0 0 0 0 0
0 0 0 0 0 1
0 0 1 0 0 0
1 0 0 0 0 0
0 0 0 0 1 0
0 0 0 0 0 1
0 0 0 0 1 0
0 1 0 0 0 0
0 1 0 0 0 0
1 0 0 0 0 0
0 0 0 1 0 0
0 1 0 0 0 0
0 1 0 0 0 0
1 0 0 0 0 0
1 0 0 0 0 0
0 0 1 0 0 0
0 0 0 1 0 0
0 0 1 0 0 0
0 0 0 1 0 0
0 0 1 0 0 0
0 1 0 0 0 0
0 0 0 1 0 0
0 0 1 0 0 0
0 0 0 0 0 1
1 0 0 0 0 0
1 0 0 0 0 0
0 0 0 0 1 0
0 0 0 0 0 1
0 0 1 0 0 0
0 0 0 0 1 0
1 0 0 0 0 0
0 0 0 0 1 0
0 0 0 1 0 0
0 0 0 1 0 0
1 0 0 0 0 0
0 0 0 0 0 1
0 0 0 0 1 0
0 0 0 0 1 0
0 0 0 0 0 1
0 0 0 0 0 1
0 1 0 0 0 0
0 0 0 0 1 0
0 0 1 0 0 0
0 0 1 0 0 0
0 1 0 0 0 0
0 0 1 0 0 0
0 0 0 0 0 1
0 0 0 1 0 0
0 0 0 1 0 0
0 0 0 0 0 1
0 0 1 0 0 0
0 0 0 0 0 1
0 0 1 0 0 0
0 0 0 0 1 0
0 0 0 1 0 0
0 0 0 1 0 0
0 0 0 0 1 0
0 1 0 0 0 0
0 0 0 0 0 1
1 0 0 0 0 0
1 0 0 0 0 0
0 0 1 0 0 0
0 0 1 0 0 0
0 0 0 1 0 0
1 0 0 0 0 0
0 1 0 0 0 0
1 0 0 0 0 0
0 0 0 1 0 0
0 0 1 0 0 0
1 0 0 0 0 0
1 0 0 0 0 0
0 0 0 0 0 1
0 0 0 0 0 1
0 0 0 0 1 0
0 0 0 1 0 0
1 0 0 0 0 0
0 1 0 0 0 0
0 0 0 1 0 0
0 0 0 0 1 0
0 1 0 0 0 0
0 0 0 0 1 0
0 1 0 0 0 0
0 0 0 0 0 1
1 0 0 0 0 0
0 0 0 0 1 0
0 1 0 0 0 0
0 1 0 0 0 0
1 0 0 0 0 0
1 0 0 0 0 0
0 0 0 0 0 1
0 1 0 0 0 0
0 0 0 0 1 0
0 0 1 0 0 0
0 0 1 0 0 0
0 0 0 0 1 0
1 0 0 0 0 0
0 0 1 0 0 0
1 0 0 0 0 0
0 0 0 1 0 0
0 0 0 0 1 0
0 0 0 0 1 0
0 0 1 0 0 0
0 0 0 0 1 0
0 1 0 0 0 0
1 0 0 0 0 0
0 0 1 0 0 0
0 0 0 1 0 0
1 0 0 0 0 0
0 1 0 0 0 0
0 0 1 0 0 0
0 0 0 0 1 0
0 0 1 0 0 0
0 0 1 0 0 0
0 0 0 1 0 0
0 0 1 0 0 0
0 1 0 0 0 0
0 0 1 0 0 0
0 0 0 0 1 0
1 0 0 0 0 0
0 0 1 0 0 0
0 0 1 0 0 0
1 0 0 0 0 0
0 0 0 1 0 0
0 0 1 0 0 0
1 0 0 0 0 0
0 0 1 0 0 0
1 0 0 0 0 0
0 0 0 0 1 0
0 0 0 0 1 0
0 0 0 0 0 1
0 0 0 0 1 0
1 0 0 0 0 0
0 0 0 0 0 1
1 0 0 0 0 0
1 0 0 0 0 0
0 0 0 0 1 0
0 0 0 0 0 1
0 0 0 0 1 0
0 0 0 1 0 0
0 1 0 0 0 0
0 0 0 0 0 1
1 0 0 0 0 0
1 0 0 0 0 0
1 0 0 0 0 0
0 0 0 1 0 0
1 0 0 0 0 0
0 0 0 0 0 1
0 0 0 0 0 1
1 0 0 0 0 0
0 0 0 1 0 0
1 0 0 0 0 0
1 0 0 0 0 0
0 0 1 0 0 0
1 0 0 0 0 0
0 1 0 0 0 0
0 0 0 0 0 1
1 0 0 0 0 0
0 0 0 0 1 0
0 0 0 0 1 0
0 0 0 0 1 0
0 0 1 0 0 0
0 1 0 0 0 0
1 0 0 0 0 0
0 0 0 1 0 0
1 0 0 0 0 0
0 0 1 0 0 0
1 0 0 0 0 0
0 0 1 0 0 0
0 1 0 0 0 0
0 0 0 0 0 1
1 0 0 0 0 0
0 0 1 0 0 0
0 0 1 0 0 0
0 1 0 0 0 0
0 0 0 0 0 1
1 0 0 0 0 0
0 0 1 0 0 0
0 0 1 0 0 0
1 0 0 0 0 0
0 0 0 0 1 0
0 0 1 0 0 0
0 0 0 0 0 1
1 0 0 0 0 0
0 0 0 0 1 0
0 1 0 0 0 0
1 0 0 0 0 0
0 0 0 1 0 0
0 0 0 0 0 1
0 1 0 0 0 0
0 1 0 0 0 0
1 0 0 0 0 0
0 0 1 0 0 0
0 0 0 0 1 0
0 1 0 0 0 0
0 1 0 0 0 0
0 0 0 0 0 1
0 0 0 0 0 1
0 0 0 0 1 0
0 0 0 0 1 0
0 0 1 0 0 0
0 0 0 0 0 1
0 0 0 1 0 0
1 0 0 0 0 0
1 0 0 0 0 0
1 0 0 0 0 0
0 0 1 0 0 0
1 0 0 0 0 0
0 1 0 0 0 0
0 0 1 0 0 0
0 0 1 0 0 0
1 0 0 0 0 0
1 0 0 0 0 0
1 0 0 0 0 0
0 0 0 0 1 0
1 0 0 0 0 0
0 0 1 0 0 0
0 0 1 0 0 0
1 0 0 0 0 0
0 0 0 1 0 0
1 0 0 0 0 0
0 0 0 0 1 0
0 0 0 1 0 0
0 0 0 0 1 0
0 0 0 0 0 1
0 0 1 0 0 0
0 0 0 0 1 0
0 0 1 0 0 0
0 1 0 0 0 0
0 1 0 0 0 0
1 0 0 0 0 0
1 0 0 0 0 0
0 0 1 0 0 0
0 0 0 0 0 1
0 0 1 0 0 0
0 0 0 1 0 0
0 1 0 0 0 0
1 0 0 0 0 0
0 0 0 1 0 0
0 1 0 0 0 0
0 0 0 0 0 1
1 0 0 0 0 0
0 0 0 0 1 0
0 0 0 0 1 0
0 0 0 1 0 0
0 0 0 0 0 1
0 1 0 0 0 0
1 0 0 0 0 0
0 0 1 0 0 0
0 0 1 0 0 0
1 0 0 0 0 0
0 0 0 0 0 1
0 0 0 0 1 0
0 1 0 0 0 0
0 0 0 1 0 0
0 0 1 0 0 0
0 0 0 0 1 0
0 0 0 0 0 1
1 0 0 0 0 0
0 1 0 0 0 0
1 0 0 0 0 0
0 0 0 0 0 1
0 0 0 0 0 1
0 0 0 0 1 0
0 1 0 0 0 0
0 0 0 1 0 0
0 0 1 0 0 0
0 0 0 0 0 1
0 0 0 0 1 0
0 0 1 0 0 0
0 0 0 0 1 0
0 0 0 1 0 0
1 0 0 0 0 0
0 0 1 0 0 0
0 0 0 0 1 0
0 0 0 0 1 0
0 0 0 0 1 0
1 0 0 0 0 0
0 0 0 0 1 0
0 0 0 0 1 0
0 0 0 0 1 0
0 0 0 0 0 1
0 0 0 1 0 0
0 0 0 0 0 1
1 0 0 0 0 0
0 1 0 0 0 0
0 0 0 0 0 1
1 0 0 0 0 0
0 0 0 0 0 1
0 0 0 1 0 0
1 0 0 0 0 0
1 0 0 0 0 0
1 0 0 0 0 0
0 0 1 0 0 0
0 0 0 1 0 0
0 0 1 0 0 0
0 0 0 0 1 0
0 0 1 0 0 0
0 0 1 0 0 0
1 0 0 0 0 0
0 1 0 0 0 0
0 1 0 0 0 0
0 0 1 0 0 0
0 0 1 0 0 0
0 1 0 0 0 0
0 0 0 1 0 0
0 0 0 0 0 1
0 0 0 0 0 1
0 0 0 0 1 0
0 0 0 1 0 0
0 0 0 1 0 0
1 0 0 0 0 0
0 0 0 0 1 0
0 0 0 0 0 1
1 0 0 0 0 0
0 0 1 0 0 0
1 0 0 0 0 0
0 0 1 0 0 0
1 0 0 0 0 0
0 0 0 1 0 0
1 0 0 0 0 0
0 0 0 0 0 1
0 1 0 0 0 0
0 0 1 0 0 0
1 0 0 0 0 0
0 0 0 1 0 0
0 1 0 0 0 0
0 0 0 0 0 1
0 0 0 1 0 0
0 0 0 1 0 0
0 1 0 0 0 0
0 0 1 0 0 0
1 0 0 0 0 0
0 0 0 1 0 0
0 0 0 0 1 0
0 0 0 0 0 1
0 0 1 0 0 0
0 0 1 0 0 0
1 0 0 0 0 0
0 1 0 0 0 0
0 0 0 1 0 0
0 0 0 1 0 0
0 1 0 0 0 0
1 0 0 0 0 0
1 0 0 0 0 0
0 0 1 0 0 0
0 0 0 1 0 0
0 0 0 0 0 1
0 0 0 0 0 1
0 0 0 0 1 0
0 0 0 1 0 0
0 0 0 0 1 0
0 0 0 0 1 0
1 0 0 0 0 0
0 0 0 1 0 0
0 0 0 0 0 1
0 0 1 0 0 0
0 1 0 0 0 0
0 0 1 0 0 0
0 0 0 0 1 0
0 0 0 0 0 1
0 0 0 1 0 0
0 0 0 0 0 1
0 0 0 1 0 0
0 1 0 0 0 0
1 0 0 0 0 0
0 0 0 0 1 0
0 0 1 0 0 0
0 0 1 0 0 0
0 0 0 0 0 1
0 0 0 0 0 1
1 0 0 0 0 0
1 0 0 0 0 0
0 0 0 0 0 1
0 0 0 0 0 1
0 0 0 0 0 1
0 0 0 1 0 0
0 0 0 0 1 0
0 0 1 0 0 0
0 0 0 0 1 0
1 0 0 0 0 0
0 1 0 0 0 0
0 1 0 0 0 0
0 0 0 0 0 1
1 0 0 0 0 0
0 0 0 0 1 0
1 0 0 0 0 0
0 0 0 0 0 1
0 0 0 0 1 0
0 1 0 0 0 0
0 0 0 0 1 0
0 0 0 0 1 0
1 0 0 0 0 0
0 1 0 0 0 0
0 0 0 0 1 0
0 0 0 0 0 1
0 0 0 0 0 1
0 0 0 1 0 0
0 0 0 1 0 0
0 0 1 0 0 0
0 0 0 0 0 1
0 0 0 0 0 1
0 0 0 0 0 1
0 0 0 1 0 0
0 1 0 0 0 0
1 0 0 0 0 0
0 1 0 0 0 0
0 0 0 0 1 0
0 0 0 0 0 1
0 0 0 1 0 0
0 0 1 0 0 0
0 0 0 1 0 0
0 0 0 0 1 0
0 1 0 0 0 0
1 0 0 0 0 0
0 0 0 0 0 1
0 1 0 0 0 0
0 0 0 0 0 1
0 0 0 0 1 0
0 0 1 0 0 0
0 0 0 0 0 1
1 0 0 0 0 0
0 0 0 0 0 1
0 0 0 1 0 0
0 0 0 1 0 0
0 0 1 0 0 0
0 0 0 0 0 1
0 0 0 0 1 0
0 0 1 0 0 0
0 0 0 0 1 0
0 1 0 0 0 0
0 1 0 0 0 0
1 0 0 0 0 0
1 0 0 0 0 0
0 1 0 0 0 0
0 0 0 0 0 1
0 0 1 0 0 0
0 0 1 0 0 0
0 1 0 0 0 0
0 0 0 0 0 1
0 0 0 0 1 0
1 0 0 0 0 0
0 0 0 0 0 1
0 0 0 0 0 1
0 0 0 0 1 0
0 0 0 1 0 0
0 0 0 1 0 0
0 0 0 0 1 0
0 1 0 0 0 0
0 0 0 1 0 0
0 0 0 0 0 1
0 0 0 1 0 0
0 0 0 0 1 0
1 0 0 0 0 0
0 0 1 0 0 0
0 0 1 0 0 0
0 0 0 0 1 0
0 0 1 0 0 0
0 0 0 1 0 0
0 0 1 0 0 0
0 0 0 1 0 0
0 0 0 0 1 0
1 0 0 0 0 0
0 0 0 0 0 1
0 0 1 0 0 0
0 1 0 0 0 0
0 0 1 0 0 0
0 1 0 0 0 0
0 1 0 0 0 0
0 1 0 0 0 0
0 0 1 0 0 0
0 1 0 0 0 0
0 0 0 1 0 0
0 1 0 0 0 0
0 0 0 0 1 0
0 0 1 0 0 0
0 0 0 0 0 1
0 0 0 1 0 0
0 0 1 0 0 0
0 0 0 0 0 1
0 0 0 0 1 0
0 0 0 1 0 0
0 0 0 1 0 0
0 0 0 0 0 1
0 0 0 1 0 0
1 0 0 0 0 0
0 0 0 1 0 0
0 0 0 0 1 0
0 1 0 0 0 0
0 0 1 0 0 0
0 0 0 0 1 0
0 1 0 0 0 0
0 1 0 0 0 0
0 0 0 0 0 1
0 0 1 0 0 0
0 0 0 0 0 1
0 1 0 0 0 0
1 0 0 0 0 0
0 0 0 1 0 0
0 0 0 0 0 1
1 0 0 0 0 0
0 0 0 1 0 0
0 0 1 0 0 0
0 0 0 0 1 0
0 0 0 1 0 0
0 0 0 0 1 0
0 1 0 0 0 0
1 0 0 0 0 0
0 0 0 1 0 0
0 0 0 0 0 1
0 0 0 1 0 0
0 0 0 0 1 0
0 0 0 0 1 0
0 0 0 1 0 0
1 0 0 0 0 0
0 0 0 0 1 0
0 0 1 0 0 0
0 0 1 0 0 0
0 1 0 0 0 0
0 0 0 1 0 0
0 1 0 0 0 0
0 1 0 0 0 0
0 0 1 0 0 0
0 1 0 0 0 0
1 0 0 0 0 0
0 0 1 0 0 0
1 0 0 0 0 0
0 0 0 0 0 1
0 0 0 0 1 0
0 0 0 0 1 0
0 0 1 0 0 0
0 0 0 0 1 0
0 1 0 0 0 0
0 1 0 0 0 0
1 0 0 0 0 0
0 0 0 0 1 0
0 0 0 0 0 1
0 0 0 0 1 0
1 0 0 0 0 0
0 0 0 0 1 0
0 0 0 0 0 1
0 0 1 0 0 0
0 1 0 0 0 0
0 0 0 0 0 1
0 0 1 0 0 0
0 0 0 0 0 1
0 0 0 0 1 0
0 1 0 0 0 0
0 0 0 0 0 1
0 0 0 0 0 1
1 0 0 0 0 0
0 1 0 0 0 0
0 0 0 0 1 0
0 0 0 0 0 1
0 0 1 0 0 0
0 0 0 0 1 0
0 0 1 0 0 0
0 0 0 0 0 1
0 1 0 0 0 0
0 0 0 0 1 0
0 0 0 0 0 1
0 0 0 0 1 0
0 0 0 0 1 0
0 0 1 0 0 0
0 1 0 0 0 0
0 1 0 0 0 0
1 0 0 0 0 0
0 0 0 0 0 1
0 1 0 0 0 0
0 0 0 1 0 0
0 0 0 0 1 0
0 0 0 0 1 0
0 1 0 0 0 0
0 1 0 0 0 0
0 0 0 1 0 0
0 0 1 0 0 0
0 0 0 0 0 1
0 0 0 0 0 1
0 1 0 0 0 0
0 1 0 0 0 0
0 0 0 0 1 0
0 0 0 1 0 0
0 0 1 0 0 0
0 0 0 0 1 0
0 0 0 0 1 0
0 0 1 0 0 0
0 1 0 0 0 0
0 0 0 1 0 0
0 0 0 0 1 0
0 1 0 0 0 0
1 0 0 0 0 0
0 1 0 0 0 0
0 0 0 1 0 0
0 0 0 1 0 0
0 0 0 0 0 1
1 0 0 0 0 0
0 0 1 0 0 0
0 1 0 0 0 0
1 0 0 0 0 0
0 0 0 1 0 0
0 0 0 0 0 1
0 1 0 0 0 0
0 0 0 0 0 1
0 0 0 1 0 0
1 0 0 0 0 0
0 0 0 0 0 1
0 0 0 0 0 1
0 1 0 0 0 0
0 0 0 0 0 1
0 1 0 0 0 0
0 0 0 1 0 0
0 0 0 0 1 0
0 0 0 0 0 1
0 0 1 0 0 0
0 0 0 1 0 0
0 0 0 0 0 1
0 0 1 0 0 0
0 0 0 0 1 0
0 0 0 0 0 1
1 0 0 0 0 0
0 0 0 0 0 1
0 1 0 0 0 0
1 0 0 0 0 0
0 0 0 1 0 0
0 0 1 0 0 0
0 0 0 0 0 1
0 0 0 0 0 1
1 0 0 0 0 0
1 0 0 0 0 0
0 0 1 0 0 0
0 1 0 0 0 0
0 0 0 0 1 0
0 0 1 0 0 0
0 0 0 1 0 0
0 0 1 0 0 0
0 0 0 0 0 1
0 0 0 1 0 0
0 0 0 1 0 0
0 0 1 0 0 0
0 0 0 1 0 0
0 0 0 0 0 1
0 0 0 0 1 0
0 0 0 0 1 0
0 0 1 0 0 0
0 0 0 0 0 1
0 0 0 1 0 0
0 1 0 0 0 0
0 0 1 0 0 0
1 0 0 0 0 0
0 0 1 0 0 0
0 1 0 0 0 0
1 0 0 0 0 0
0 0 0 0 0 1
0 0 0 1 0 0
0 0 0 0 0 1
0 0 0 1 0 0
0 0 1 0 0 0
1 0 0 0 0 0
0 1 0 0 0 0
0 0 1 0 0 0
0 0 0 0 1 0
0 0 0 0 0 1
0 0 0 1 0 0
0 0 0 0 1 0
0 0 1 0 0 0
0 0 0 0 0 1
0 0 0 0 1 0
0 0 0 0 1 0
0 1 0 0 0 0
0 0 0 0 0 1
0 0 0 0 0 1
0 0 0 0 0 1
0 0 0 0 1 0
1 0 0 0 0 0
1 0 0 0 0 0
0 0 1 0 0 0
0 0 1 0 0 0
0 0 0 1 0 0
0 0 0 0 0 1
0 0 0 1 0 0
0 0 1 0 0 0
0 0 0 1 0 0
0 0 0 0 0 1
0 0 1 0 0 0
0 0 1 0 0 0
1 0 0 0 0 0
0 0 0 0 1 0
0 0 0 1 0 0
1 0 0 0 0 0
0 0 1 0 0 0
1 0 0 0 0 0
0 0 1 0 0 0
1 0 0 0 0 0
0 0 0 0 1 0
0 0 0 0 1 0
0 0 1 0 0 0
0 0 0 0 0 1
0 0 1 0 0 0
0 0 0 0 1 0
1 0 0 0 0 0
0 0 0 1 0 0
0 0 1 0 0 0
0 1 0 0 0 0
0 0 0 0 0 1
0 0 0 1 0 0
0 0 0 0 1 0
0 0 0 0 0 1
0 1 0 0 0 0
0 0 1 0 0 0
0 0 1 0 0 0
0 0 1 0 0 0
0 0 0 1 0 0
1 0 0 0 0 0
0 0 0 0 1 0
0 0 0 0 0 1
0 0 0 0 1 0
1 0 0 0 0 0
0 0 0 1 0 0
0 0 0 0 0 1
0 0 1 0 0 0
0 0 0 1 0 0
0 0 0 1 0 0
0 0 0 1 0 0
0 1 0 0 0 0
0 1 0 0 0 0
0 0 0 0 0 1
0 0 0 0 1 0
0 1 0 0 0 0
0 0 1 0 0 0
0 1 0 0 0 0
0 0 0 0 1 0
0 1 0 0 0 0
0 0 1 0 0 0
0 0 0 0 0 1
0 0 1 0 0 0
0 0 0 1 0 0
0 0 1 0 0 0
0 0 0 1 0 0
0 0 0 0 0 1
1 0 0 0 0 0
0 0 0 1 0 0
1 0 0 0 0 0
0 1 0 0 0 0
0 0 0 0 0 1
0 0 0 1 0 0
0 1 0 0 0 0
0 0 0 0 0 1
1 0 0 0 0 0
0 1 0 0 0 0
0 1 0 0 0 0
0 0 1 0 0 0
0 0 0 0 0 1
0 0 0 1 0 0
0 0 0 0 1 0
0 1 0 0 0 0
0 0 0 0 0 1
0 0 1 0 0 0
0 0 0 0 1 0
1 0 0 0 0 0
0 0 1 0 0 0
0 0 0 1 0 0
0 0 0 0 0 1
0 0 1 0 0 0
0 1 0 0 0 0
0 1 0 0 0 0
0 0 1 0 0 0
0 0 0 1 0 0
0 0 0 0 1 0
0 0 0 0 0 1
0 0 0 0 0 1
0 0 0 0 0 1
0 0 1 0 0 0
0 0 0 1 0 0
0 0 1 0 0 0
0 0 1 0 0 0
0 0 0 0 1 0
0 0 0 1 0 0
0 0 0 1 0 0
0 0 1 0 0 0
0 0 1 0 0 0
0 0 1 0 0 0
0 0 1 0 0 0
0 0 0 0 1 0
0 0 0 0 1 0
0 1 0 0 0 0
0 0 0 1 0 0
0 0 0 0 1 0
0 0 0 0 1 0
0 0 0 0 1 0
0 1 0 0 0 0
0 1 0 0 0 0
1 0 0 0 0 0
0 0 0 0 1 0
0 0 1 0 0 0
0 1 0 0 0 0
0 0 0 1 0 0
0 0 1 0 0 0
0 0 0 0 1 0
0 1 0 0 0 0
0 0 0 0 1 0
0 0 0 0 0 1
1 0 0 0 0 0
0 1 0 0 0 0
0 1 0 0 0 0
0 0 0 0 1 0
0 1 0 0 0 0
0 0 1 0 0 0
1 0 0 0 0 0
0 0 1 0 0 0
0 0 1 0 0 0
1 0 0 0 0 0
0 1 0 0 0 0
1 0 0 0 0 0
0 0 0 0 1 0
0 0 0 0 1 0
0 0 0 0 1 0
1 0 0 0 0 0
0 0 0 0 0 1
0 0 0 0 1 0
0 1 0 0 0 0
0 0 0 0 1 0
0 0 1 0 0 0
0 0 1 0 0 0
0 0 0 0 1 0
0 0 0 0 1 0
0 0 1 0 0 0
0 1 0 0 0 0
0 0 0 0 1 0
0 0 0 0 0 1
0 0 1 0 0 0
0 1 0 0 0 0
0 0 0 0 0 1
0 0 0 1 0 0
0 0 0 0 0 1
0 0 0 1 0 0
0 0 0 0 1 0
0 0 1 0 0 0
0 0 0 0 0 1
0 1 0 0 0 0
0 0 1 0 0 0
0 0 0 1 0 0
0 0 0 0 1 0
0 0 0 1 0 0
0 1 0 0 0 0
0 0 1 0 0 0
0 1 0 0 0 0
0 0 0 1 0 0
0 0 1 0 0 0
0 0 1 0 0 0
1 0 0 0 0 0
0 1 0 0 0 0
0 0 1 0 0 0
0 1 0 0 0 0
0 0 1 0 0 0
1 0 0 0 0 0
0 0 1 0 0 0
0 0 0 0 1 0
0 0 0 0 0 1
0 0 0 1 0 0
0 0 0 0 0 1
0 0 1 0 0 0
0 1 0 0 0 0
0 0 1 0 0 0
0 0 1 0 0 0
0 1 0 0 0 0
0 0 0 0 1 0
0 0 0 1 0 0
1 0 0 0 0 0
0 0 1 0 0 0
0 1 0 0 0 0
0 0 0 1 0 0
0 0 1 0 0 0
0 0 0 0 1 0
0 0 0 0 1 0
0 0 0 1 0 0
0 0 0 0 1 0
0 0 0 0 1 0
1 0 0 0 0 0
1 0 0 0 0 0
0 1 0 0 0 0

Capacidades:
28 55 53 28 0 33
41 45 36 36 40 42
56 35 0 29 28 0
47 54 27 46 31 43
0 51 37 0 53 40
22 51 45 55 28 31
50 0 31 20 36 57
0 32 58 46 20 37
20 0 33 41 54 24
0 33 49 49 0 58
