m: 500
n: 10
p: 8

Distancias:
9.43 5.13 9.70 1.12 4.24 8.60 8.97 6.84 4.38 5.09
4.48 6.53 6.26 8.48 5.32 3.50 8.46 1.03 9.49 7.71
6.18 7.69 5.26 7.76 8.46 8.91 7.72 5.20 1.82 1.78
6.54 9.07 3.22 4.32 5.83 8.25 5.76 7.20 6.50 9.31
5.21 6.25 4.10 6.73 8.73 7.14 9.04 5.28 2.49 1.26
5.86 1.54 6.30 5.45 9.02 9.48 8.46 9.05 4.25 7.61
1.37 4.97 9.41 9.22 1.02 7.07 4.96 9.19 6.01 2.25
7.52 2.75 8.70 8.60 6.69 3.16 9.28 8.87 2.44 2.35
4.28 5.17 1.97 8.32 7.34 9.36 1.44 8.52 8.93 8.59
9.37 7.41 3.16 9.79 8.17 6.65 1.32 4.85 6.87 8.20
5.63 1.83 6.84 7.63 9.38 5.52 2.11 6.03 9.19 2.95
8.54 8.08 7.31 6.76 6.98 2.68 5.89 8.89 7.85 2.47
1.49 9.21 8.00 4.64 6.02 3.26 7.43 5.01 6.01 3.60
7.68 9.60 5.10 3.34 9.39 2.71 4.12 6.06 8.89 8.40
4.31 8.77 6.48 2.44 6.56 9.89 1.16 7.76 8.18 4.58
3.59 5.00 7.09 4.95 3.09 9.84 9.13 7.32 7.04 9.85
1.52 2.02 5.38 4.10 5.66 4.47 5.77 6.02 2.65 8.92
3.58 6.23 6.11 7.91 6.27 4.90 4.03 5.73 4.05 3.02
8.32 3.33 9.44 7.27 5.36 3.17 9.60 8.56 1.26 7.40
9.76 4.96 3.25 1.13 5.25 7.34 6.96 2.35 1.31 4.33
9.31 9.53 3.31 5.37 2.29 5.09 2.25 6.16 6.17 9.94
7.76 3.01 9.74 9.78 8.74 1.88 1.19 9.96 9.13 3.58
2.36 1.60 1.01 5.76 1.97 9.76 2.85 1.35 6.67 9.71
5.90 3.93 8.13 1.44 5.55 8.51 3.37 4.72 9.98 7.08
1.92 9.81 3.48 2.11 6.32 5.38 4.16 4.78 5.03 4.42
2.06 8.58 6.45 3.01 4.08 1.23 7.95 6.93 2.54 6.38
2.77 9.14 9.19 1.68 8.67 4.60 5.00 6.77 3.11 8.18
6.57 1.47 6.59 3.61 5.07 6.50 6.49 1.64 1.50 7.41
9.28 2.57 4.99 9.52 1.26 4.33 8.28 2.94 6.26 2.68
5.61 9.20 2.93 9.41 4.08 2.08 2.13 6.82 6.26 8.74
7.55 7.39 7.99 6.16 5.36 5.89 3.86 7.95 8.41 1.53
1.55 3.04 4.69 3.33 2.95 8.00 4.64 9.46 1.62 5.56
8.37 6.31 3.93 7.10 3.65 9.31 1.33 2.92 2.86 5.48
5.09 6.27 5.54 9.84 2.56 8.10 1.02 4.97 7.00 4.43
5.43 1.46 1.84 5.99 1.97 8.22 2.70 1.81 3.92 6.51
3.64 3.66 3.36 3.57 6.46 7.16 7.00 7.48 9.02 1.77
5.18 2.83 5.63 2.15 2.28 3.81 2.26 5.71 7.24 4.42
5.53 4.16 4.81 2.09 4.20 4.72 4.42 4.18 4.72 4.99
8.27 5.46 6.46 1.43 9.69 2.78 9.96 4.03 8.15 3.71
5.08 2.65 5.85 9.00 9.68 5.82 2.41 1.86 7.06 9.75
8.36 4.20 1.21 7.49 5.17 8.28 6.46 5.21 6.30 3.24
3.16 9.97 1.80 8.21 4.26 8.00 2.93 2.07 5.42 9.97
8.39 2.84 4.18 5.20 4.07 1.98 6.72 6.51 7.18 3.14
8.10 8.24 6.63 8.01 9.79 9.45 9.85 2.87 6.05 2.78
9.38 3.87 5.38 9.19 4.06 1.75 8.06 9.87 3.24 6.82
8.73 9.82 5.72 6.57 9.82 6.15 6.52 1.05 5.84 4.31
9.50 6.15 2.88 3.12 1.49 3.71 2.57 7.21 6.29 6.27
7.06 3.05 3.60 7.24 9.94 8.04 9.21 4.25 1.62 7.65
6.20 7.19 5.88 9.17 8.21 3.65 1.97 6.65 1.10 1.64
7.57 2.24 7.45 6.87 4.38 6.77 9.73 3.85 5.21 8.68
4.37 8.95 5.08 1.35 5.17 3.76 6.95 3.84 6.35 1.73
5.41 9.76 4.70 9.43 5.35 7.91 3.39 7.64 8.85 7.83
8.25 9.22 9.33 2.05 7.15 7.48 4.58 5.11 5.60 4.44
8.20 2.10 5.84 8.92 2.36 3.56 1.29 8.57 1.54 3.89
3.16 2.61 5.48 9.23 9.66 8.94 7.00 7.43 4.11 6.03
8.59 4.42 3.43 2.28 9.97 3.85 1.77 9.88 8.68 3.18
1.10 7.74 1.80 2.39 1.17 6.99 3.85 6.35 2.65 3.08
9.33 3.36 6.52 5.84 1.77 9.94 9.31 4.47 9.71 8.41
5.11 2.59 3.25 9.58 3.06 6.78 6.07 1.09 7.86 9.77
6.38 1.51 1.39 9.40 8.49 9.72 9.70 4.22 6.05 2.30
5.69 5.07 7.88 8.29 1.89 1.36 2.18 7.82 7.63 8.19
9.92 7.12 8.68 2.28 6.13 1.11 2.43 2.89 4.49 7.06
4.65 8.03 4.21 3.04 8.62 5.29 4.85 1.21 5.38 9.75
7.45 5.53 7.12 7.48 3.51 2.96 7.60 10.00 2.17 7.37
1.61 5.91 4.52 3.73 1.12 1.93 2.17 6.99 1.82 4.03
7.54 9.46 2.50 8.39 7.00 6.20 5.49 9.30 5.20 8.16
5.00 7.73 7.66 4.28 2.93 2.34 9.58 9.83 1.23 5.77
7.35 1.18 6.19 8.63 8.50 7.05 7.80 9.88 9.30 8.11
8.28 9.84 4.82 7.01 2.06 2.97 1.13 6.51 9.20 7.68
2.75 1.81 3.81 6.19 5.66 4.55 1.87 4.55 9.32 2.45
9.35 4.06 1.92 4.60 7.63 1.15 1.13 1.34 3.34 5.34
9.10 6.71 8.53 4.93 4.13 9.87 8.65 6.44 5.68 3.09
8.01 7.02 7.02 3.39 1.65 4.69 3.29 4.84 5.08 5.70
5.09 1.18 3.03 3.11 2.48 5.96 1.49 1.81 2.67 6.67
8.25 8.10 7.60 9.19 3.01 7.50 3.14 6.15 8.88 4.20
4.24 7.40 4.08 9.57 8.83 7.05 3.78 1.98 2.27 3.78
6.18 4.44 7.71 5.78 9.69 9.59 9.23 3.22 7.10 9.24
7.15 2.70 3.48 3.84 9.24 8.80 5.82 1.37 3.99 4.68
8.70 5.64 6.59 6.52 2.02 7.72 4.19 4.20 7.60 7.16
2.30 1.94 7.26 9.24 5.32 4.09 1.84 9.80 2.65 8.61
7.68 3.24 2.66 4.31 4.79 9.33 7.85 9.41 5.53 3.96
7.31 7.64 3.25 2.98 2.46 3.23 3.38 9.03 5.15 6.00
1.06 1.71 7.42 5.23 8.58 7.84 7.95 5.93 9.52 4.21
9.94 8.40 7.47 6.45 8.99 1.24 2.24 1.34 8.78 7.17
4.56 5.25 4.94 9.47 1.42 4.16 4.49 5.74 9.10 8.31
1.44 4.03 4.03 5.53 5.42 7.16 6.18 8.44 1.68 5.38
6.26 1.17 1.10 8.11 9.78 4.85 8.05 9.40 9.79 1.58
8.30 9.82 6.88 6.18 4.60 7.81 5.91 3.93 4.01 5.34
3.20 2.64 5.28 2.57 3.73 1.89 9.10 3.97 5.79 9.86
2.15 5.05 4.56 8.05 7.88 6.08 2.71 8.15 7.81 1.47
2.33 2.06 8.58 6.09 7.49 5.02 2.26 8.21 9.71 8.16
1.34 4.93 3.54 4.54 9.31 5.20 2.99 3.74 9.22 5.17
4.45 6.81 2.69 5.79 4.64 5.90 8.51 7.48 5.62 4.65
7.28 1.36 1.56 2.56 9.37 5.64 1.98 1.08 3.94 6.27
4.60 7.74 1.13 8.65 8.54 1.59 6.83 3.12 5.61 3.59
5.27 1.10 6.64 4.57 7.96 5.14 1.14 5.95 9.60 3.21
3.88 1.24 8.48 4.08 8.81 6.54 8.41 3.15 5.84 4.24
6.40 8.08 8.60 2.97 6.32 3.69 6.31 2.25 7.33 6.69
4.40 2.24 3.55 7.67 5.61 5.95 8.20 5.39 6.24 8.11
3.69 7.35 9.36 5.78 2.03 2.56 1.65 9.72 6.92 5.02
2.54 5.32 1.65 2.04 3.94 1.54 5.43 8.06 3.24 9.87
7.56 2.45 1.13 7.86 5.69 7.92 9.98 3.42 1.59 1.16
8.31 2.05 2.05 8.58 3.27 9.93 2.80 4.13 1.80 5.50
9.23 8.11 2.49 3.62 1.99 4.06 4.11 8.25 8.17 3.42
3.13 5.29 9.85 6.60 4.38 2.66 5.37 7.60 3.67 8.85
8.88 6.04 1.03 9.39 1.03 7.27 8.50 2.98 3.95 5.69
6.91 7.58 2.10 9.66 3.46 2.34 2.16 9.84 1.05 6.32
6.87 5.72 6.69 5.02 4.51 4.10 3.95 4.60 5.83 5.49
7.82 1.40 5.87 6.35 7.99 8.33 2.16 5.47 8.94 7.13
5.91 9.44 4.96 9.74 4.15 3.18 7.32 9.65 4.35 3.90
3.86 8.12 3.21 2.86 6.14 1.29 5.98 2.96 2.15 1.84
5.75 3.73 2.15 4.29 4.14 6.93 4.33 2.79 8.42 2.91
6.85 9.69 1.13 3.58 8.36 1.74 3.02 5.11 9.08 9.25
8.19 2.64 5.05 9.03 5.36 4.21 3.76 6.99 6.46 2.72
1.45 4.10 2.96 5.01 8.74 8.41 4.15 6.69 4.86 9.03
6.11 4.55 2.91 1.21 6.03 1.14 4.82 8.45 6.12 2.04
3.64 3.83 6.61 2.10 4.92 1.23 1.01 4.87 9.75 5.71
7.43 4.30 9.00 6.05 5.92 4.33 5.37 4.53 8.42 9.15
8.57 6.70 5.37 9.78 6.66 2.49 7.33 5.65 4.61 5.28
8.48 4.59 5.05 9.67 7.99 7.96 9.90 3.72 1.96 9.32
2.57 7.27 6.31 4.42 3.81 6.37 2.17 9.20 8.42 5.73
1.51 8.97 1.39 5.98 7.41 8.07 4.77 3.11 2.93 1.48
7.50 7.20 4.68 4.67 8.18 9.86 2.54 9.42 9.60 7.70
6.96 2.19 7.07 9.93 6.51 2.78 3.86 2.73 6.47 6.99
5.22 2.15 2.04 3.39 6.53 9.65 4.32 4.12 7.71 6.92
7.03 3.04 8.00 7.85 9.80 1.79 2.84 8.36 7.42 4.77
7.22 8.32 3.42 4.04 3.46 9.84 1.13 9.54 2.48 5.34
5.23 9.36 8.20 6.63 7.02 2.76 8.88 7.11 6.95 8.50
4.69 9.40 1.24 9.17 5.84 9.81 8.89 9.41 5.60 7.32
1.86 4.65 7.97 6.20 7.26 9.53 6.00 3.19 6.66 7.60
2.73 2.63 9.50 5.30 9.82 6.41 1.54 6.05 7.50 1.78
7.23 9.62 5.57 4.07 7.78 7.41 3.69 6.77 7.65 3.27
1.71 5.24 4.53 9.39 9.75 2.08 4.75 7.67 9.80 1.02
2.53 1.77 8.08 2.55 4.72 7.86 8.27 9.68 4.60 8.94
4.91 9.08 5.84 5.98 7.60 3.00 9.36 6.21 9.71 1.78
3.98 7.17 5.05 3.50 7.04 5.49 2.18 9.39 5.69 9.77
2.78 2.95 2.23 4.48 1.41 7.61 7.11 1.28 1.47 4.80
8.92 2.71 5.31 3.43 3.04 3.91 1.54 1.19 1.40 6.04
6.04 8.45 6.48 6.09 9.14 5.85 1.16 4.20 3.90 7.65
2.32 9.37 8.84 9.51 5.27 6.91 9.18 9.58 1.65 3.25
5.36 7.78 4.70 1.82 8.37 8.47 5.40 2.08 5.71 6.48
4.38 3.49 5.26 7.64 5.20 9.49 9.89 6.02 4.66 2.98
8.20 9.16 5.56 7.88 6.76 7.63 5.36 3.06 5.38 8.59
7.00 4.67 8.09 3.40 3.89 3.82 4.88 7.18 6.62 7.93
8.83 3.20 9.37 3.63 1.62 9.43 4.40 4.93 6.50 5.31
1.94 9.46 1.38 4.59 8.79 9.88 3.50 8.51 8.13 6.24
1.58 4.92 3.52 3.63 9.23 9.26 5.05 6.14 4.26 7.46
8.83 7.38 9.90 1.28 9.70 5.29 3.66 5.81 8.25 4.03
1.99 9.35 1.96 3.04 3.55 9.05 8.56 5.06 8.17 3.63
4.83 1.01 6.72 1.29 1.56 9.07 5.05 9.17 4.94 2.90
4.89 3.27 8.83 8.69 3.64 8.82 6.54 2.74 4.10 2.12
3.82 3.77 3.01 7.50 2.40 8.96 3.89 4.93 2.27 8.21
7.20 8.80 4.12 3.12 1.41 6.75 9.06 1.34 3.55 8.99
6.35 8.60 9.08 7.00 4.70 2.60 3.15 3.91 4.80 2.41
3.36 7.93 1.71 1.55 2.91 3.44 5.72 5.91 7.83 5.08
6.88 1.77 4.71 5.54 2.13 7.03 8.95 4.45 8.14 5.41
8.78 2.11 5.52 9.80 3.26 7.14 9.20 2.04 9.34 9.01
8.53 7.47 3.21 5.80 6.42 3.55 6.07 1.71 2.01 1.94
1.43 6.60 9.09 1.63 5.15 4.83 7.01 1.63 5.31 6.02
2.04 6.07 7.19 2.73 2.21 6.72 2.96 2.86 7.18 9.63
4.10 8.53 1.05 7.75 5.56 10.00 2.70 8.01 3.34 2.82
1.76 7.37 7.03 1.62 3.94 2.09 4.11 4.49 6.38 7.59
2.58 7.76 9.67 2.35 4.25 4.37 6.09 3.45 6.73 5.27
1.44 3.79 5.31 7.89 6.44 4.29 5.41 2.12 7.55 3.23
8.02 5.39 2.97 8.57 9.09 8.63 4.22 5.83 9.79 7.82
7.91 2.61 5.63 8.56 1.82 7.48 9.13 4.13 7.02 4.87
9.51 1.90 1.04 9.30 6.05 3.89 5.45 2.22 6.47 6.76
4.55 8.56 6.37 9.14 3.04 4.23 7.06 1.78 3.88 8.22
3.97 6.33 3.15 7.50 6.79 8.18 2.77 4.89 5.51 4.74
4.38 5.79 6.40 2.61 1.94 6.87 8.36 2.01 3.22 2.09
9.36 7.81 2.80 9.68 8.08 8.43 1.65 4.20 5.84 3.31
3.38 5.86 1.89 2.30 4.69 2.77 3.44 1.20 6.02 4.41
5.30 5.26 3.99 4.63 2.27 2.43 5.40 4.43 3.99 8.19
7.99 6.15 6.85 3.27 3.30 3.12 6.24 1.09 4.30 1.15
2.50 4.98 3.51 5.52 1.26 5.90 7.37 8.81 6.72 6.67
1.09 7.08 8.60 9.35 5.22 6.99 2.46 7.29 4.27 7.47
7.02 4.03 2.23 1.11 8.88 4.82 7.70 7.37 9.63 3.08
9.45 1.90 5.35 5.36 6.26 4.32 5.32 5.44 6.33 1.56
6.49 3.59 7.84 9.98 5.90 7.01 2.46 5.29 8.07 8.00
6.23 6.08 7.01 7.05 5.22 1.46 6.08 6.70 1.96 3.29
3.84 4.40 3.93 2.38 6.44 3.01 9.30 2.70 3.90 7.77
7.28 4.26 2.80 6.76 6.56 2.59 2.63 6.04 7.92 5.83
3.46 2.14 9.85 4.67 6.76 2.87 1.11 7.43 4.55 7.87
4.59 3.50 1.99 2.16 6.29 1.60 8.96 5.05 1.30 9.28
5.06 6.36 8.52 6.14 3.54 9.27 4.80 1.59 8.54 9.94
2.21 3.70 7.37 8.90 2.80 1.31 3.20 5.53 6.46 9.81
1.33 2.85 1.30 9.22 5.26 3.09 4.77 9.47 2.12 4.70
3.30 1.96 8.69 9.26 8.22 8.21 5.18 5.48 1.48 2.74
1.63 1.13 5.04 5.14 1.40 5.67 7.43 9.56 8.97 7.53
5.89 2.72 9.35 2.63 5.85 3.26 8.20 7.88 2.99 7.75
8.55 7.01 1.16 7.88 8.10 5.47 2.68 5.79 6.58 9.21
6.91 7.83 6.13 1.60 3.11 4.13 2.51 2.26 8.51 6.32
4.58 8.25 5.65 2.86 2.62 2.52 8.92 2.65 1.92 4.66
3.60 3.44 7.49 3.40 2.33 1.38 1.38 1.72 9.75 4.73
1.73 1.30 2.77 1.30 7.25 1.51 5.79 7.54 5.05 2.49
2.00 5.68 4.41 2.48 9.44 5.09 5.06 4.91 4.12 2.50
3.93 7.41 3.38 1.24 7.89 9.12 3.36 8.55 4.00 1.25
2.46 8.43 3.51 4.11 7.49 5.30 3.15 8.42 7.54 9.66
8.26 9.67 1.89 8.81 9.56 5.41 5.44 1.39 9.58 3.28
5.56 6.31 7.28 8.85 5.93 4.64 8.97 8.41 1.85 9.27
1.74 7.93 1.41 5.63 2.72 9.98 8.89 6.64 5.57 2.10
9.19 6.88 9.93 1.05 4.80 1.63 9.70 9.78 4.75 2.14
9.05 1.88 5.14 7.16 6.77 2.06 1.96 6.06 5.80 1.86
5.00 5.31 7.13 4.39 9.55 1.52 2.81 2.74 1.22 9.38
9.36 3.15 2.56 7.71 6.98 6.96 6.77 9.08 5.63 5.79
5.08 7.89 7.22 3.41 6.88 5.05 8.02 6.40 4.25 2.21
3.52 7.40 9.02 1.17 5.09 9.01 3.13 7.53 4.08 9.88
4.39 4.60 5.63 9.74 2.58 3.79 3.66 5.43 3.21 2.57
6.06 3.98 9.87 2.44 2.31 6.80 9.57 6.53 4.12 8.17
2.84 6.83 2.75 4.10 9.18 3.19 3.66 5.19 3.42 3.97
6.55 3.51 3.06 9.83 2.16 1.49 1.65 4.72 1.51 4.53
4.61 1.58 4.81 6.45 8.40 8.92 6.41 3.34 5.40 7.58
5.83 9.37 7.94 9.73 1.69 8.67 7.39 4.59 2.74 8.32
5.52 3.28 9.63 7.27 3.99 9.46 5.76 9.64 9.02 8.11
3.20 2.06 9.95 5.88 3.27 6.16 8.70 9.95 4.04 4.57
3.77 4.21 2.68 8.17 7.62 2.44 5.41 1.79 7.79 5.50
3.73 7.05 9.64 9.85 2.33 3.01 2.16 3.90 1.79 7.13
4.60 2.34 6.30 6.92 6.92 4.66 5.64 5.36 8.34 2.62
5.88 4.97 8.26 4.94 8.04 8.63 3.53 3.40 2.08 2.00
9.09 5.39 9.39 3.18 2.59 1.02 8.86 5.19 2.45 5.48
6.87 8.48 6.13 6.94 3.96 3.12 5.02 9.43 8.30 3.41
5.76 9.21 3.57 6.98 2.21 5.75 1.64 8.37 4.09 8.40
4.71 6.20 2.72 3.38 3.40 4.83 5.05 9.83 9.11 7.72
7.87 6.03 8.56 8.32 8.76 4.36 9.51 5.49 4.04 3.11
8.83 2.39 2.60 7.65 8.05 7.74 6.88 3.27 4.50 2.51
3.20 3.90 4.06 1.63 1.92 7.52 1.73 4.92 9.88 6.24
7.55 5.69 6.61 5.44 1.94 6.47 7.71 7.79 8.34 9.71
2.06 7.25 9.42 9.00 5.06 9.95 9.51 8.76 8.23 9.00
6.21 3.01 3.96 8.20 6.17 4.30 1.23 2.78 2.21 5.10
7.35 3.80 7.03 5.06 9.71 1.53 8.95 5.76 2.02 2.63
3.81 7.30 9.40 4.52 5.06 4.90 6.37 7.10 4.27 1.56
8.63 5.41 8.34 3.49 1.91 8.16 3.23 9.12 9.32 7.27
9.76 7.00 8.12 7.29 1.02 2.84 3.52 9.74 6.67 9.67
7.33 3.99 4.44 6.32 5.95 1.57 1.05 4.97 6.62 9.83
2.24 5.37 8.44 7.37 5.13 5.02 3.58 3.16 7.86 7.96
7.54 2.75 4.55 4.03 2.02 7.88 9.66 6.81 4.51 1.20
8.56 9.37 2.49 2.37 5.47 7.31 6.20 5.46 5.35 2.70
6.53 4.91 2.56 1.54 2.66 8.60 5.20 9.08 7.63 5.39
9.37 1.18 4.16 3.11 3.05 3.14 4.45 5.74 1.04 2.78
8.94 1.66 4.99 8.47 7.25 7.33 9.18 8.24 1.91 4.82
3.22 2.93 4.00 8.71 4.88 9.67 2.42 5.38 3.43 9.80
9.71 7.01 5.44 2.17 2.51 2.02 3.34 7.39 5.78 3.56
3.14 3.06 5.58 6.16 6.19 4.55 7.43 9.06 4.78 6.14
9.70 2.87 9.10 8.02 7.40 2.27 4.15 1.55 4.79 1.53
5.84 9.69 9.18 3.24 9.56 1.08 3.47 8.29 1.04 2.72
1.23 9.19 6.12 9.25 3.15 4.53 5.66 9.10 6.00 6.20
3.73 5.02 2.12 9.73 9.11 6.14 9.14 7.99 2.66 4.12
7.99 8.94 6.98 2.17 7.30 7.29 3.00 1.86 6.90 4.82
3.89 3.35 3.43 4.14 3.74 2.17 1.22 2.63 8.92 5.96
6.68 1.74 3.81 7.27 1.60 9.96 8.16 1.55 9.69 4.31
2.34 1.98 7.23 7.12 9.17 2.51 6.11 9.93 4.59 9.09
2.48 2.25 1.81 4.07 9.63 7.40 2.59 4.51 6.16 6.35
5.05 5.92 6.99 5.20 7.33 9.97 7.84 8.43 4.03 8.48
4.97 9.90 6.29 6.46 7.93 5.32 7.26 2.82 1.18 1.28
8.64 7.34 5.67 9.61 5.66 6.13 6.25 1.92 8.91 1.55
7.36 7.09 7.42 1.65 2.59 1.94 5.14 8.08 7.41 5.48
8.31 1.38 1.98 6.53 9.43 8.91 6.04 5.84 7.51 5.26
7.14 9.59 9.84 4.53 1.12 2.09 6.20 8.68 4.79 1.42
2.73 7.45 6.49 1.51 6.19 8.86 9.34 1.17 9.07 6.43
1.40 7.56 6.70 8.50 6.46 7.19 1.14 9.85 8.32 9.31
3.87 8.33 8.11 6.55 6.86 3.04 9.15 5.48 3.98 5.68
7.61 1.05 1.37 8.95 6.75 1.64 5.49 5.77 8.25 3.83
9.63 4.18 2.51 5.68 7.40 8.63 9.87 5.78 4.28 9.54
8.11 1.94 2.82 6.78 2.04 9.14 6.58 8.26 7.32 1.28
9.16 6.10 1.90 8.91 7.02 4.10 9.88 2.02 4.12 4.46
4.30 1.50 2.83 3.08 4.90 8.48 4.14 2.99 6.21 6.57
9.00 8.60 6.90 3.97 7.97 4.21 8.25 5.00 6.91 3.67
7.95 8.39 2.81 6.68 8.03 2.44 8.77 7.48 7.65 5.96
5.88 5.63 5.51 8.14 1.17 3.13 6.07 3.98 6.61 9.93
1.38 7.38 8.27 5.22 3.66 6.66 1.97 7.64 1.81 7.26
4.57 8.21 3.95 2.64 6.03 1.31 6.15 9.41 3.89 5.06
9.28 7.77 5.15 1.38 7.63 2.93 5.27 4.79 1.09 8.36
2.58 1.94 8.35 1.02 2.34 3.08 7.00 7.75 8.89 4.93
7.22 9.72 1.84 9.12 4.79 8.35 1.60 7.25 1.35 9.94
6.40 2.68 4.21 5.12 5.23 1.23 8.57 3.46 6.81 3.22
7.99 8.12 2.39 1.32 4.94 8.53 5.25 1.19 5.17 1.54
3.09 6.99 9.46 2.97 9.91 2.85 1.88 8.46 2.36 5.84
1.96 6.93 6.63 7.72 4.05 9.18 8.73 6.11 7.65 8.22
7.02 7.35 3.35 7.35 2.09 3.44 4.87 5.88 9.00 9.88
5.00 7.90 5.90 5.37 4.97 8.67 5.16 4.47 4.81 8.12
4.56 7.17 9.60 5.43 8.49 4.78 6.07 9.25 6.35 8.68
2.82 4.85 7.41 3.58 2.45 9.37 1.75 6.34 5.01 1.49
2.41 9.35 2.31 6.52 4.35 4.18 1.56 8.94 7.09 3.17
1.21 2.44 1.29 9.59 9.71 3.76 7.71 7.85 1.72 2.47
6.61 5.90 9.49 7.92 6.77 2.26 5.10 8.10 1.96 7.02
1.32 4.56 8.22 9.08 1.06 2.06 5.71 3.96 1.67 1.85
5.30 1.97 9.57 1.55 9.25 2.68 4.27 1.79 1.51 7.79
2.29 6.25 3.64 7.43 8.93 3.14 6.49 9.37 4.64 4.42
4.49 8.05 2.14 7.58 6.00 8.71 3.43 1.62 2.20 2.26
8.82 1.40 9.42 2.11 9.66 1.25 9.82 1.66 5.90 3.17
9.62 5.76 8.98 1.94 1.92 8.39 3.61 6.53 8.99 4.13
7.46 4.70 7.72 8.44 7.63 4.71 1.85 3.24 1.27 8.76
5.61 7.48 4.50 8.10 6.66 8.98 2.32 4.36 9.75 4.92
8.47 5.93 7.74 7.05 7.40 2.83 1.93 4.89 5.90 7.82
9.77 8.95 2.40 4.64 7.01 1.42 8.50 3.92 9.95 2.51
3.86 6.62 2.17 7.42 4.91 6.22 7.92 9.64 2.66 9.61
4.63 6.94 2.46 2.87 6.53 2.95 9.21 3.22 7.28 7.51
9.95 4.87 3.28 7.68 8.25 3.59 8.11 2.48 9.96 2.82
8.60 9.75 3.23 8.95 5.44 6.33 6.98 4.90 3.16 6.91
8.38 3.59 7.56 6.10 5.56 3.97 7.16 4.19 5.34 8.56
7.20 8.67 1.30 3.81 4.87 4.25 2.92 7.65 7.27 4.90
8.12 9.84 1.96 8.45 5.07 6.85 8.62 8.42 8.12 7.97
9.30 1.91 7.34 4.73 5.98 1.48 6.03 2.23 2.00 2.73
3.60 7.75 3.57 2.90 6.37 8.92 8.48 7.15 5.24 8.96
5.26 9.95 6.30 3.39 7.06 6.79 3.49 5.62 5.54 6.74
3.29 5.96 5.24 4.64 6.30 9.80 6.18 1.10 5.10 6.41
6.07 3.02 9.24 7.18 2.29 8.54 8.28 6.29 3.27 4.53
7.48 4.88 6.40 7.58 8.61 6.52 7.28 2.91 5.90 8.21
7.17 2.88 5.42 8.36 2.40 9.75 4.13 8.80 5.11 6.21
3.57 6.86 4.90 5.13 1.43 2.23 1.58 9.23 4.67 5.86
2.83 1.33 4.74 8.98 8.89 8.79 5.31 5.22 5.32 7.77
7.48 7.47 1.25 3.69 2.51 6.13 7.86 1.93 9.76 1.11
2.33 9.95 5.83 8.55 2.46 9.50 7.28 9.47 6.02 3.28
8.45 4.40 2.11 5.62 3.57 7.98 7.38 7.20 6.16 4.39
9.15 3.27 7.63 1.91 6.89 4.12 3.79 6.40 9.85 1.78
8.74 1.23 1.04 3.22 1.66 7.72 8.71 4.62 6.41 9.13
4.88 4.35 7.11 1.50 1.62 4.82 1.07 2.03 2.97 5.98
9.56 7.58 9.09 4.34 8.74 2.92 2.74 9.20 1.03 7.73
8.82 4.76 4.78 9.62 4.10 6.07 8.97 2.17 6.81 2.81
1.05 5.62 8.16 7.28 9.21 3.74 4.94 4.29 7.30 3.29
2.36 3.28 5.15 6.68 5.92 4.73 3.50 9.39 8.55 1.92
7.48 2.50 1.49 5.89 5.83 7.61 8.33 4.22 4.65 4.69
1.10 1.04 7.71 9.00 8.26 7.87 5.17 6.36 3.91 3.53
3.06 1.89 1.22 1.40 5.79 4.22 9.68 3.86 3.42 6.22
8.87 3.60 5.27 7.63 7.92 4.66 6.73 8.77 3.32 3.61
4.86 4.74 4.54 2.00 9.29 7.69 3.87 7.80 4.63 3.42
4.92 6.64 9.14 2.33 1.28 5.55 5.27 2.30 6.94 9.36
6.19 8.84 7.71 4.87 4.71 8.85 7.75 1.72 7.65 9.78
4.05 8.18 7.72 7.08 2.06 7.32 1.78 5.87 3.43 6.45
2.93 2.82 4.83 6.21 1.74 9.99 4.39 7.65 1.87 9.37
6.98 5.08 2.18 4.84 6.27 6.24 4.25 1.66 9.04 2.78
8.96 3.88 5.46 7.39 8.40 7.65 3.40 2.97 6.69 2.79
9.49 4.71 2.65 1.60 2.66 1.78 6.36 9.63 8.95 4.65
5.71 6.67 5.11 5.06 8.50 8.70 8.81 9.63 8.57 6.95
3.30 4.29 7.46 3.74 1.52 6.75 1.23 4.50 1.10 1.16
5.51 2.35 9.26 3.45 5.32 9.61 9.12 8.98 7.63 3.01
3.68 9.44 3.93 5.95 1.88 6.40 4.92 2.86 7.48 9.70
9.56 4.52 4.86 2.15 4.04 1.29 5.08 8.47 7.16 1.36
6.53 5.81 1.79 2.15 2.72 7.41 5.37 9.77 7.09 3.47
2.11 6.94 2.10 2.64 8.20 3.71 9.26 9.17 8.33 8.54
6.98 5.33 1.06 1.27 4.82 8.53 7.80 8.18 9.98 2.42
3.56 6.06 4.29 4.73 1.16 9.77 7.80 7.25 3.71 6.93
8.94 2.21 1.38 6.40 7.72 8.53 5.97 1.25 8.35 5.77
9.01 8.25 4.99 4.39 1.29 4.66 5.09 9.15 8.07 9.20
7.17 2.65 6.83 2.27 3.12 7.82 3.76 6.87 4.66 1.07
7.87 3.72 6.69 9.30 8.06 3.92 6.71 7.26 9.17 2.03
4.13 3.40 3.18 3.39 8.35 5.84 7.40 7.05 4.09 9.34
2.95 2.50 9.89 7.58 6.14 3.35 2.47 6.06 1.70 2.86
8.93 9.39 5.70 3.58 8.99 1.34 1.67 1.39 8.54 9.06
6.01 9.07 9.76 1.71 6.90 9.96 2.20 5.33 1.25 1.27
6.48 3.88 3.74 6.17 5.60 3.62 8.95 7.73 9.36 6.01
6.64 8.28 1.66 8.48 8.21 3.66 9.02 8.14 2.04 9.71
9.97 9.89 2.29 4.16 7.45 3.06 7.19 7.06 4.27 8.88
4.67 4.14 5.20 2.70 6.66 2.18 8.09 7.00 4.94 5.95
6.59 6.41 3.01 3.36 6.97 7.61 7.47 4.42 6.25 6.48
3.71 1.27 2.83 9.91 5.96 7.36 7.00 3.24 6.80 8.65
4.04 7.60 8.85 9.85 7.25 6.68 2.92 3.03 2.81 9.49
6.44 2.45 5.36 2.54 1.76 5.03 2.43 3.83 9.36 1.31
6.02 9.74 1.58 1.88 4.46 6.63 8.39 1.42 1.83 9.70
8.34 1.99 9.66 3.29 7.00 9.64 1.96 5.97 4.57 6.64
4.51 6.49 1.92 2.49 9.77 4.19 8.71 9.52 7.67 9.58
9.05 1.85 6.50 7.80 9.67 5.45 8.20 3.57 5.30 5.22
2.71 9.79 2.93 5.93 5.28 8.91 6.36 4.80 4.92 8.93
6.01 1.25 3.26 2.37 5.63 6.30 9.67 2.77 9.76 9.52
7.53 3.70 8.65 2.52 9.97 7.75 9.68 6.49 7.73 6.31
5.62 9.19 6.66 9.63 9.19 2.42 6.30 7.41 2.88 3.94
8.65 5.19 3.47 2.50 2.19 5.74 5.48 2.22 2.97 9.45
3.45 3.61 5.85 4.53 8.96 8.94 8.68 4.70 6.97 9.61
4.84 3.89 4.11 3.40 2.33 1.13 9.17 4.52 7.71 3.15
6.01 5.77 7.34 1.77 5.56 6.42 6.69 3.55 4.36 7.23
8.05 5.51 3.39 2.21 6.57 6.59 1.09 1.92 9.91 9.67
9.95 4.53 6.28 9.11 7.39 7.64 2.60 7.53 9.37 8.95
4.01 5.11 2.94 6.84 8.92 2.09 9.48 9.40 1.25 1.92
6.41 5.94 4.25 3.17 4.40 1.95 4.59 8.38 9.33 5.17
9.33 9.05 2.94 5.67 8.81 5.59 9.36 4.96 3.60 3.22
2.15 4.24 8.28 3.25 8.62 6.98 5.11 6.79 1.62 4.92
5.93 4.25 7.29 1.15 5.36 3.16 1.11 3.51 2.17 3.25
9.55 3.02 1.17 6.46 9.95 8.93 9.40 7.52 8.91 2.82
1.96 7.80 2.31 9.22 3.04 6.86 7.06 8.85 9.88 7.64
6.11 6.94 5.83 3.22 6.96 1.40 9.48 1.45 5.16 7.71
5.55 8.97 9.08 8.02 5.53 7.32 4.81 7.11 2.09 1.95
6.45 4.60 2.84 1.35 6.55 1.28 9.60 5.83 9.26 1.79
2.14 2.06 3.75 1.58 5.86 2.89 3.49 1.56 1.99 8.77
2.95 6.79 3.67 5.07 3.82 2.11 6.80 2.50 7.64 6.55
3.95 7.32 5.98 9.98 8.11 5.35 7.61 9.40 6.38 2.58
3.44 1.98 8.27 5.35 7.24 6.48 6.18 6.74 4.53 7.27
8.70 9.30 7.11 4.34 1.67 2.86 2.30 9.46 3.07 4.26
6.81 1.11 8.45 8.40 3.33 1.34 8.57 6.68 2.21 7.20
4.82 3.18 8.94 5.13 6.94 9.41 6.81 1.48 9.55 2.39
2.87 2.92 7.78 5.60 7.80 6.01 6.87 4.21 2.85 6.06
8.95 8.13 9.68 9.23 4.50 2.87 2.72 3.10 8.67 9.99
1.32 8.66 3.66 6.41 4.64 4.62 3.80 8.09 1.88 7.93
8.96 8.78 2.99 3.57 1.69 5.60 3.33 2.65 3.20 8.97
3.22 5.46 9.80 7.43 6.02 8.49 2.32 1.92 6.67 7.39
1.30 2.89 6.58 5.52 7.67 6.85 9.75 4.90 1.34 5.89
8.56 7.45 7.90 5.77 7.27 5.18 7.95 5.11 6.56 2.43
1.88 1.27 8.14 1.08 3.02 7.61 1.81 7.68 2.13 2.08
6.28 9.95 6.18 3.72 9.77 5.74 7.62 9.02 9.54 5.28
7.49 3.05 4.80 9.25 3.95 4.68 9.68 3.28 2.90 3.32
4.93 3.64 3.71 9.99 1.08 1.59 7.83 1.39 9.75 7.54
4.39 6.80 9.45 5.33 1.14 1.85 8.10 6.16 2.32 9.04
8.45 7.19 3.80 3.37 1.63 5.18 4.42 9.28 2.36 6.49
8.24 3.45 1.73 5.18 8.55 8.77 2.46 1.37 7.22 4.57
1.30 3.46 2.99 4.27 4.86 6.09 5.08 7.11 2.72 4.90
2.54 2.56 2.16 7.28 2.86 6.58 2.01 9.42 9.10 9.55
7.52 4.44 3.66 7.26 4.13 9.22 8.36 8.42 9.02 2.03
1.61 6.16 2.33 4.07 2.85 8.86 1.71 5.39 2.21 2.15
1.38 2.34 3.06 7.76 2.57 3.10 1.07 9.61 8.28 1.25
2.07 1.00 3.34 1.33 4.38 5.46 5.91 4.68 2.72 8.07
3.06 2.23 3.69 7.17 5.02 6.34 1.88 3.55 6.87 9.73
5.21 8.86 5.42 4.98 2.19 2.85 7.54 2.47 4.85 6.96
8.79 6.09 8.53 2.47 8.58 1.62 9.01 5.21 7.87 7.78
7.45 1.32 7.36 5.75 7.19 5.02 7.41 4.56 1.67 1.29
8.84 9.58 1.01 5.65 1.04 2.93 3.88 4.44 8.28 3.37
6.88 7.75 1.86 7.02 8.80 6.93 3.60 2.34 7.70 4.41
2.95 5.59 1.28 8.59 5.00 3.31 5.87 6.10 4.01 3.81
1.29 7.41 7.55 6.89 9.89 2.25 4.60 4.27 8.41 5.34
2.70 9.99 2.52 8.32 7.69 4.15 3.23 4.67 2.61 7.21
4.72 9.84 4.87 6.58 2.74 6.02 9.58 8.14 4.74 4.71
2.07 4.46 9.59 7.15 2.63 1.63 1.59 5.16 5.94 9.26
7.01 4.93 2.21 1.66 4.21 7.93 9.80 4.98 9.37 3.42
9.48 2.27 9.24 8.22 8.76 1.58 4.38 2.91 2.22 9.15
7.91 2.58 6.78 3.83 3.24 8.61 7.16 6.27 2.82 6.54
6.22 4.44 7.00 4.79 4.43 7.16 9.30 6.38 4.50 7.60
6.85 2.63 1.84 4.47 2.75 4.17 5.01 7.56 3.69 3.48
7.48 4.17 5.50 5.72 6.31 5.88 5.16 9.30 8.45 7.84
7.69 3.85 7.62 1.70 5.67 1.11 1.77 1.58 5.88 2.26
5.11 6.12 7.40 9.21 6.07 6.34 6.88 3.12 4.83 2.13
3.63 1.02 8.17 1.72 1.90 5.39 6.06 5.23 8.00 4.83
2.71 6.22 1.39 4.24 1.65 3.55 7.69 4.10 9.58 8.91
2.87 9.91 5.32 5.49 6.82 9.39 5.22 8.29 7.48 2.21
1.84 1.25 7.72 9.28 5.44 3.12 7.24 3.88 7.27 3.93
2.40 2.84 4.77 6.88 3.46 4.35 5.55 4.73 3.59 1.07
8.32 6.81 6.17 4.30 5.06 6.31 1.53 2.09 4.05 3.82
1.90 1.91 6.81 6.47 4.14 6.89 2.30 8.47 2.50 9.04
4.71 9.78 6.89 8.73 7.44 2.34 8.19 5.25 9.43 1.78
8.06 3.84 5.58 7.69 4.21 2.18 8.74 9.19 1.56 9.41
8.67 5.79 7.48 7.30 2.60 5.99 2.41 7.68 6.17 4.08
2.63 2.90 5.44 3.45 6.81 8.58 5.38 1.04 4.80 5.60
10.00 9.65 2.00 7.98 5.89 6.15 8.94 9.90 3.59 7.89
7.52 8.21 1.85 5.26 7.08 6.94 5.40 7.73 4.56 2.86
4.44 9.22 1.22 7.81 9.12 2.44 6.54 4.19 5.85 6.60
6.07 8.14 3.28 8.85 4.54 6.05 3.58 3.90 5.54 5.74
5.98 9.17 1.09 5.51 6.72 8.10 5.94 6.52 3.58 7.73
8.32 3.62 8.34 9.88 9.10 8.93 5.46 8.77 2.05 4.34
8.55 2.26 2.25 1.96 1.97 2.75 3.98 7.43 1.35 9.27
9.23 9.48 7.43 7.91 8.45 5.77 7.74 9.57 8.51 6.19
8.22 6.16 8.88 5.51 7.80 4.09 5.37 2.37 4.64 6.08
8.23 1.78 9.06 1.42 6.12 9.18 3.11 7.05 9.61 8.51
8.38 2.80 1.92 6.82 5.00 2.36 8.30 1.30 7.97 1.98
8.12 9.67 5.11 2.52 7.33 6.72 7.07 8.67 5.43 6.86
1.20 7.25 3.36 1.25 3.89 1.45 4.61 8.54 3.04 3.93
7.82 3.46 9.52 7.03 4.74 6.34 8.21 7.41 6.64 3.77
1.72 4.33 6.49 2.24 7.51 5.30 5.77 1.73 8.84 8.89
5.74 5.67 4.15 5.74 5.25 7.02 7.16 5.79 1.80 5.45
5.05 6.80 9.80 4.47 4.49 7.55 1.02 6.32 2.89 6.15
4.75 7.12 6.86 4.75 4.77 6.72 3.31 2.53 7.51 7.43
7.63 5.29 6.21 6.91 5.18 5.24 1.13 7.92 6.49 3.71
9.00 4.79 5.41 2.51 6.73 9.17 6.36 8.53 2.17 5.01
2.43 1.42 8.43 6.90 5.82 5.66 7.12 9.34 2.32 5.97
7.83 4.32 3.44 5.49 5.85 1.35 8.37 9.25 1.79 4.96
6.35 1.46 4.47 5.52 6.98 4.80 2.21 4.30 8.16 1.49
9.55 5.83 9.12 8.88 6.47 2.79 3.06 4.27 1.81 6.10
3.75 5.57 8.58 9.33 6.12 2.37 5.52 5.74 7.77 7.49
3.01 6.29 6.10 3.26 9.80 9.43 4.95 4.00 7.24 1.29
1.48 6.06 8.97 5.12 4.97 7.16 7.62 9.38 7.55 8.92
1.58 2.39 4.45 3.73 9.96 9.02 6.88 7.71 7.69 8.67
5.35 3.17 7.84 9.88 1.13 6.79 1.92 3.41 5.48 7.61
2.84 8.21 5.08 7.82 2.78 7.47 2.69 6.29 6.15 9.92
1.84 8.28 9.72 7.10 5.68 3.97 2.70 9.14 4.97 9.35
3.71 8.27 5.52 3.71 9.16 3.74 6.01 3.40 1.68 7.03
6.75 6.79 3.96 1.61 1.79 3.65 9.10 6.68 8.60 2.11
9.27 3.42 2.62 6.38 5.03 7.26 4.46 2.09 4.22 3.23
7.02 9.88 1.26 4.36 4.35 9.65 4.46 5.98 7.05 8.99
5.65 4.49 3.61 9.03 4.24 2.28 8.35 9.20 2.83 2.03
6.06 4.00 4.51 2.46 8.91 8.85 6.50 5.37 7.61 7.19
1.22 9.08 6.10 4.12 6.80 1.65 8.57 9.17 3.72 1.67
6.02 6.64 3.31 6.52 9.09 2.96 8.79 7.88 4.51 5.63
1.14 9.70 2.77 2.62 8.31 3.51 4.23 2.74 7.88 5.06
6.09 5.66 4.84 6.38 7.48 5.30 8.61 6.50 8.74 2.71
1.66 3.45 4.46 9.05 7.69 6.70 6.54 9.73 4.04 5.04
7.80 8.75 6.06 9.07 2.97 1.33 4.77 5.94 9.03 8.39
6.17 4.50 6.17 6.23 2.88 6.41 9.07 9.67 2.40 6.85
2.87 8.03 1.98 7.16 7.87 3.26 2.02 3.31 7.49 8.77
6.04 8.64 4.96 3.41 6.46 7.85 2.65 7.96 4.64 3.54
4.22 6.92 3.50 5.91 9.38 1.49 3.40 7.48 1.05 2.17
2.35 7.47 4.82 9.26 6.75 4.45 6.96 8.08 4.53 3.40
6.91 6.95 5.68 8.80 1.23 4.02 9.53 1.18 5.71 1.54
4.30 4.36 5.79 1.95 1.88 8.74 7.40 7.43 3.67 1.90
3.84 6.76 6.95 2.82 3.92 9.42 2.59 7.64 7.47 6.04
7.35 5.42 5.51 3.77 3.47 6.07 7.96 4.19 1.47 5.18
5.54 8.20 6.84 3.41 7.18 9.48 8.61 2.74 5.78 6.48
4.83 1.98 1.58 1.56 9.61 7.25 4.43 6.75 9.97 2.13
8.96 1.65 5.18 4.46 7.43 2.97 6.83 2.74 2.48 8.88
8.05 9.31 6.67 5.03 1.31 6.54 6.62 9.73 8.37 3.26
6.25 1.75 4.35 7.14 7.83 8.49 2.28 8.05 6.45 8.41
8.06 4.03 3.96 9.48 8.81 3.08 7.20 1.78 5.70 5.68
9.17 6.30 3.76 6.45 5.62 3.51 8.05 2.76 3.83 9.22
9.13 9.85 1.99 1.62 9.39 9.35 9.77 6.67 2.06 6.85
6.92 2.27 2.51 2.24 9.60 2.31 9.16 8.17 8.56 6.05

Demandas:
0 0 0 0 1 0 0 0
0 0 0 1 0 0 0 0
1 0 0 0 0 0 0 0
0 0 1 0 0 0 0 0
0 0 0 0 0 0 1 0
0 0 0 0 0 1 0 0
0 0 0 1 0 0 0 0
0 0 0 0 0 0 1 0
0 0 0 0 0 0 0 1
0 0 0 0 0 0 1 0
0 0 0 1 0 0 0 0
0 0 0 0 0 0 1 0
0 1 0 0 0 0 0 0
0 1 0 0 0 0 0 0
0 0 1 0 0 0 0 0
0 0 0 0 0 0 0 1
0 1 0 0 0 0 0 0
0 0 0 0 0 0 0 1
0 0 0 0 0 1 0 0
0 0 0 0 0 0 1 0
0 0 0 0 1 0 0 0
0 1 0 0 0 0 0 0
0 0 0 1 0 0 0 0
0 0 0 0 0 1 0 0
0 0 0 0 1 0 0 0
0 0 1 0 0 0 0 0
0 0 1 0 0 0 0 0
0 0 1 0 0 0 0 0
0 1 0 0 0 0 0 0
0 1 0 0 0 0 0 0
0 0 0 0 0 1 0 0
0 0 1 0 0 0 0 0
1 0 0 0 0 0 0 0
0 0 0 1 0 0 0 0
0 0 0 0 1 0 0 0
0 0 0 0 0 1 0 0
0 1 0 0 0 0 0 0
0 0 0 0 0 1 0 0
0 1 0 0 0 0 0 0
0 0 0 1 0 0 0 0
0 0 0 1 0 0 0 0
0 0 0 0 0 0 0 1
0 0 0 0 0 0 0 1
0 0 0 0 1 0 0 0
0 1 0 0 0 0 0 0
0 0 0 1 0 0 0 0
0 0 0 0 0 1 0 0
0 0 1 0 0 0 0 0
1 0 0 0 0 0 0 0
1 0 0 0 0 0 0 0
0 1 0 0 0 0 0 0
0 0 0 0 1 0 0 0
1 0 0 0 0 0 0 0
0 0 1 0 0 0 0 0
0 0 1 0 0 0 0 0
0 0 0 1 0 0 0 0
0 0 0 1 0 0 0 0
0 0 0 0 0 0 1 0
1 0 0 0 0 0 0 0
0 0 0 0 0 0 0 1
0 0 0 0 0 1 0 0
0 0 0 0 1 0 0 0
0 0 0 0 1 0 0 0
0 0 0 0 0 0 0 1
0 0 1 0 0 0 0 0
0 0 0 0 0 0 0 1
0 0 0 0 0 1 0 0
0 0 0 0 1 0 0 0
0 0 0 0 1 0 0 0
0 0 0 0 0 1 0 0
0 0 0 0 0 1 0 0
0 0 0 0 0 1 0 0
0 0 0 0 0 1 0 0
0 1 0 0 0 0 0 0
0 0 0 0 0 1 0 0
0 0 0 0 1 0 0 0
0 0 0 0 1 0 0 0
0 0 0 1 0 0 0 0
0 0 0 0 0 0 1 0
0 0 0 0 0 0 1 0
0 0 0 0 1 0 0 0
0 1 0 0 0 0 0 0
0 0 0 0 0 0 0 1
0 0 0 1 0 0 0 0
0 0 0 1 0 0 0 0
0 0 0 0 0 0 0 1
0 0 0 0 1 0 0 0
0 0 1 0 0 0 0 0
0 0 0 0 0 0 0 1
0 0 0 0 1 0 0 0
0 1 0 0 0 0 0 0
0 0 1 0 0 0 0 0
0 0 0 1 0 0 0 0
0 0 0 0 1 0 0 0
0 0 1 0 0 0 0 0
0 0 1 0 0 0 0 0
0 0 0 0 1 0 0 0
0 0 0 0 1 0 0 0
0 0 1 0 0 0 0 0
0 0 0 0 0 1 0 0
0 0 1 0 0 0 0 0
0 0 1 0 0 0 0 0
0 0 0 0 1 0 0 0
0 0 0 0 0 0 1 0
0 0 0 0 0 0 0 1
0 1 0 0 0 0 0 0
0 0 0 0 0 0 0 1
0 0 0 0 1 0 0 0
0 0 0 1 0 0 0 0
0 0 0 0 0 1 0 0
0 0 0 0 1 0 0 0
1 0 0 0 0 0 0 0
0 0 0 0 0 0 1 0
0 0 0 0 1 0 0 0
0 0 1 0 0 0 0 0
0 0 0 0 1 0 0 0
0 0 0 0 0 0 0 1
0 1 0 0 0 0 0 0
0 0 0 0 0 0 1 0
0 0 0 0 0 0 1 0
0 0 1 0 0 0 0 0
0 1 0 0 0 0 0 0
0 0 0 1 0 0 0 0
0 0 0 0 0 0 1 0
0 1 0 0 0 0 0 0
0 0 0 0 1 0 0 0
0 0 0 1 0 0 0 0
0 0 0 0 0 1 0 0
0 0 0 0 0 0 1 0
0 0 0 0 0 1 0 0
0 0 0 1 0 0 0 0
0 0 0 1 0 0 0 0
0 0 0 0 0 0 0 1
0 1 0 0 0 0 0 0
0 0 0 0 0 0 0 1
0 0 0 0 1 0 0 0
0 0 0 0 0 1 0 0
1 0 0 0 0 0 0 0
0 0 0 0 0 0 0 1
0 1 0 0 0 0 0 0
0 0 0 0 0 0 0 1
0 0 0 0 0 0 1 0
0 0 0 0 0 0 1 0
0 0 1 0 0 0 0 0
0 0 0 0 0 0 0 1
0 0 0 0 0 1 0 0
0 0 0 0 0 1 0 0
0 0 0 0 0 0 0 1
0 0 0 1 0 0 0 0
0 0 0 0 1 0 0 0
0 0 1 0 0 0 0 0
1 0 0 0 0 0 0 0
0 0 0 1 0 0 0 0
0 1 0 0 0 0 0 0
1 0 0 0 0 0 0 0
0 0 0 0 1 0 0 0
0 0 0 0 0 0 1 0
0 0 0 0 0 0 1 0
1 0 0 0 0 0 0 0
0 0 0 0 1 0 0 0
1 0 0 0 0 0 0 0
0 0 1 0 0 0 0 0
1 0 0 0 0 0 0 0
0 0 0 0 0 1 0 0
0 0 0 0 0 0 0 1
0 0 1 0 0 0 0 0
0 0 0 1 0 0 0 0
0 0 0 0 0 0 1 0
0 1 0 0 0 0 0 0
0 0 0 0 0 0 0 1
0 0 0 0 1 0 0 0
0 0 0 0 0 0 0 1
0 1 0 0 0 0 0 0
0 0 0 0 1 0 0 0
0 0 0 0 0 0 1 0
0 0 0 0 0 0 0 1
0 0 1 0 0 0 0 0
0 1 0 0 0 0 0 0
0 1 0 0 0 0 0 0
0 0 0 0 1 0 0 0
0 0 1 0 0 0 0 0
0 0 0 1 0 0 0 0
0 1 0 0 0 0 0 0
0 1 0 0 0 0 0 0
0 1 0 0 0 0 0 0
0 0 0 0 1 0 0 0
0 0 0 0 0 0 1 0
0 0 0 0 0 1 0 0
0 0 1 0 0 0 0 0
0 0 0 0 0 1 0 0
0 0 0 0 0 1 0 0
0 0 0 0 0 1 0 0
0 0 0 0 0 0 1 0
1 0 0 0 0 0 0 0
0 0 0 0 0 0 1 0
0 0 0 0 1 0 0 0
0 1 0 0 0 0 0 0
0 0 0 0 0 0 1 0
0 1 0 0 0 0 0 0
0 0 0 0 1 0 0 0
0 0 0 0 0 0 0 1
0 0 0 0 0 0 0 1
0 0 0 0 0 1 0 0
0 0 0 0 1 0 0 0
0 0 0 0 0 1 0 0
0 0 0 0 0 1 0 0
0 0 0 0 0 1 0 0
1 0 0 0 0 0 0 0
0 1 0 0 0 0 0 0
0 0 0 0 1 0 0 0
0 0 0 0 1 0 0 0
0 0 0 0 0 0 1 0
0 0 1 0 0 0 0 0
1 0 0 0 0 0 0 0
0 0 1 0 0 0 0 0
0 0 0 0 0 1 0 0
1 0 0 0 0 0 0 0
0 0 0 0 0 1 0 0
0 0 0 0 0 1 0 0
0 0 0 0 1 0 0 0
0 0 1 0 0 0 0 0
1 0 0 0 0 0 0 0
0 0 0 0 0 1 0 0
0 0 0 0 0 0 0 1
0 0 0 0 0 0 1 0
0 0 0 0 1 0 0 0
1 0 0 0 0 0 0 0
0 0 0 1 0 0 0 0
0 1 0 0 0 0 0 0
0 0 0 0 0 0 0 1
0 0 0 0 0 1 0 0
0 0 0 0 0 0 1 0
0 0 0 0 1 0 0 0
0 0 0 0 0 1 0 0
0 0 0 0 0 0 0 1
0 0 1 0 0 0 0 0
0 0 0 0 0 1 0 0
0 0 0 0 1 0 0 0
0 0 0 0 0 0 0 1
0 1 0 0 0 0 0 0
0 0 0 1 0 0 0 0
0 1 0 0 0 0 0 0
0 0 0 0 1 0 0 0
0 0 0 0 1 0 0 0
0 0 0 0 0 0 0 1
0 0 0 1 0 0 0 0
0 0 0 1 0 0 0 0
0 0 0 0 0 1 0 0
0 0 0 0 0 0 0 1
0 0 0 0 0 0 0 1
0 0 0 0 0 0 0 1
0 0 0 1 0 0 0 0
0 0 0 0 0 0 0 1
0 1 0 0 0 0 0 0
0 0 0 0 0 0 1 0
0 0 1 0 0 0 0 0
0 0 1 0 0 0 0 0
0 0 1 0 0 0 0 0
0 0 0 0 0 0 1 0
0 0 0 0 1 0 0 0
0 0 0 0 1 0 0 0
0 1 0 0 0 0 0 0
0 0 0 0 0 0 0 1
0 0 0 0 1 0 0 0
0 0 1 0 0 0 0 0
1 0 0 0 0 0 0 0
0 0 0 0 0 0 0 1
0 1 0 0 0 0 0 0
0 1 0 0 0 0 0 0
1 0 0 0 0 0 0 0
0 0 0 1 0 0 0 0
0 0 0 0 1 0 0 0
0 0 0 0 0 0 1 0
0 0 0 0 0 0 0 1
1 0 0 0 0 0 0 0
1 0 0 0 0 0 0 0
0 0 0 1 0 0 0 0
0 0 0 0 0 0 1 0
0 1 0 0 0 0 0 0
0 1 0 0 0 0 0 0
0 0 0 0 1 0 0 0
0 0 0 0 0 0 1 0
1 0 0 0 0 0 0 0
1 0 0 0 0 0 0 0
0 0 0 0 1 0 0 0
0 0 0 0 0 1 0 0
1 0 0 0 0 0 0 0
0 0 1 0 0 0 0 0
0 0 0 1 0 0 0 0
0 0 0 0 1 0 0 0
0 0 0 0 0 1 0 0
0 0 0 0 0 0 0 1
0 0 0 0 0 0 0 1
0 1 0 0 0 0 0 0
0 0 0 1 0 0 0 0
0 0 0 0 0 1 0 0
0 0 0 1 0 0 0 0
0 0 0 0 0 0 0 1
0 0 0 1 0 0 0 0
0 0 0 0 0 1 0 0
0 0 0 0 0 0 0 1
0 0 0 1 0 0 0 0
0 0 0 0 0 0 1 0
0 0 0 0 0 0 0 1
0 0 1 0 0 0 0 0
0 1 0 0 0 0 0 0
0 0 0 0 1 0 0 0
0 0 1 0 0 0 0 0
0 0 0 0 1 0 0 0
0 0 0 1 0 0 0 0
0 0 0 0 0 1 0 0
0 0 1 0 0 0 0 0
0 0 0 0 0 0 1 0
0 0 1 0 0 0 0 0
0 0 0 0 1 0 0 0
0 0 0 0 1 0 0 0
0 0 0 0 0 0 1 0
0 0 0 0 0 0 1 0
0 0 0 0 0 0 1 0
0 0 0 0 1 0 0 0
0 0 0 0 0 0 1 0
1 0 0 0 0 0 0 0
0 0 0 0 1 0 0 0
0 0 0 1 0 0 0 0
0 0 0 0 0 1 0 0
0 0 0 0 1 0 0 0
0 0 0 0 0 0 0 1
0 0 0 0 0 0 0 1
0 1 0 0 0 0 0 0
0 0 0 0 0 0 0 1
0 0 0 1 0 0 0 0
0 0 0 0 0 0 0 1
0 0 0 0 1 0 0 0
1 0 0 0 0 0 0 0
0 0 0 1 0 0 0 0
0 1 0 0 0 0 0 0
0 0 0 0 0 0 0 1
0 0 0 0 1 0 0 0
0 1 0 0 0 0 0 0
0 0 0 0 0 1 0 0
0 0 0 0 0 1 0 0
1 0 0 0 0 0 0 0
0 0 0 0 0 1 0 0
0 1 0 0 0 0 0 0
0 0 0 0 0 0 0 1
0 0 0 1 0 0 0 0
0 0 0 0 1 0 0 0
0 0 1 0 0 0 0 0
1 0 0 0 0 0 0 0
0 0 0 0 1 0 0 0
0 0 0 0 0 1 0 0
0 0 0 1 0 0 0 0
0 1 0 0 0 0 0 0
0 0 0 0 0 0 1 0
0 0 0 1 0 0 0 0
0 0 0 0 0 0 0 1
0 0 0 0 1 0 0 0
0 1 0 0 0 0 0 0
0 1 0 0 0 0 0 0
0 0 0 0 1 0 0 0
0 0 1 0 0 0 0 0
0 0 0 0 0 0 0 1
0 0 1 0 0 0 0 0
1 0 0 0 0 0 0 0
1 0 0 0 0 0 0 0
1 0 0 0 0 0 0 0
0 0 0 0 1 0 0 0
0 0 0 0 0 0 1 0
0 0 0 1 0 0 0 0
0 0 0 0 1 0 0 0
1 0 0 0 0 0 0 0
0 0 1 0 0 0 0 0
1 0 0 0 0 0 0 0
0 0 0 0 0 0 1 0
0 0 0 0 0 0 1 0
0 0 0 0 0 0 1 0
0 0 0 0 0 0 1 0
0 0 1 0 0 0 0 0
1 0 0 0 0 0 0 0
0 1 0 0 0 0 0 0
0 0 0 0 0 0 1 0
0 1 0 0 0 0 0 0
1 0 0 0 0 0 0 0
0 0 0 0 0 1 0 0
0 0 1 0 0 0 0 0
0 0 0 0 1 0 0 0
0 0 0 0 0 1 0 0
0 0 0 0 0 0 1 0
0 0 0 0 0 0 0 1
0 0 1 0 0 0 0 0
0 0 0 0 0 0 0 1
0 0 0 0 0 1 0 0
0 0 0 1 0 0 0 0
0 0 1 0 0 0 0 0
1 0 0 0 0 0 0 0
0 0 0 0 0 0 0 1
0 0 0 1 0 0 0 0
1 0 0 0 0 0 0 0
0 0 0 0 0 1 0 0
0 0 0 1 0 0 0 0
0 0 0 0 1 0 0 0
0 0 0 0 0 1 0 0
0 0 1 0 0 0 0 0
0 0 0 0 0 0 0 1
0 0 0 0 0 0 1 0
0 0 0 0 0 0 1 0
1 0 0 0 0 0 0 0
0 0 0 0 0 1 0 0
0 0 0 1 0 0 0 0
0 0 0 1 0 0 0 0
0 0 1 0 0 0 0 0
1 0 0 0 0 0 0 0
1 0 0 0 0 0 0 0
0 0 0 1 0 0 0 0
0 0 0 0 1 0 0 0
0 0 0 0 0 0 0 1
0 0 0 0 0 0 1 0
0 0 0 0 0 0 1 0
0 0 1 0 0 0 0 0
0 0 0 0 0 1 0 0
1 0 0 0 0 0 0 0
0 0 0 0 0 0 1 0
0 0 0 0 1 0 0 0
0 0 0 0 0 1 0 0
0 0 0 0 1 0 0 0
1 0 0 0 0 0 0 0
0 0 0 0 0 0 1 0
0 1 0 0 0 0 0 0
0 0 0 0 0 0 1 0
0 0 0 0 0 1 0 0
0 1 0 0 0 0 0 0
1 0 0 0 0 0 0 0
0 1 0 0 0 0 0 0
0 1 0 0 0 0 0 0
0 0 0 0 0 0 0 1
0 0 0 0 1 0 0 0
0 0 0 0 0 0 1 0
1 0 0 0 0 0 0 0
0 0 0 0 0 1 0 0
0 1 0 0 0 0 0 0
0 0 0 0 1 0 0 0
0 0 0 0 0 1 0 0
0 0 0 1 0 0 0 0
0 0 0 0 1 0 0 0
0 0 1 0 0 0 0 0
0 0 0 1 0 0 0 0
1 0 0 0 0 0 0 0
0 0 1 0 0 0 0 0
1 0 0 0 0 0 0 0
0 0 0 1 0 0 0 0
0 0 1 0 0 0 0 0
0 0 1 0 0 0 0 0
0 0 0 0 0 0 0 1
0 0 0 0 1 0 0 0
0 0 0 0 0 0 1 0
0 0 0 0 0 1 0 0
0 1 0 0 0 0 0 0
0 0 0 0 0 0 1 0
0 0 0 1 0 0 0 0
0 0 1 0 0 0 0 0
0 0 0 0 1 0 0 0
0 1 0 0 0 0 0 0
0 0 0 0 0 1 0 0
0 0 0 0 0 0 1 0
0 0 0 0 0 0 0 1
0 0 0 0 0 1 0 0
0 0 0 1 0 0 0 0
0 0 1 0 0 0 0 0
0 0 0 0 0 0 0 1
0 1 0 0 0 0 0 0
0 0 0 0 0 1 0 0
0 0 0 0 1 0 0 0
0 0 0 0 0 0 1 0
0 0 0 0 1 0 0 0
0 0 0 0 0 0 1 0
0 0 1 0 0 0 0 0
0 1 0 0 0 0 0 0
0 0 1 0 0 0 0 0
0 1 0 0 0 0 0 0
0 0 0 0 0 0 0 1
0 1 0 0 0 0 0 0
1 0 0 0 0 0 0 0
0 0 0 0 0 0 1 0
0 0 1 0 0 0 0 0
0 0 0 0 0 0 0 1
0 0 1 0 0 0 0 0
0 0 0 0 0 0 1 0
0 1 0 0 0 0 0 0
0 0 0 0 0 0 1 0
0 0 0 0 0 0 0 1
0 0 0 1 0 0 0 0
0 1 0 0 0 0 0 0
0 0 0 0 0 0 1 0
0 0 0 0 0 0 0 1
0 1 0 0 0 0 0 0
0 0 1 0 0 0 0 0
1 0 0 0 0 0 0 0
0 0 0 0 0 0 1 0
0 1 0 0 0 0 0 0
0 0 0 1 0 0 0 0

Capacidades:
57 27 34 38 53 42 0 26
29 58 32 36 21 32 29 56
57 48 42 32 50 25 31 35
28 25 0 27 58 20 47 26
23 0 47 35 28 32 58 48
45 32 43 51 52 40 38 33
20 48 38 34 57 52 0 35
36 40 45 0 43 25 28 24
49 26 58 54 38 37 42 36
42 0 32 48 41 40 54 58
