m: 1000
n: 10
p: 8

Distancias:
4.37 2.20 6.22 5.03 8.17 8.71 5.62 4.98 3.24 5.07
1.27 1.14 4.40 2.73 6.10 7.67 3.68 9.35 9.91 5.02
7.80 7.71 2.59 3.26 7.85 8.44 3.68 5.60 7.41 2.67
7.53 9.39 2.21 3.79 5.16 7.06 1.54 8.03 3.75 9.15
3.84 7.42 7.05 1.45 2.60 8.38 2.89 2.67 4.44 2.44
9.04 6.14 8.86 8.18 7.93 7.82 7.83 4.13 4.72 8.00
3.50 6.45 6.43 2.10 6.44 2.86 6.36 9.26 3.81 1.59
5.28 6.71 7.42 3.82 1.11 3.25 8.70 4.14 6.69 1.17
3.46 7.09 8.21 7.01 6.60 2.26 2.19 8.09 2.60 4.25
8.77 8.16 5.74 1.58 8.06 2.20 4.44 4.32 6.42 7.32
8.47 6.24 1.61 1.77 7.07 3.46 1.65 9.25 8.53 8.89
4.87 6.50 4.96 9.92 6.92 3.42 3.45 6.91 9.54 2.60
8.21 1.02 9.39 3.18 1.70 2.86 2.58 6.97 1.85 3.41
9.67 2.63 5.71 1.46 5.58 2.75 4.77 9.06 6.87 7.33
4.36 1.44 1.68 1.33 3.48 4.93 3.12 4.68 6.21 4.50
1.29 8.66 4.55 8.04 7.73 2.59 2.20 1.44 4.23 6.01
8.92 8.29 1.72 4.38 8.11 9.74 5.88 9.54 2.59 6.81
8.84 4.67 5.70 6.14 5.25 8.38 8.67 8.67 3.11 4.00
4.64 2.04 2.48 4.07 6.90 6.55 2.64 8.52 3.48 5.15
2.20 7.95 3.92 7.07 2.36 2.48 9.39 2.08 2.85 6.46
1.44 2.74 6.53 2.18 9.37 9.22 2.85 4.34 3.35 3.82
1.74 1.98 3.89 7.79 9.80 3.34 6.22 6.06 2.17 7.22
2.45 6.51 7.97 3.98 7.41 2.53 6.91 7.22 3.70 9.20
8.04 7.77 1.64 4.81 2.84 4.05 7.34 2.47 4.86 1.99
4.85 6.84 5.95 2.78 6.42 3.03 7.27 1.08 5.08 5.80
1.97 3.97 6.09 1.16 8.89 6.15 2.58 9.66 4.57 9.59
2.88 2.33 1.48 8.34 8.25 6.02 5.36 5.42 7.45 2.71
9.54 8.97 2.54 2.64 4.21 2.78 2.63 8.61 7.44 9.11
7.44 8.33 7.02 2.25 1.29 1.32 9.82 5.63 3.87 1.65
8.93 8.25 6.62 6.44 6.76 2.83 6.07 8.89 9.00 9.67
1.00 5.37 8.35 5.09 5.16 5.36 7.41 8.18 2.95 5.86
2.44 7.54 3.77 4.43 6.00 3.90 5.23 8.83 3.20 9.45
3.27 7.45 6.32 8.82 6.48 3.88 5.31 8.21 4.36 9.24
2.48 4.27 3.40 7.04 3.07 4.37 3.65 9.67 1.98 4.76
5.07 8.57 9.44 7.34 9.52 8.04 8.20 7.47 2.17 9.80
9.26 8.76 2.24 7.87 1.69 6.55 2.91 3.33 2.91 7.18
5.87 7.27 1.29 2.21 7.62 6.33 4.81 5.01 5.89 9.34
8.42 7.03 7.28 8.16 5.98 4.50 6.74 3.11 6.69 5.70
8.77 1.95 2.70 2.50 2.29 5.24 5.44 2.27 5.73 3.41
1.11 8.76 8.85 4.15 2.10 1.81 2.88 8.31 1.38 4.25
2.09 5.29 2.04 7.41 8.39 5.20 7.44 7.47 8.28 4.86
5.50 2.46 2.77 7.18 6.00 7.79 4.86 7.77 5.35 8.00
5.16 6.65 1.84 3.47 8.60 6.14 5.19 8.61 2.37 5.42
6.67 9.59 2.99 7.01 3.07 4.37 8.95 4.73 9.73 5.20
1.80 7.14 9.47 3.20 8.89 3.75 3.06 5.40 1.25 2.33
7.28 5.21 1.64 9.27 2.82 3.29 4.78 6.29 4.43 1.28
5.99 6.64 2.34 8.03 8.77 1.69 1.19 8.87 7.96 4.57
9.72 5.90 4.89 7.28 7.80 6.42 8.56 8.66 3.09 9.87
1.31 7.66 2.29 7.68 2.62 5.73 8.10 7.84 8.01 9.36
7.68 8.73 5.15 4.39 4.32 4.26 7.13 7.35 8.03 9.20
8.34 6.34 5.31 6.72 5.25 9.27 9.94 7.22 3.04 7.50
3.11 8.44 5.74 3.49 4.74 6.92 4.05 3.28 6.03 8.53
4.01 3.93 1.32 5.38 7.81 2.84 5.46 6.20 7.99 5.81
9.71 8.42 9.48 8.36 6.28 4.87 3.60 2.61 7.51 5.42
9.77 9.69 4.21 8.03 7.71 6.79 5.99 2.64 9.74 2.78
8.12 7.23 5.79 2.35 7.21 1.83 6.12 7.54 2.91 2.16
6.25 3.60 6.81 5.73 7.14 5.11 6.21 8.85 4.02 1.10
8.68 6.21 5.52 6.91 7.13 1.54 3.99 7.44 3.10 3.98
5.89 7.86 2.38 2.51 8.25 9.34 5.83 7.73 9.09 4.14
6.80 8.37 7.00 2.43 1.98 6.07 5.96 6.72 9.67 3.05
9.68 8.49 2.01 7.56 3.60 7.32 6.51 5.23 3.74 9.94
9.06 5.59 8.48 4.89 1.42 2.70 8.63 6.44 3.16 1.16
8.84 6.34 5.72 5.88 5.64 8.05 8.23 7.90 8.45 5.75
9.05 8.42 4.41 6.06 7.43 9.01 2.91 6.83 8.46 6.36
5.40 4.81 3.73 3.06 3.87 7.35 8.60 8.08 4.68 7.76
2.89 6.17 1.45 2.68 7.16 9.13 2.90 5.03 6.03 1.42
4.49 2.18 1.18 4.63 3.26 7.71 6.09 7.53 4.70 6.69
5.24 3.10 3.74 2.98 8.69 4.32 1.03 1.99 7.06 6.48
5.76 5.73 4.28 3.91 6.11 1.64 3.91 7.17 5.24 8.64
9.86 6.44 5.45 5.25 4.95 7.46 4.98 7.39 9.84 9.55
9.85 3.04 9.61 2.65 4.38 5.32 1.74 4.69 8.85 9.21
4.93 8.71 7.89 8.01 7.71 5.53 6.16 2.28 3.32 4.09
8.77 9.47 5.09 6.91 7.14 5.39 7.49 4.81 8.33 2.19
4.16 9.08 3.99 8.72 7.41 6.66 4.83 2.81 9.68 2.74
3.98 7.03 6.44 9.93 1.40 7.99 9.60 6.82 3.70 4.41
1.47 6.83 5.67 4.82 5.91 4.68 7.57 4.32 9.72 4.85
9.76 9.83 6.49 4.74 8.80 2.04 9.50 2.75 9.47 8.46
2.70 7.90 5.69 6.03 4.85 1.12 9.04 1.92 9.63 2.75
8.85 7.08 5.92 1.96 1.27 4.43 8.84 8.86 7.65 3.63
2.78 3.12 7.65 9.49 3.71 3.42 1.65 5.98 5.78 9.86
4.41 1.77 8.06 5.18 3.31 3.70 8.68 4.56 4.46 6.59
6.73 3.83 6.97 5.66 6.94 2.38 4.12 5.54 6.94 9.82
3.63 4.17 5.38 5.85 1.67 6.14 2.34 7.02 7.51 4.97
3.02 7.07 9.52 2.40 6.71 6.39 3.18 1.92 2.17 9.78
3.90 7.86 7.47 7.64 8.94 1.19 9.41 8.03 7.66 2.13
1.69 8.49 1.46 5.91 4.05 5.20 4.00 3.43 5.91 7.17
3.34 9.94 7.36 9.28 8.00 6.85 4.06 1.36 7.11 7.75
4.59 1.07 5.02 8.06 1.26 4.67 1.55 5.87 6.97 3.77
8.94 4.44 6.34 5.16 6.63 7.36 9.73 6.07 4.27 4.22
9.65 4.86 4.51 9.18 4.27 8.38 4.84 2.23 1.27 9.96
8.49 2.81 8.55 3.47 1.17 7.74 1.31 6.61 5.12 6.17
6.85 8.31 1.21 4.93 2.19 3.48 9.46 8.63 1.77 5.76
8.41 8.61 4.77 7.34 7.80 4.25 6.92 4.22 6.73 9.30
7.15 2.24 4.06 2.90 6.40 2.97 7.88 7.97 1.09 9.55
1.34 6.09 6.52 4.84 1.45 5.16 2.92 2.52 8.69 8.04
4.37 6.79 7.07 3.02 5.34 8.64 7.17 7.63 8.27 7.36
2.84 9.48 3.01 8.02 7.01 4.84 9.23 5.78 9.47 9.41
5.46 7.43 2.24 7.43 6.51 4.42 4.10 4.87 4.38 1.76
4.30 7.90 3.99 4.06 9.50 3.68 2.76 7.42 3.54 2.44
6.12 3.10 1.44 1.90 5.44 8.82 2.12 8.37 9.57 8.48
7.03 5.77 9.39 8.51 4.85 2.30 1.34 2.19 4.71 1.16
9.51 2.44 2.59 5.86 5.59 8.14 9.51 4.19 6.06 1.82
8.44 1.27 8.05 5.42 1.59 2.43 6.61 2.46 1.45 7.79
6.42 5.42 4.46 1.57 1.38 2.46 7.42 1.47 1.65 5.04
8.87 8.88 5.93 7.84 2.66 6.18 9.68 1.57 3.43 8.16
1.51 2.62 4.93 7.40 4.42 9.29 1.89 2.58 5.82 2.95
5.28 3.45 1.07 9.30 2.28 6.65 9.04 4.60 1.49 8.59
7.02 2.13 9.63 9.17 5.10 3.28 6.28 2.86 2.13 4.41
5.10 5.37 3.61 8.87 6.39 1.65 4.91 5.51 2.15 7.92
4.06 8.69 6.96 2.04 2.33 9.15 9.76 8.80 1.96 1.07
4.18 4.94 4.71 6.16 6.94 3.03 8.15 6.26 7.54 6.45
7.99 6.87 7.80 8.67 6.11 6.46 1.18 3.79 9.40 8.58
9.93 8.18 8.91 3.11 8.48 9.98 4.58 6.02 9.38 8.29
5.64 8.05 8.36 5.36 1.81 4.77 2.98 6.42 8.02 2.26
3.27 4.70 8.91 7.53 8.28 9.86 1.03 3.05 2.75 8.55
7.52 7.86 6.47 3.82 4.51 7.04 9.79 6.94 7.20 5.76
6.75 6.36 2.31 4.13 7.30 6.76 7.89 6.76 9.80 6.47
3.81 1.63 7.39 8.40 9.99 8.93 7.01 6.50 3.03 8.47
1.87 5.12 7.60 7.12 9.09 9.14 5.65 3.63 4.15 3.01
5.19 4.09 3.74 8.04 9.58 9.60 5.23 3.50 4.66 3.73
4.16 6.21 5.56 2.34 7.29 1.55 5.74 3.10 4.99 9.73
1.79 4.89 2.42 3.18 1.88 9.54 6.76 6.52 8.82 6.97
4.74 2.59 2.18 5.88 3.30 9.62 2.05 4.53 9.85 1.71
3.89 2.39 2.42 7.82 9.93 4.26 6.24 6.30 1.12 3.66
4.02 4.83 1.95 2.16 1.58 3.69 2.82 8.55 5.57 2.01
1.93 2.85 4.16 1.54 5.03 8.41 6.74 2.35 5.06 4.69
7.36 5.37 7.41 5.96 4.07 1.96 2.65 8.64 5.51 7.67
2.87 5.47 5.74 4.47 7.18 1.51 3.32 2.09 3.93 2.21
5.88 9.63 3.10 4.98 5.79 7.93 8.64 5.04 1.80 2.51
7.83 9.52 8.09 3.30 5.64 9.73 7.79 6.60 6.75 2.49
7.42 3.83 7.44 3.64 6.45 8.30 6.01 6.49 4.09 5.66
2.31 1.89 4.68 8.26 9.49 4.38 7.59 9.94 6.77 8.05
3.06 8.09 5.96 3.47 9.27 6.58 1.25 8.05 6.95 5.00
2.86 3.34 1.71 1.53 6.18 5.44 6.55 1.41 1.84 6.33
9.97 5.06 1.62 8.80 8.92 5.09 8.38 8.80 5.03 8.43
9.74 3.09 7.22 3.20 6.76 1.17 5.74 6.63 3.20 4.92
5.05 2.12 9.10 8.53 7.07 6.94 2.09 7.75 4.86 8.07
6.02 6.28 4.39 6.26 6.55 1.83 6.54 6.61 6.02 3.77
3.51 7.89 1.19 4.58 7.43 4.40 7.38 4.70 2.28 1.12
4.84 9.46 2.65 7.43 6.40 6.93 4.94 1.59 1.55 3.48
5.46 9.50 9.55 2.80 3.46 1.19 4.22 3.63 8.81 2.73
1.24 5.82 2.59 7.62 4.61 4.14 9.38 7.88 5.16 1.44
4.20 4.34 4.75 1.88 5.07 2.58 5.21 4.75 2.46 2.18
9.77 1.02 5.73 3.74 4.16 7.02 9.10 4.98 5.42 6.39
8.67 7.96 2.99 1.22 6.59 7.63 4.97 9.48 4.80 6.14
4.44 4.62 5.97 8.54 1.02 9.54 4.76 5.02 9.55 3.68
8.25 9.87 4.20 1.22 3.82 6.69 6.53 4.16 7.94 8.23
7.43 7.64 9.63 5.04 7.59 2.93 7.80 9.37 3.57 8.75
1.28 5.08 4.04 2.16 2.40 6.28 6.06 3.35 4.12 6.82
2.47 9.48 9.92 5.16 6.63 9.57 5.11 1.13 7.03 8.61
4.51 5.22 4.40 4.19 7.53 4.04 5.46 2.33 4.69 9.18
1.95 5.03 2.14 3.50 9.99 9.75 7.77 6.95 4.34 4.60
1.20 7.39 1.23 6.79 8.87 4.04 1.96 5.59 7.97 5.97
3.40 3.97 2.64 8.64 7.32 9.42 6.28 3.23 8.27 7.20
2.49 9.81 7.99 9.55 8.85 7.46 3.87 2.23 9.98 6.88
3.30 4.06 1.20 6.35 4.25 8.04 2.93 4.20 3.26 6.38
2.20 1.34 1.46 3.33 4.78 2.84 6.50 2.84 3.40 9.52
9.16 4.91 4.82 5.77 9.74 9.22 9.68 1.28 7.95 1.59
6.03 6.26 5.21 7.72 6.57 6.12 2.78 4.03 2.49 8.58
7.06 9.48 7.71 9.45 6.77 8.98 4.16 9.35 5.84 1.62
4.63 9.92 8.53 5.82 8.20 9.67 8.21 6.51 2.87 1.07
8.20 3.99 3.89 3.95 9.31 5.52 4.47 9.16 2.28 3.41
8.51 4.98 8.89 5.60 7.19 7.61 9.70 3.75 9.06 5.95
1.97 5.29 9.73 1.95 4.96 9.13 5.87 5.83 6.91 1.87
4.04 4.45 3.72 5.80 4.82 3.72 6.92 2.01 6.90 7.84
7.28 4.30 7.92 3.03 9.25 1.35 5.31 5.54 5.40 7.31
9.65 2.56 2.25 6.77 6.60 6.07 1.95 1.42 1.62 5.93
4.40 3.94 5.36 2.35 6.04 6.73 9.48 8.90 6.56 2.82
3.64 4.11 9.26 6.45 3.62 1.02 3.15 8.54 2.62 5.84
9.80 3.59 4.57 9.92 4.80 7.24 4.55 2.27 3.25 9.15
2.67 7.43 1.84 7.79 8.46 6.40 6.76 7.83 1.17 8.25
7.69 8.45 4.27 2.00 7.44 3.92 6.56 5.09 2.67 9.02
4.02 1.62 9.47 4.51 3.93 6.90 6.30 6.98 1.30 9.58
5.81 3.97 6.33 6.48 1.65 6.44 9.62 1.54 7.02 4.93
4.41 6.21 4.66 2.51 1.24 6.95 2.07 1.66 2.29 9.69
9.19 2.47 9.94 8.28 6.12 8.55 2.04 2.63 3.40 3.81
5.48 4.38 8.33 5.20 3.05 9.64 7.68 5.01 8.66 6.73
6.53 4.52 9.99 7.17 8.31 8.99 7.16 7.55 3.17 9.67
6.31 6.04 3.35 9.94 8.23 9.47 2.15 4.51 9.91 7.82
4.19 6.25 5.35 4.80 1.76 2.73 6.14 7.47 2.28 8.88
8.92 4.36 6.69 2.74 7.86 8.64 3.38 2.28 9.93 5.29
6.86 3.93 2.37 5.87 9.60 7.34 6.59 1.10 5.03 7.96
4.94 9.40 7.15 1.44 1.06 1.31 6.90 4.31 7.70 4.25
9.67 6.67 2.64 1.35 5.47 3.36 2.16 1.74 2.52 5.79
9.08 6.54 2.81 7.36 7.68 6.97 2.35 9.61 6.17 8.86
1.49 1.54 3.76 1.05 1.67 5.76 3.64 4.56 2.41 9.38
6.92 7.76 3.14 3.86 7.76 2.68 6.00 1.17 9.49 5.02
6.26 3.76 4.51 5.64 9.49 3.22 3.03 4.98 1.33 3.04
7.52 8.44 4.10 5.21 6.04 5.86 8.72 4.71 9.53 1.85
5.18 8.96 4.71 2.47 9.66 5.35 2.20 3.81 3.84 1.01
5.43 5.63 8.55 9.57 1.44 6.60 7.29 2.23 3.56 7.52
5.11 7.58 1.73 7.46 2.98 1.85 1.05 4.10 8.32 2.27
1.51 2.11 8.38 6.99 3.88 5.12 1.39 5.13 7.75 1.23
1.23 4.51 2.55 1.44 5.98 4.24 3.66 5.96 4.53 5.41
3.22 6.78 3.69 1.07 3.03 2.67 6.31 3.83 3.32 8.12
2.41 6.08 1.44 9.08 9.06 1.24 9.34 6.01 1.62 8.67
3.76 4.47 5.04 6.19 3.72 5.32 9.11 6.36 3.03 2.77
5.25 1.78 1.59 2.38 6.16 4.25 9.19 9.47 6.28 1.10
2.28 2.81 6.50 5.57 6.30 8.58 3.87 5.08 6.23 1.16
1.16 7.65 3.71 2.32 4.89 6.15 9.10 5.65 1.03 1.01
8.88 1.59 1.39 6.24 7.21 3.14 6.15 9.87 6.78 2.62
4.40 5.63 4.96 7.86 4.93 9.70 6.71 1.87 9.08 6.84
7.56 1.25 7.00 9.31 4.45 7.94 1.92 7.80 2.10 5.71
7.51 7.74 5.03 4.75 7.91 7.22 5.53 5.79 4.57 9.64
1.11 7.32 5.45 3.89 5.01 5.31 3.90 9.06 4.46 7.80
9.23 5.53 3.78 6.83 9.30 1.22 4.56 7.92 4.81 8.61
1.43 4.69 6.38 5.09 8.66 8.06 7.77 3.13 3.36 3.21
4.43 2.51 4.12 5.70 8.27 7.89 7.38 1.78 5.86 1.74
5.95 2.96 7.81 7.77 3.42 4.39 5.02 8.71 4.74 2.49
5.13 2.75 7.41 9.61 8.06 3.85 2.69 3.02 2.15 8.81
1.42 3.81 4.92 5.55 4.23 3.25 2.97 1.67 5.77 3.30
8.79 6.40 5.81 9.54 5.93 7.97 5.47 3.27 5.73 5.44
5.78 5.41 3.17 3.48 1.81 7.80 3.35 9.27 6.31 5.81
3.86 3.51 6.46 1.69 9.64 3.89 2.55 7.56 8.32 6.09
8.95 7.39 9.34 8.19 1.38 9.00 1.86 6.37 3.45 5.05
5.07 2.72 1.83 4.51 2.12 8.44 8.53 9.20 9.66 6.47
9.86 9.47 2.27 6.46 5.87 6.18 1.05 4.03 8.12 1.67
3.38 8.12 6.30 3.89 7.89 9.60 3.61 7.80 5.71 4.00
3.17 2.52 8.49 9.99 8.10 9.83 5.90 5.19 6.90 9.97
1.67 9.38 2.72 1.31 4.57 1.83 1.36 2.98 2.22 4.40
3.91 5.00 6.48 3.45 1.49 9.31 5.79 2.18 5.74 3.49
9.85 1.70 7.82 2.97 9.06 9.48 9.94 3.17 3.73 3.28
6.65 7.55 9.75 8.55 5.12 5.94 8.83 3.95 3.28 9.75
3.92 8.26 4.88 6.69 7.83 9.01 8.95 6.52 7.78 1.32
7.47 5.42 1.58 8.52 6.66 2.99 2.50 9.50 7.78 2.34
4.71 7.42 5.43 1.99 2.34 2.35 7.36 5.66 4.72 4.40
1.85 8.04 3.61 5.60 1.56 1.43 8.18 9.96 5.48 8.95
4.17 2.38 10.00 4.42 8.29 8.67 4.97 4.21 4.69 3.74
1.18 2.45 8.59 1.81 6.26 8.24 1.40 3.90 1.81 1.94
3.44 6.89 3.87 6.29 7.35 1.56 7.78 6.73 5.20 7.63
6.35 7.70 3.11 8.47 9.91 4.48 1.85 6.13 3.31 5.47
2.68 7.67 9.64 2.28 2.82 6.21 9.36 9.57 3.01 1.25
3.13 2.35 6.41 8.08 9.65 6.88 9.24 2.52 9.84 6.44
4.82 1.76 5.86 8.25 1.03 5.65 5.17 3.97 1.08 6.92
5.33 5.80 2.78 3.61 1.50 9.43 8.03 9.13 5.51 4.32
1.16 5.20 6.27 3.02 3.51 9.44 4.46 6.99 7.28 6.49
5.24 2.37 2.91 9.21 8.34 5.41 6.74 2.08 6.37 4.13
1.84 6.45 7.14 8.66 2.27 2.03 8.87 4.65 1.34 6.31
9.76 8.67 9.58 1.29 8.83 5.45 5.65 5.55 3.71 9.92
3.81 5.90 3.63 3.64 2.12 9.65 9.11 1.73 5.06 4.52
5.69 3.55 3.78 7.86 9.18 4.15 6.80 5.93 1.64 1.34
3.02 5.04 9.53 9.45 9.49 5.61 4.05 1.18 6.82 7.68
3.72 5.46 8.45 2.66 6.50 5.43 1.56 5.11 6.51 9.52
1.39 5.17 3.62 8.80 8.86 1.11 5.39 6.19 5.89 3.86
2.76 5.95 8.58 1.60 7.80 1.00 1.63 1.65 9.30 1.02
8.24 6.23 1.85 4.66 9.54 8.85 5.06 8.69 5.88 7.39
9.55 7.90 1.37 9.88 6.06 3.49 3.31 3.76 4.88 8.47
9.63 4.08 8.22 5.50 2.45 7.27 4.79 7.14 3.15 7.71
8.84 1.63 9.43 1.33 9.62 7.93 3.56 7.91 9.84 2.71
7.92 5.56 7.82 2.39 9.55 6.52 7.15 9.54 9.02 5.24
1.31 6.58 1.95 2.09 3.81 3.13 7.26 9.78 2.57 9.76
5.61 8.26 8.59 8.68 9.81 2.37 8.34 1.31 1.32 7.27
1.13 9.10 5.43 2.77 2.57 2.82 8.01 4.32 2.73 7.70
7.44 1.03 1.20 4.43 9.48 4.54 5.26 2.86 5.48 5.99
5.63 7.67 7.63 5.08 4.61 9.73 4.96 3.13 8.41 9.07
7.13 6.93 1.59 8.18 6.88 4.34 4.00 9.77 3.44 6.96
4.15 2.87 4.91 8.11 5.41 1.39 4.15 8.91 3.53 9.03
2.16 3.89 5.41 5.17 8.35 7.06 1.73 1.94 2.30 4.29
6.50 3.80 6.51 4.78 7.34 4.39 8.11 3.21 6.14 7.10
2.08 4.34 4.95 8.57 5.49 9.56 1.88 8.25 7.45 2.83
9.87 6.01 1.91 2.52 7.48 6.37 4.51 2.76 8.05 8.39
5.00 4.78 8.12 2.67 6.80 9.79 2.54 6.71 2.33 7.99
2.11 5.80 9.62 1.24 7.99 4.74 4.64 8.06 6.84 2.65
6.15 5.99 1.04 4.67 6.32 8.17 4.20 2.57 2.73 2.17
7.38 6.62 5.73 6.64 6.61 2.88 2.36 2.22 6.42 9.94
3.35 6.13 8.08 8.48 4.13 9.54 7.25 1.55 7.51 3.58
5.12 1.26 6.10 3.17 5.41 7.29 2.72 2.10 2.91 6.60
9.34 5.18 3.17 7.54 8.86 8.65 7.81 9.83 5.13 4.58
7.86 5.31 2.67 9.44 8.27 8.93 8.35 6.73 4.06 6.35
9.23 6.35 7.92 4.67 8.96 2.62 1.17 2.08 6.83 1.94
7.41 6.64 3.31 3.36 2.24 1.17 2.97 7.32 8.30 4.26
7.98 9.39 3.73 5.30 9.16 5.18 7.47 9.11 6.55 2.49
6.22 3.68 1.23 2.74 7.13 7.39 4.16 7.04 4.34 5.45
1.17 5.72 3.51 8.15 2.59 8.44 7.91 8.15 5.37 1.42
4.26 3.15 6.72 2.29 7.04 1.41 4.00 1.75 9.94 7.56
3.90 9.28 4.74 9.87 7.08 2.45 7.05 3.63 5.94 8.43
3.29 5.25 5.05 3.09 1.71 9.00 9.31 7.35 9.63 5.71
9.59 7.45 7.23 1.28 1.72 4.69 2.13 3.66 7.37 9.64
8.15 5.34 9.28 8.90 8.01 6.60 9.01 9.68 9.74 9.56
8.90 7.39 6.71 5.23 4.59 7.99 7.49 3.09 4.09 2.72
6.84 4.75 5.49 7.85 9.72 5.60 4.59 7.94 7.34 2.98
9.63 2.41 9.82 2.86 8.24 5.45 5.85 5.31 9.05 9.73
7.60 2.67 9.58 1.31 5.76 6.41 1.67 5.16 4.93 2.04
3.61 3.99 4.79 3.06 3.56 7.09 8.67 7.96 1.16 8.80
9.31 4.60 8.75 2.65 1.22 3.64 4.97 5.77 4.14 9.18
1.67 9.95 5.07 7.72 8.75 7.11 1.67 8.48 2.80 8.80
8.04 2.26 8.23 2.76 1.58 8.70 7.53 8.52 7.94 8.45
8.09 6.32 1.87 1.47 1.12 9.79 6.23 5.47 3.83 8.53
2.09 5.85 9.53 6.35 9.15 5.70 6.98 3.68 5.25 9.53
6.49 8.12 4.34 8.34 1.36 2.63 7.24 3.73 7.55 6.15
5.06 8.60 6.59 1.77 5.31 9.13 7.31 4.27 4.61 2.02
2.02 4.77 7.42 2.38 1.04 4.15 3.74 1.13 9.30 7.57
8.32 4.13 3.24 3.35 9.75 5.98 3.63 8.36 7.89 6.33
8.28 3.86 6.66 4.58 9.37 4.34 7.92 4.51 9.44 1.32
1.79 7.24 1.45 2.31 6.55 5.00 5.98 5.72 8.38 5.07
6.72 2.63 2.07 6.49 5.14 8.37 4.31 7.16 1.24 1.30
1.48 6.35 6.43 4.16 2.96 6.88 4.63 8.40 7.24 5.06
7.31 4.13 7.24 7.98 3.80 4.92 1.99 4.55 2.63 3.33
7.62 8.48 1.48 6.35 7.82 2.47 5.60 6.86 3.51 3.11
1.70 3.64 1.28 1.82 6.47 3.99 9.86 8.00 2.59 2.25
4.36 2.17 4.25 5.10 6.78 9.73 5.79 1.30 3.62 3.04
4.89 1.88 8.75 3.67 4.48 1.30 7.76 3.30 8.99 9.25
1.65 5.08 1.46 5.18 7.12 3.93 6.45 2.07 8.38 6.99
6.40 8.22 8.88 7.07 8.30 4.36 4.76 7.14 7.96 1.60
4.58 1.92 8.49 7.32 5.09 1.86 9.54 3.13 8.60 2.37
2.21 9.74 4.36 8.47 5.73 5.57 2.41 8.00 6.46 7.17
9.99 6.98 5.50 9.98 2.82 7.12 6.36 2.34 7.63 8.80
9.09 3.95 2.70 6.60 3.74 8.41 4.93 1.69 1.32 2.99
6.98 8.66 5.81 5.48 2.25 2.78 5.17 3.25 6.28 3.47
7.14 7.87 9.24 3.28 5.10 9.24 9.92 1.57 4.09 3.61
9.33 4.59 2.78 8.15 6.88 7.24 8.01 7.31 6.63 7.80
9.15 5.22 8.45 3.28 5.34 9.05 7.93 5.46 4.40 5.80
8.17 9.28 9.62 3.24 4.79 9.09 3.72 8.49 9.95 3.79
6.30 8.09 8.06 6.05 9.38 2.07 4.01 5.52 1.27 4.24
7.14 1.32 3.22 5.52 2.99 6.55 5.81 3.66 1.18 4.72
2.02 4.95 3.40 7.93 6.26 1.45 1.02 1.04 3.85 7.47
5.95 1.75 9.34 4.11 9.48 3.00 2.54 4.93 1.00 2.44
6.82 8.18 6.82 6.50 4.20 8.38 2.19 5.16 2.68 2.86
6.04 8.62 4.58 6.11 6.93 9.84 7.36 8.84 7.38 1.50
3.39 3.25 9.18 7.33 1.94 2.97 7.21 8.21 8.20 5.32
8.56 3.74 5.16 9.81 3.21 8.34 7.52 1.84 7.34 5.30
6.73 9.47 6.94 2.72 2.77 4.34 9.97 6.39 2.62 6.16
9.82 1.26 1.95 1.04 8.04 8.08 8.91 7.81 7.60 1.66
3.65 3.62 5.66 7.74 4.93 1.88 8.04 9.45 4.65 1.34
4.47 8.23 8.64 9.54 2.41 8.94 4.88 5.24 8.61 2.69
4.77 6.01 6.95 8.16 7.70 6.10 9.98 2.22 3.15 1.67
2.53 1.72 5.07 4.00 6.28 8.99 2.17 6.97 2.15 2.38
7.62 6.74 8.70 8.30 8.75 7.64 1.64 1.06 5.50 8.23
4.38 5.76 5.72 6.75 6.43 2.42 5.00 9.93 5.78 2.01
6.20 8.35 9.06 2.72 2.48 2.16 8.85 4.69 6.64 1.44
7.17 6.34 4.51 9.22 7.92 1.44 4.68 2.29 1.46 7.75
8.72 6.90 8.23 3.59 4.84 8.90 7.40 1.19 8.70 8.69
9.72 2.41 5.83 9.08 3.57 7.88 8.05 4.51 7.31 2.75
9.58 6.92 9.76 7.71 5.81 6.73 4.60 9.86 2.72 6.91
9.81 3.67 2.00 4.28 7.71 6.67 4.89 7.79 8.81 6.66
3.55 2.54 7.09 8.04 1.41 3.93 9.57 9.70 1.89 7.14
1.89 9.40 8.42 3.36 6.84 2.37 9.75 3.02 6.32 5.93
4.70 7.94 7.50 1.80 7.05 4.89 7.16 9.30 6.77 8.58
6.26 7.46 6.62 6.17 3.56 8.43 7.34 3.22 9.34 8.02
7.90 2.85 4.86 8.38 7.79 3.42 3.64 3.61 8.91 7.13
1.02 8.56 1.32 7.32 7.97 1.12 6.81 9.07 4.92 3.75
8.30 9.98 6.44 6.44 5.21 5.14 1.10 4.64 5.59 3.90
6.09 7.15 1.97 4.79 7.38 8.92 6.35 7.06 2.45 9.08
8.72 9.43 4.30 1.86 8.76 4.22 4.42 8.64 6.24 9.06
2.60 6.93 3.29 8.92 4.47 6.92 2.27 4.01 7.07 7.61
8.45 8.78 6.36 5.93 2.42 8.85 1.60 5.77 5.61 4.79
4.82 8.42 4.83 9.27 1.87 7.65 9.28 4.67 1.56 5.42
4.01 5.29 4.78 1.49 3.30 2.84 4.82 6.09 9.50 9.18
4.07 2.07 4.64 4.44 7.12 9.15 4.73 3.35 9.59 7.41
9.72 6.71 8.74 3.51 6.15 8.35 4.92 9.17 9.99 6.60
4.11 6.90 6.01 3.55 7.29 6.85 5.21 7.59 7.06 1.66
6.79 6.34 7.04 6.18 1.28 1.99 3.79 9.37 4.20 2.02
9.61 6.23 8.14 2.00 5.35 2.38 2.03 6.53 2.93 1.70
4.74 4.33 5.40 5.21 2.48 3.97 1.11 8.11 3.38 7.32
3.08 8.89 7.26 5.07 7.30 8.50 2.28 6.43 8.06 1.73
2.97 9.40 4.03 2.14 7.22 8.43 4.35 2.23 7.80 6.39
2.87 9.77 9.35 6.28 1.09 6.70 7.31 9.42 4.44 7.80
6.58 5.02 8.59 5.34 8.37 9.14 1.19 8.63 1.08 2.18
8.92 9.84 8.16 4.06 6.27 9.48 1.50 1.17 7.18 8.19
8.26 6.62 7.03 6.67 5.03 7.50 9.48 4.85 5.79 6.31
4.85 9.04 7.66 3.25 7.34 6.72 5.41 5.10 9.46 7.83
6.88 9.03 2.77 1.10 8.65 6.54 8.93 3.44 7.55 5.49
1.76 9.15 3.04 4.92 1.25 5.94 9.71 3.45 3.50 7.89
7.03 2.09 4.58 3.21 9.54 8.16 5.25 5.04 8.41 3.43
5.03 5.07 2.60 3.54 2.38 2.47 9.78 9.38 2.48 7.18
3.93 6.72 1.04 5.82 2.19 5.53 5.45 2.67 2.44 9.51
3.79 7.37 3.42 2.22 7.03 7.57 1.17 3.68 5.44 6.69
7.74 4.54 2.47 6.16 9.24 9.60 9.20 1.64 4.90 9.45
1.35 3.45 2.05 5.89 9.22 5.44 9.89 3.67 1.23 4.74
7.82 7.81 5.53 1.48 8.55 7.57 5.07 9.25 9.45 3.84
6.51 5.16 6.33 1.15 9.40 6.31 4.71 5.26 1.97 4.21
5.75 6.43 4.23 4.09 8.00 7.78 3.12 1.74 4.83 9.68
7.64 9.54 3.33 5.31 2.60 5.87 3.08 8.10 1.13 3.09
3.26 8.70 9.55 3.77 9.26 5.52 7.14 3.42 4.84 8.25
5.87 6.48 3.14 3.30 7.49 2.78 3.17 8.83 6.50 5.87
2.45 2.75 9.62 3.42 8.54 5.72 7.75 4.07 7.20 1.99
3.92 4.85 1.18 3.37 3.36 8.81 1.50 9.54 5.69 1.53
7.90 4.52 1.34 7.78 5.41 5.03 5.53 8.11 9.34 7.76
1.34 1.98 7.34 1.63 9.81 2.46 3.24 3.97 1.81 5.89
2.80 8.39 6.80 6.94 2.79 7.08 4.73 4.70 2.55 9.70
1.69 8.01 1.60 1.42 5.19 7.80 2.01 6.40 9.96 1.95
8.87 1.70 4.40 6.81 5.53 7.23 8.58 4.79 8.94 9.49
1.31 9.40 2.31 4.99 1.66 3.02 2.03 2.98 9.99 2.94
9.80 6.63 6.70 1.69 3.81 6.99 5.82 5.97 5.57 5.96
3.33 5.94 6.81 9.81 1.23 4.77 8.38 6.61 6.43 5.97
5.32 6.26 1.50 5.08 4.68 4.37 9.33 5.23 5.09 4.42
5.21 2.47 9.33 2.94 3.96 6.05 4.01 7.17 3.77 2.25
7.78 7.22 4.23 4.77 9.25 8.70 1.09 4.95 3.64 7.17
2.99 4.01 8.43 7.40 8.34 7.04 7.46 3.54 2.03 4.08
9.89 5.87 3.68 9.04 9.45 7.43 3.23 7.38 2.98 3.58
3.90 6.61 6.62 9.55 4.18 2.00 6.16 3.83 6.07 5.27
1.15 2.76 7.17 5.49 9.63 6.53 9.09 3.33 5.02 7.35
6.73 8.67 8.87 7.79 7.82 3.89 9.89 2.68 9.70 2.87
5.51 9.72 3.55 1.31 2.35 3.89 6.30 4.32 4.41 5.32
6.46 4.10 3.07 8.14 1.16 7.43 6.73 7.95 8.37 9.26
1.29 8.30 4.30 4.17 3.28 1.12 6.66 7.47 8.19 7.87
1.83 3.84 1.53 1.95 3.96 8.01 6.42 9.42 8.39 6.83
1.81 1.47 7.84 5.23 6.61 1.64 5.44 7.49 6.08 1.30
7.28 9.87 1.19 9.21 6.32 7.49 7.97 8.21 8.40 8.78
8.85 5.86 9.32 9.77 6.35 8.79 6.94 5.70 7.05 6.29
5.83 8.48 7.18 2.09 3.74 8.10 3.91 1.00 3.69 1.12
4.88 1.92 2.76 1.20 1.04 2.09 1.83 3.51 3.88 4.47
4.86 8.92 8.77 4.87 9.48 8.80 1.23 8.74 9.52 6.87
2.75 5.47 5.04 7.17 1.47 4.66 5.12 1.26 3.45 2.98
8.69 3.65 7.89 8.63 7.44 7.89 8.59 3.80 2.38 7.59
8.95 7.56 3.11 1.59 8.78 6.30 6.23 7.82 3.36 9.30
6.92 7.54 6.71 7.35 9.61 6.25 5.75 2.64 1.29 3.33
4.88 2.27 7.32 5.44 5.86 5.50 3.62 5.23 7.20 4.34
7.17 3.50 7.63 6.78 3.11 4.70 3.88 1.66 9.21 9.16
5.51 1.19 2.64 8.80 6.71 4.53 1.56 3.84 4.32 5.84
2.31 9.40 5.73 9.84 1.37 1.69 2.61 6.35 8.50 9.72
1.40 1.87 6.09 2.18 7.98 7.16 8.68 6.40 9.58 6.62
2.88 2.32 9.45 7.87 2.11 5.43 9.32 8.87 6.92 3.26
6.45 3.09 3.79 6.79 9.69 2.59 4.22 4.47 6.20 7.45
6.05 8.13 2.48 8.17 3.67 8.06 8.58 7.16 6.70 9.48
6.29 4.85 3.15 8.70 3.81 5.63 5.71 4.87 8.97 5.40
6.39 4.83 5.57 3.73 2.31 9.16 4.98 4.82 5.74 6.25
7.36 3.97 1.66 6.98 5.49 1.77 5.54 6.83 1.20 2.40
3.68 5.39 3.03 4.11 5.27 3.26 4.72 7.90 1.16 5.08
1.52 3.34 4.45 8.54 7.07 7.11 2.59 3.42 3.86 8.11
8.87 8.35 1.91 5.41 3.18 3.16 4.48 2.57 1.92 7.67
3.84 2.77 2.87 9.44 6.06 1.19 8.34 6.26 8.07 7.15
1.79 7.86 3.16 1.24 1.98 2.44 2.30 6.14 3.36 3.88
9.46 8.65 2.20 3.68 7.53 1.31 7.79 7.07 9.43 4.92
9.75 2.79 5.26 5.47 1.58 4.54 6.36 9.85 1.01 4.55
1.53 2.99 8.49 4.45 5.56 9.39 6.22 7.37 1.61 2.93
4.57 3.16 9.34 2.61 1.32 7.94 8.64 2.10 3.06 9.80
3.91 4.97 7.17 9.61 8.76 1.80 7.53 5.56 5.24 5.53
3.93 1.87 6.13 5.28 5.14 5.03 8.86 8.28 4.48 8.36
2.15 7.69 8.55 6.21 3.47 2.12 2.96 1.82 2.96 9.83
7.59 4.70 1.28 3.64 5.27 8.81 2.86 4.10 8.31 6.49
2.08 7.26 2.62 2.98 2.21 1.13 5.43 5.01 3.81 1.71
9.52 9.04 7.52 6.32 7.63 7.10 4.41 4.47 4.00 6.69
8.59 7.58 8.66 4.55 6.98 9.53 3.64 8.77 4.04 3.85
1.70 8.09 7.74 4.25 1.91 2.96 3.17 3.35 5.36 6.10
8.07 7.91 7.55 4.94 9.25 7.90 7.15 7.39 5.26 3.82
1.43 8.30 7.73 7.14 3.93 5.27 9.08 9.85 2.98 9.83
1.15 6.61 3.37 7.17 9.05 4.40 2.97 7.35 7.00 3.23
1.11 7.70 3.56 4.78 8.95 4.84 9.13 1.88 8.20 5.07
6.31 7.34 2.25 7.18 5.52 4.85 9.51 5.84 3.73 8.05
9.17 4.41 5.35 6.28 2.68 8.89 4.25 5.12 3.55 2.93
2.13 9.41 6.17 1.86 1.39 3.92 7.28 5.65 1.34 2.44
1.54 9.21 2.20 9.21 6.35 8.98 6.69 2.97 3.84 6.07
2.60 5.12 9.97 2.57 1.89 5.03 7.57 3.05 7.85 9.51
8.32 9.40 2.80 7.93 3.38 7.71 1.48 9.41 6.14 8.54
1.06 2.62 9.13 1.84 1.83 7.68 9.96 1.57 6.22 5.05
6.78 1.12 9.42 6.75 7.61 9.67 8.23 8.42 1.79 1.78
7.07 1.56 1.15 5.06 4.83 4.94 3.88 7.30 5.57 6.84
1.50 2.00 7.52 9.58 9.51 4.80 3.39 5.01 6.29 7.20
5.44 3.33 7.21 2.18 2.54 3.87 9.39 1.89 6.39 1.95
3.99 1.51 8.34 1.60 8.56 4.28 8.74 9.50 5.87 2.94
7.77 2.33 4.34 2.16 7.44 8.62 2.84 5.65 5.24 6.94
2.56 7.85 9.18 4.28 4.43 5.08 6.93 3.11 5.86 3.94
4.70 2.14 7.78 7.51 1.50 6.48 7.55 9.33 2.47 7.09
7.32 4.99 1.91 8.18 8.32 9.90 9.21 5.97 3.73 2.59
4.55 9.99 3.13 2.22 5.63 1.44 1.72 2.82 5.24 9.20
2.56 1.47 4.57 8.04 1.76 2.17 5.33 9.53 6.34 8.19
1.71 3.97 9.45 4.00 8.27 3.30 6.53 9.62 6.87 8.02
4.26 5.80 7.32 5.87 5.50 2.28 3.24 5.49 3.64 8.45
4.38 9.47 2.85 4.43 8.88 5.72 4.37 7.44 6.13 9.00
7.87 6.02 2.97 1.93 9.67 2.34 8.75 7.83 7.41 5.05
9.89 5.33 2.39 5.47 2.50 4.44 8.37 2.53 2.08 9.37
9.98 4.28 7.43 2.78 3.35 9.23 2.20 2.27 2.58 1.14
6.50 2.23 6.03 7.67 3.04 9.65 9.89 2.10 8.45 3.82
7.10 9.66 5.12 4.48 2.33 5.31 1.80 3.65 2.28 3.40
8.02 2.81 4.24 8.49 8.70 9.85 6.45 4.58 2.20 3.48
6.37 1.24 6.23 5.91 1.48 4.08 3.73 7.77 7.98 1.65
3.44 8.49 7.70 1.97 5.06 8.82 8.98 4.12 5.80 4.35
5.82 9.94 8.90 8.59 1.22 8.79 2.72 3.95 5.75 4.88
6.96 3.79 5.61 6.81 1.71 7.81 8.84 9.01 5.33 5.13
2.93 8.98 5.26 6.72 4.83 8.07 1.57 7.32 6.90 4.79
3.86 4.68 8.15 9.29 1.79 8.71 4.39 5.45 3.38 3.81
5.19 5.50 3.27 4.57 3.27 3.41 8.50 1.24 7.30 5.80
3.91 2.55 2.89 7.37 4.95 9.87 4.40 4.79 9.57 7.43
4.78 3.37 9.29 9.73 9.58 7.44 4.70 7.70 4.78 8.79
2.48 2.32 1.59 5.61 7.18 1.74 2.07 2.00 3.26 1.18
7.16 6.10 8.53 2.96 7.36 9.20 9.06 9.34 2.43 9.40
5.60 3.18 4.21 5.87 5.79 4.96 1.80 4.63 6.69 5.47
4.04 3.73 9.25 3.92 8.62 3.85 8.39 9.33 2.12 6.62
3.14 5.23 7.19 3.99 9.31 2.17 3.01 3.53 5.83 4.91
3.05 3.66 1.97 2.61 5.17 8.65 8.96 1.39 4.03 5.57
9.90 1.75 6.30 1.79 6.46 8.03 6.51 2.31 7.02 2.03
9.49 7.39 3.79 1.91 2.84 7.55 2.31 7.66 6.25 7.07
3.84 9.01 5.89 5.87 2.02 9.12 2.46 2.51 2.64 1.72
6.28 4.85 7.96 1.70 4.85 4.86 7.51 6.93 2.11 3.50
5.65 8.42 5.06 9.64 6.43 6.92 7.95 6.11 8.97 9.00
6.89 2.46 9.16 4.60 4.59 8.27 8.55 8.77 1.99 6.85
4.27 5.10 1.18 6.80 6.07 9.79 4.22 5.87 1.85 4.57
2.02 9.03 6.55 5.56 7.55 1.88 6.55 3.36 2.58 7.71
7.19 1.01 9.95 1.36 7.35 7.89 2.05 1.61 5.42 1.93
4.58 5.72 3.20 4.03 7.80 7.85 6.19 5.25 9.90 8.85
6.71 3.65 3.58 3.04 5.59 9.90 1.01 3.40 7.68 9.26
6.42 6.79 8.21 1.56 1.70 2.54 8.51 8.50 7.02 9.12
1.27 2.24 9.41 9.07 4.98 6.14 2.11 8.13 1.80 9.59
2.17 5.78 4.70 7.51 1.84 9.57 8.14 9.68 7.71 5.63
5.53 3.93 8.66 3.98 8.05 7.64 8.38 5.73 1.22 1.98
5.93 1.67 4.18 6.69 1.59 7.48 9.27 9.83 7.41 1.34
6.96 7.60 8.81 3.34 2.47 9.45 2.90 8.12 6.89 2.31
9.03 1.30 2.29 1.68 2.47 3.20 3.18 4.59 7.80 1.41
5.94 4.34 7.63 3.73 6.18 1.45 4.14 8.18 7.18 8.85
6.79 3.49 8.68 3.33 5.29 7.69 5.11 5.31 1.16 6.60
3.19 9.37 6.85 7.23 2.00 2.33 9.44 8.37 3.23 7.89
4.11 7.61 4.29 6.42 1.59 4.99 9.60 2.28 8.20 4.16
9.42 9.63 6.68 4.63 7.51 5.13 3.99 6.32 3.53 1.82
6.10 2.03 8.18 9.39 2.96 5.23 8.32 3.02 6.08 9.06
7.60 1.65 6.79 5.25 1.56 3.09 4.45 5.97 1.36 9.89
5.17 1.83 2.61 9.49 3.80 5.15 4.56 9.76 5.03 6.09
2.93 6.30 8.53 4.49 4.60 8.60 2.57 6.89 6.06 7.02
1.59 7.94 6.84 5.59 5.05 6.11 5.49 3.10 7.57 2.83
2.11 8.99 1.38 7.39 4.72 2.59 4.63 3.72 9.32 6.92
8.08 4.96 9.83 3.90 6.30 1.98 6.68 3.55 9.69 1.87
8.46 2.06 1.06 1.26 2.91 1.99 6.59 5.80 5.16 1.65
7.75 1.62 4.33 8.61 2.73 3.71 5.05 8.02 1.97 6.66
6.08 6.48 1.35 5.23 8.03 8.72 5.93 1.77 2.32 2.99
8.14 4.61 2.92 4.44 2.21 4.93 8.55 6.14 4.40 2.79
9.63 7.97 7.23 9.04 8.37 1.15 7.95 8.69 2.83 8.74
7.22 1.81 7.18 2.65 6.52 3.37 8.72 4.10 8.37 5.49
9.48 9.01 7.27 9.25 2.86 4.31 6.54 7.69 5.36 1.29
7.79 8.92 9.40 3.90 9.80 6.07 6.33 9.70 6.62 5.77
2.14 9.28 6.51 2.94 5.17 4.04 2.44 6.50 2.98 8.15
3.55 2.84 1.87 5.23 6.34 8.11 3.19 8.16 9.47 1.75
1.35 7.43 9.92 2.68 1.84 7.29 4.59 6.60 8.20 1.06
8.62 6.61 6.31 7.18 7.28 8.60 2.66 5.99 9.38 9.17
3.63 9.43 4.05 9.83 6.18 4.18 3.93 1.21 5.09 7.24
4.58 4.29 1.81 9.45 8.08 9.08 8.48 7.66 4.27 5.04
5.38 1.52 2.63 7.35 1.40 8.92 9.13 4.77 9.65 3.96
9.69 6.08 8.81 2.01 6.61 5.78 8.65 9.97 4.88 1.24
3.98 7.22 1.74 7.79 6.54 4.53 5.17 7.62 6.24 8.96
4.46 6.31 4.91 7.52 6.14 6.43 5.33 8.07 8.75 6.37
4.86 9.65 4.51 5.84 4.16 6.82 6.69 6.33 8.13 9.98
9.90 4.86 2.75 3.83 6.04 3.35 6.88 8.29 4.21 2.46
9.11 6.89 6.45 6.23 4.86 4.40 5.91 7.11 4.30 9.38
2.75 6.69 6.51 2.07 1.96 9.01 6.90 1.53 7.93 7.88
9.61 5.00 6.94 1.16 7.35 5.02 4.64 1.24 3.74 1.69
6.76 9.53 7.37 9.96 1.27 2.47 9.64 9.82 6.67 4.75
2.43 6.25 1.17 6.47 6.64 4.09 5.67 6.78 9.17 8.76
9.52 5.58 8.52 8.59 4.92 6.08 4.15 6.95 7.05 9.32
6.69 1.04 1.35 9.67 7.64 3.77 8.07 6.75 7.83 9.37
8.18 4.85 4.08 2.28 7.96 6.63 3.49 2.15 4.30 5.55
3.60 8.44 9.26 6.88 4.35 1.06 1.90 2.40 9.85 7.41
5.35 8.98 2.03 1.26 1.45 4.61 8.45 1.28 6.28 7.46
8.45 7.26 2.25 7.16 1.45 4.68 7.03 9.50 8.74 3.45
1.61 9.85 8.70 1.76 6.70 3.07 2.43 8.67 9.94 5.61
2.87 5.87 4.04 4.33 1.56 4.82 3.81 9.92 4.61 6.19
6.19 5.30 7.43 8.23 5.02 7.37 8.58 5.04 8.16 7.70
3.88 1.24 5.12 3.00 8.79 2.83 6.09 8.41 9.34 2.64
5.10 9.40 7.98 5.95 8.39 6.01 7.85 2.21 3.20 4.70
3.79 3.90 6.01 7.30 2.27 3.22 3.61 9.93 3.90 1.75
3.79 1.15 2.91 2.39 8.28 5.93 5.32 6.91 2.25 9.14
1.31 5.19 7.43 8.31 5.36 7.04 4.25 7.39 3.06 3.27
1.59 2.72 8.58 2.51 5.12 9.95 8.23 8.52 8.10 6.89
6.51 2.61 2.68 4.22 1.74 5.74 2.05 9.95 1.45 2.22
6.12 8.06 1.31 1.46 3.43 7.70 5.09 2.85 7.84 9.52
3.46 7.21 6.01 3.64 4.01 9.79 7.87 4.23 4.61 1.98
6.93 2.76 1.96 5.47 2.89 5.82 7.91 1.31 5.96 1.37
2.20 1.55 2.40 9.68 7.53 8.55 1.31 5.77 8.15 4.97
5.75 7.28 8.02 2.65 9.31 7.99 4.52 3.52 2.98 1.78
4.61 5.16 9.35 5.23 5.44 8.08 2.58 3.10 5.12 7.50
5.21 5.06 4.83 1.58 9.51 5.58 7.40 7.60 7.92 1.40
5.18 7.77 1.85 5.01 6.64 8.12 5.26 2.14 1.70 7.44
3.07 4.49 8.98 2.91 1.12 6.11 6.58 2.44 7.86 4.94
7.26 7.73 4.48 6.88 7.61 9.00 1.87 4.99 7.86 9.23
9.44 2.44 5.52 2.06 7.26 7.13 5.25 6.17 2.06 9.09
6.09 8.17 6.33 6.73 9.11 2.08 5.20 8.77 9.95 9.96
4.33 1.40 2.96 7.81 9.41 4.72 3.71 7.99 7.44 7.31
6.85 2.36 3.29 2.78 2.75 8.24 3.77 8.12 3.69 7.26
2.44 4.44 6.68 9.15 3.02 3.10 2.14 9.63 1.90 5.31
6.46 6.16 1.60 1.45 7.10 4.74 9.20 2.66 2.77 5.03
7.79 2.73 6.26 7.91 7.88 3.51 3.53 4.12 1.41 1.62
6.32 4.48 6.31 2.97 6.69 8.17 1.96 1.98 1.06 6.39
2.97 4.67 6.17 3.20 5.32 5.36 1.34 8.86 6.30 2.43
8.82 1.38 6.09 3.58 8.68 6.24 5.09 7.46 2.20 3.47
1.37 8.17 1.15 7.58 2.90 8.55 1.54 1.18 1.50 9.98
6.95 6.79 5.71 3.90 7.13 5.98 2.56 8.40 6.52 9.91
5.44 2.09 4.79 3.70 7.70 3.09 1.03 3.47 6.85 9.61
4.11 4.24 3.00 2.99 2.12 6.66 3.77 6.83 7.36 4.74
9.69 4.36 2.39 2.67 7.04 6.71 2.28 4.31 3.58 1.91
9.54 9.63 6.44 1.38 6.07 4.68 3.95 3.56 8.18 4.57
6.97 6.10 7.91 2.33 3.01 3.46 4.69 2.79 1.88 5.98
7.35 5.63 9.42 4.04 7.34 6.75 9.59 8.11 8.89 9.74
3.09 8.84 3.42 4.91 3.96 6.08 5.44 7.49 7.01 2.07
9.69 8.62 1.29 7.47 5.46 8.80 5.84 9.01 9.93 9.50
6.93 9.23 4.90 8.70 8.84 6.79 1.53 4.40 2.96 3.51
9.99 4.47 9.52 2.74 2.23 5.54 8.95 5.51 9.32 6.75
3.29 7.33 5.85 8.74 1.63 9.85 3.13 8.55 5.16 1.28
8.85 4.83 7.54 1.36 8.24 4.34 3.64 9.45 5.48 5.27
6.94 4.64 4.59 2.88 4.88 7.80 4.20 8.11 8.43 6.21
2.43 1.02 1.49 5.17 7.35 9.57 5.32 4.14 7.34 3.40
4.38 1.26 7.47 1.98 6.61 3.23 1.74 8.50 3.42 8.99
8.70 3.51 8.29 7.61 2.08 8.55 9.64 5.26 8.93 3.44
8.54 4.36 2.03 8.37 8.06 8.88 8.68 2.66 6.08 1.90
9.84 7.04 7.17 8.81 1.53 1.04 6.21 9.20 2.91 8.39
6.88 4.07 7.36 8.06 3.47 9.27 1.58 8.42 8.68 2.11
5.37 9.55 8.51 2.29 9.79 1.73 5.30 1.67 7.97 7.34
1.36 5.33 3.30 1.43 8.00 4.89 5.96 3.53 3.58 1.31
3.09 9.49 9.45 3.44 8.69 7.56 5.01 8.80 8.49 1.73
7.03 1.68 5.08 9.82 9.44 7.08 6.97 7.59 1.27 6.84
3.08 8.86 8.51 3.71 5.77 7.17 3.82 6.78 3.22 8.09
8.51 9.16 9.67 6.87 1.37 4.94 4.21 6.88 5.65 5.71
1.58 2.78 3.61 1.33 2.54 9.73 7.65 9.15 8.03 6.31
2.41 1.21 5.21 5.75 6.04 4.95 5.81 6.91 4.50 2.68
3.58 7.28 1.22 9.21 2.97 3.24 4.55 7.76 2.24 2.34
9.09 4.41 9.65 5.22 2.04 8.89 5.32 4.53 5.26 4.80
2.54 3.18 7.92 3.83 7.01 7.50 4.25 7.26 3.85 8.87
7.30 3.39 5.97 6.50 8.33 2.10 3.56 1.56 7.53 7.91
1.95 2.40 7.57 2.04 6.32 9.33 5.80 7.10 1.26 6.91
3.58 8.58 5.83 4.00 6.35 6.51 7.25 7.39 9.47 8.63
7.85 2.14 8.07 4.13 9.57 3.45 5.62 3.68 8.89 9.56
5.10 1.04 7.21 9.05 4.68 6.48 6.69 2.05 5.75 6.70
5.57 6.26 4.29 8.11 6.92 6.53 1.36 8.65 6.43 2.14
7.49 3.31 2.87 9.34 8.15 9.54 8.23 3.45 4.43 8.43
4.00 8.97 8.59 5.90 9.67 8.93 6.18 3.99 2.11 2.29
2.14 8.81 9.53 1.03 8.89 8.14 2.89 2.67 9.17 8.40
6.44 7.87 2.04 2.33 8.02 7.47 9.97 7.02 4.16 5.35
2.34 8.33 7.71 5.43 3.90 7.14 7.31 1.98 7.78 9.07
8.60 4.15 9.53 3.09 8.15 9.19 8.98 1.74 3.28 2.75
5.74 6.85 8.36 8.94 7.45 6.55 9.07 7.66 4.95 4.36
9.57 6.48 7.77 6.25 1.24 5.95 8.96 4.75 4.03 1.26
4.00 2.11 2.24 8.86 4.91 5.90 7.50 1.03 6.64 9.58
9.71 3.41 8.25 5.37 8.68 7.05 2.76 7.23 6.34 6.03
5.08 8.02 8.61 7.86 4.78 5.75 5.69 8.33 5.82 4.17
9.48 4.66 3.27 8.86 5.74 8.36 9.60 3.89 4.03 7.58
3.76 6.82 1.83 9.93 4.07 7.82 8.69 9.64 4.67 2.52
9.99 5.23 9.30 4.38 2.10 4.04 3.62 9.05 6.81 9.89
4.71 4.41 1.28 3.43 9.68 1.89 7.21 1.01 5.89 4.87
4.13 8.78 7.36 2.64 8.34 2.01 7.58 6.41 2.22 5.69
1.05 6.83 7.97 6.53 2.48 7.25 7.68 9.73 5.99 6.48
6.20 2.45 4.29 4.88 1.32 7.50 2.73 2.98 9.33 7.26
1.82 4.72 1.67 3.90 9.54 4.36 8.27 7.94 6.89 5.64
9.18 5.14 7.15 5.53 3.95 5.47 7.08 6.21 5.09 5.13
9.15 4.88 1.59 1.25 9.68 9.20 5.21 8.42 7.32 1.92
9.48 5.67 1.90 5.42 4.81 3.52 7.27 8.55 4.19 7.96
6.30 3.50 5.59 6.42 1.80 9.86 1.85 1.14 9.76 4.26
8.50 5.01 5.61 4.36 6.47 1.86 4.84 6.13 2.82 8.02
1.50 3.13 8.02 7.51 7.94 9.63 9.55 3.75 8.54 4.98
5.38 7.46 4.50 1.38 7.12 6.80 4.46 3.60 4.02 2.53
5.90 1.90 6.11 9.10 8.42 8.41 9.42 4.17 1.60 7.42
4.45 6.80 3.82 5.36 7.03 3.82 9.28 2.42 7.20 6.09
9.84 1.83 6.46 2.18 2.82 7.29 8.88 3.47 5.12 7.56
6.36 5.98 1.87 4.40 2.96 4.64 1.09 8.09 8.70 2.06
6.10 2.50 3.71 9.96 2.24 2.55 3.55 5.30 7.06 2.45
3.83 2.27 1.68 4.96 6.06 4.94 9.73 5.25 5.90 1.77
4.23 2.90 7.19 3.41 1.79 8.93 9.23 2.56 4.52 8.87
7.31 7.13 8.20 5.42 8.03 3.47 2.45 6.32 6.73 9.02
7.72 8.02 9.58 3.85 2.85 8.58 6.00 9.51 3.89 8.69
2.55 2.01 6.32 4.90 2.75 6.62 9.50 8.40 4.28 5.04
8.06 3.90 3.86 4.32 4.44 2.97 1.68 3.54 9.89 2.08
4.51 5.56 4.90 7.15 7.52 7.63 2.74 2.89 3.88 3.87
9.95 8.14 2.40 9.88 4.88 9.30 7.31 7.93 5.22 4.61
2.58 8.02 5.22 7.10 10.00 3.95 1.07 9.07 3.81 2.30
6.05 8.80 1.06 9.06 3.81 1.37 2.29 3.98 9.25 2.04
5.39 9.23 5.72 6.71 5.04 7.24 7.72 2.06 2.18 9.36
1.48 4.51 8.24 8.20 2.35 7.88 7.57 1.38 7.64 7.27
6.43 8.50 7.08 8.75 5.13 3.97 2.16 10.00 2.09 7.72
6.02 9.95 3.86 3.64 5.94 6.63 2.67 3.05 5.15 6.08
5.50 7.86 3.66 7.23 1.44 8.97 3.32 1.20 6.83 4.34
6.95 7.99 5.06 9.09 9.01 3.82 2.54 6.27 1.83 6.14
1.63 3.43 3.35 3.20 2.95 7.70 8.22 2.37 7.99 7.73
3.15 3.15 1.61 4.94 1.60 2.12 9.55 8.31 1.50 7.03
3.83 1.12 5.56 3.99 4.46 4.57 7.85 5.27 5.48 8.72
9.87 7.31 5.89 9.84 1.48 1.72 3.09 1.15 5.24 9.31
8.73 5.85 4.52 9.70 3.20 9.38 6.63 3.33 9.85 8.83
5.78 5.60 2.10 7.98 6.17 6.46 3.37 2.65 9.54 1.77
9.46 1.23 8.01 7.41 2.51 4.72 7.41 7.68 4.78 6.30
6.54 7.80 8.21 7.38 8.26 8.52 2.69 1.80 7.31 4.23
5.96 7.92 8.87 5.20 7.09 6.89 7.79 8.25 8.89 9.87
2.83 5.19 8.17 6.70 4.09 9.23 4.79 6.85 7.45 5.53
5.62 4.18 5.08 4.66 4.40 9.91 9.62 8.72 1.07 3.84
3.81 2.04 3.94 8.10 4.36 1.27 6.55 9.21 9.68 9.15
7.58 7.32 9.95 6.60 7.19 8.76 9.22 8.90 3.32 8.41
6.31 5.67 8.13 4.05 2.59 5.14 9.41 7.93 7.13 8.90
1.74 4.81 7.56 5.95 6.54 4.64 2.87 4.81 2.32 7.26
7.95 8.15 4.63 8.64 4.25 4.16 6.03 8.49 9.36 9.31
2.66 6.83 1.72 2.03 5.43 3.70 9.34 1.87 4.43 4.28
6.98 1.72 9.26 5.38 4.54 3.82 7.43 8.93 2.57 2.12
7.17 9.17 1.96 5.38 8.69 9.51 7.19 9.24 3.91 8.37
9.58 5.56 7.27 3.78 3.02 6.41 4.96 3.61 7.33 2.61
4.80 9.52 4.17 4.03 4.68 1.45 8.28 8.62 3.34 2.36
9.03 2.45 8.31 2.75 8.28 1.88 8.59 3.65 5.76 2.81
6.10 5.02 3.92 8.18 7.75 8.65 1.92 1.72 1.80 1.69
1.74 7.59 3.79 9.53 9.29 2.13 9.73 7.91 1.20 9.86
4.02 5.81 5.12 4.18 3.39 3.91 5.01 7.42 4.04 8.99
8.38 6.26 4.51 8.17 1.75 4.70 6.61 5.12 9.61 9.24
2.23 1.42 7.87 1.73 6.33 7.99 5.49 2.33 6.45 8.11
2.22 1.42 1.44 9.73 8.84 8.50 4.07 4.31 4.53 8.45
5.53 7.74 3.37 6.50 3.51 8.22 5.32 8.37 6.39 1.79
5.67 2.41 2.89 3.62 4.98 3.33 6.97 2.23 8.17 1.49
1.46 4.77 4.31 8.41 4.62 7.88 7.10 7.44 1.42 2.88
3.12 1.58 9.02 7.59 2.86 2.25 6.88 9.09 3.77 8.55
7.43 3.67 1.57 8.11 6.18 2.77 8.92 8.73 5.73 6.65
8.81 1.08 4.89 8.48 1.65 2.68 9.52 1.07 5.99 8.33
4.46 4.41 4.24 1.29 4.02 9.63 1.22 1.89 3.76 9.87
6.19 3.07 9.56 5.11 2.28 3.02 4.47 6.65 7.29 2.90
5.14 1.93 6.45 5.60 4.89 4.83 9.14 4.84 7.93 4.15
1.55 4.51 7.05 9.83 2.85 7.51 4.72 1.78 8.24 7.70
7.54 1.16 9.81 6.23 3.13 6.26 2.14 5.66 3.66 4.31
5.87 1.16 1.83 8.39 3.49 8.85 1.62 4.58 2.62 3.30
9.20 2.49 8.59 4.01 7.78 1.63 6.61 5.11 5.83 4.58
3.05 6.29 8.93 7.42 1.88 6.97 3.65 6.34 6.97 7.01
5.19 4.97 8.27 6.90 3.92 6.83 9.86 3.24 1.47 8.97
3.35 9.88 9.88 3.11 1.94 4.24 8.51 6.62 6.58 2.53
8.51 8.75 8.15 1.83 8.24 7.89 9.17 1.12 4.37 1.50
2.73 3.44 9.72 8.54 1.95 7.27 2.10 2.71 9.33 1.74
1.26 1.85 5.57 1.32 2.93 3.42 1.59 2.04 8.29 2.93
6.26 4.25 4.96 7.35 9.02 9.70 8.94 2.84 1.87 9.11
7.62 3.67 5.16 3.02 2.78 3.55 5.43 7.49 6.18 7.12
3.18 7.74 2.95 3.91 9.75 7.51 7.60 3.87 6.74 4.09
1.85 1.36 4.75 9.91 7.09 9.43 7.54 6.40 4.36 6.97
4.97 8.25 9.09 6.98 1.05 7.91 5.98 7.95 3.98 8.61
8.29 4.09 1.04 3.51 7.25 8.58 2.23 4.85 9.69 5.73
4.87 7.85 1.09 6.05 5.51 5.46 8.87 1.68 6.11 6.15
4.48 1.87 6.90 8.67 6.52 3.66 2.79 1.21 5.99 7.15
6.93 5.05 2.46 5.20 7.22 6.35 8.03 3.97 2.33 8.21
3.80 2.60 1.79 7.58 1.70 2.64 6.64 5.01 9.82 7.78
7.18 8.06 8.53 6.61 1.81 3.72 6.38 6.12 3.64 6.88
9.69 7.42 1.55 7.46 8.66 6.22 6.29 7.99 2.88 4.66
8.22 8.81 2.10 2.96 9.34 8.76 9.96 3.60 4.71 4.63
3.22 8.20 7.68 7.84 4.58 4.21 9.55 9.36 6.91 6.34
2.85 1.49 9.58 3.36 4.44 9.24 8.24 1.38 5.77 8.58
7.64 3.12 3.66 9.97 3.92 6.71 7.84 9.58 3.72 7.89
5.93 5.58 3.38 4.60 1.27 4.76 3.28 7.73 4.38 8.63
4.70 8.53 3.62 1.58 1.45 7.81 9.78 8.40 6.80 5.57
8.45 4.06 6.96 1.48 6.00 8.39 7.08 7.73 9.69 8.62
3.66 9.10 6.92 6.51 7.36 9.61 3.42 5.39 7.81 2.67
8.64 4.22 8.88 6.40 4.64 8.46 2.02 4.52 7.83 4.30
7.13 2.88 2.35 3.23 7.76 4.04 2.49 7.73 5.10 4.18
4.64 3.76 2.63 8.05 9.40 2.24 9.65 7.47 2.53 3.23
2.80 9.07 2.74 9.01 4.50 3.01 6.15 5.07 5.40 3.68
9.93 2.49 5.12 4.29 1.08 5.57 4.80 9.98 5.82 9.24
7.62 8.40 1.30 9.25 4.32 9.79 9.84 3.11 3.19 8.56
7.91 9.89 1.52 9.05 3.71 8.56 5.41 4.46 7.74 1.69
4.87 3.60 7.78 3.70 8.50 4.01 5.09 3.97 6.08 4.71
4.85 8.52 1.06 5.05 1.73 4.78 3.39 9.46 8.34 8.09
5.28 4.75 7.72 9.18 9.55 2.02 1.48 1.13 6.91 5.37
6.87 8.15 9.04 2.74 6.62 8.14 1.22 5.09 2.58 5.47
1.27 4.48 9.00 7.07 3.26 2.99 1.19 7.22 5.31 7.57
9.73 2.02 4.05 4.56 3.44 6.11 1.08 1.05 1.70 6.64
3.83 7.23 4.53 5.64 3.42 4.29 1.86 1.03 6.41 6.98
1.32 9.52 8.49 6.13 2.54 8.66 3.29 4.85 9.95 3.78
6.10 2.92 9.96 8.50 9.19 8.33 8.65 4.92 4.15 2.42
9.16 7.74 1.66 2.81 4.06 9.78 4.45 8.80 6.54 6.63
3.61 8.62 8.95 8.35 7.22 2.07 9.21 7.50 7.06 3.84
2.87 1.78 9.88 4.61 4.46 8.97 8.89 4.57 1.01 1.13
4.18 8.27 1.35 9.79 2.81 1.74 2.93 8.98 8.79 6.50
3.53 9.64 8.20 3.11 5.01 9.72 6.78 8.05 9.63 4.23
8.75 8.62 7.80 8.11 8.56 3.95 5.17 9.61 2.79 8.99
5.86 5.82 6.10 6.45 9.14 7.69 1.62 1.14 4.60 4.68
3.13 3.75 8.76 6.68 2.91 5.76 8.40 5.04 3.59 6.46
6.81 3.55 9.61 3.47 9.67 3.53 3.52 5.74 6.20 1.04
2.30 3.71 9.38 6.58 7.39 5.95 2.72 2.98 7.74 6.24
7.00 9.48 4.37 7.45 2.89 8.64 9.37 6.68 5.91 5.92
3.56 9.12 8.38 5.87 1.17 2.83 1.29 2.42 1.96 6.64
7.04 5.03 7.76 7.92 9.30 3.07 9.59 8.32 9.40 2.00
5.64 4.77 3.13 2.91 7.85 6.21 2.60 2.53 9.49 9.75
3.89 4.68 8.85 7.89 4.19 7.89 2.10 3.06 1.62 8.10
1.75 5.40 3.97 8.41 8.98 6.00 7.99 3.87 7.42 9.30
6.58 9.11 5.06 8.66 5.66 9.47 8.61 3.65 9.99 9.45
1.58 1.59 9.13 2.97 6.00 6.59 4.45 1.89 7.97 2.11
7.81 6.05 7.57 5.19 9.13 3.90 7.79 5.94 4.53 7.06
2.71 9.35 7.41 4.20 8.52 4.04 9.42 2.96 7.79 8.02
6.79 3.11 8.22 9.18 5.83 7.94 6.78 3.19 6.70 9.39
1.35 3.27 6.45 7.13 7.67 7.81 1.68 9.77 2.52 8.71
1.63 4.38 1.15 6.89 2.45 1.73 7.66 4.66 9.75 3.61
3.72 5.26 5.50 9.74 3.04 6.67 5.27 4.83 8.31 7.81
8.96 6.77 5.40 6.41 6.55 2.63 9.25 4.77 2.15 1.49
5.31 5.03 1.95 1.61 4.89 9.89 3.32 9.19 8.76 9.47
5.66 2.53 2.33 4.62 7.29 1.27 7.10 4.00 4.00 9.84
9.39 2.82 7.65 1.75 9.81 3.07 8.77 5.10 6.37 1.49
8.10 9.59 4.61 9.05 2.58 9.52 9.42 3.50 5.85 5.45
4.89 8.24 1.48 4.55 4.92 3.11 3.40 2.32 2.93 8.74
8.70 3.93 8.82 3.88 1.97 7.93 5.47 2.93 4.65 5.34
6.37 8.45 7.61 7.30 6.17 8.41 4.26 9.67 2.20 5.86
6.81 1.46 3.18 2.56 6.36 7.92 8.66 4.11 7.78 9.04
3.65 4.08 5.14 8.20 7.37 7.95 3.29 4.82 5.19 3.53
6.12 2.88 1.55 3.21 6.12 1.32 7.75 6.73 6.29 7.47
2.67 2.41 8.20 6.58 9.59 2.11 8.08 2.61 3.91 1.54
6.63 9.34 1.16 5.39 2.62 2.37 9.75 3.54 4.45 6.60
5.63 7.21 2.31 8.61 6.68 9.55 9.87 4.88 8.83 5.87
4.18 4.24 6.10 4.87 4.53 4.39 3.52 7.13 9.09 2.47
6.90 5.51 2.52 9.79 3.68 2.68 9.62 5.31 5.52 8.94
2.23 2.73 4.19 4.08 6.42 4.90 7.19 7.48 8.53 7.46
7.94 2.75 2.09 7.89 8.66 2.08 8.94 4.16 6.03 8.82
4.32 9.55 5.03 2.02 6.07 4.95 2.72 8.37 9.93 8.27
3.36 9.49 7.96 6.24 5.81 1.59 7.59 2.91 3.81 4.36
3.20 4.37 6.70 8.21 9.84 6.17 2.46 4.67 7.60 6.86
6.36 6.12 2.65 5.88 5.32 3.30 6.74 6.03 9.72 7.27
6.14 5.70 5.76 9.45 7.32 1.17 7.19 6.14 9.06 8.89
7.93 9.34 1.24 6.90 5.66 9.22 8.75 7.48 2.94 3.07
2.07 9.46 5.37 5.55 8.47 5.86 2.55 6.61 9.23 2.49
3.17 2.20 8.95 9.07 9.85 4.11 1.80 9.93 6.68 6.70
4.75 5.79 7.20 7.68 3.34 9.44 3.60 4.24 5.26 6.15
6.72 4.55 4.73 9.19 7.33 5.64 9.64 1.06 2.46 6.84
6.00 2.74 5.37 8.17 3.81 5.08 1.34 3.52 1.46 2.02
6.11 6.72 3.04 1.75 7.40 2.64 1.06 6.02 2.94 6.70
4.77 1.48 9.31 6.33 4.58 3.34 1.72 5.67 9.92 4.26
4.17 3.93 8.69 3.69 8.76 6.91 8.27 3.18 3.30 2.31
4.32 6.79 3.24 3.24 3.59 4.16 4.87 7.75 8.28 8.64
5.53 8.47 8.34 3.01 6.37 4.48 6.13 8.22 1.81 1.25
5.91 7.98 1.56 3.76 8.05 6.72 1.37 3.86 5.64 8.55
5.24 8.90 8.92 3.53 7.59 5.47 4.69 5.79 5.61 5.78
2.35 5.44 9.61 6.56 2.74 5.19 9.85 5.54 9.68 1.07
9.24 8.78 7.95 6.07 6.67 5.55 5.24 1.57 7.79 7.10
3.30 6.05 8.12 1.85 4.84 5.17 9.34 4.87 7.30 9.49
2.70 8.10 5.31 9.87 8.87 7.63 6.10 4.09 7.22 5.68
4.19 5.22 6.95 4.39 8.66 5.19 3.39 6.03 8.80 5.75
9.27 6.42 9.72 5.65 2.59 8.50 7.85 5.48 5.53 6.29
1.68 8.67 8.55 4.54 2.22 6.52 4.10 5.80 3.18 8.61
1.15 2.52 9.34 9.05 9.94 2.95 2.19 2.06 1.05 2.93
6.53 2.74 3.70 2.95 1.10 9.58 6.24 1.43 7.57 4.89
7.93 3.01 9.02 6.77 1.26 2.36 8.49 4.19 4.80 5.28
2.99 2.02 4.01 3.21 8.61 7.93 7.34 6.73 5.83 6.76
7.94 6.76 5.46 1.40 8.52 5.83 6.79 4.46 2.88 3.16
9.81 7.72 6.74 6.87 3.43 8.51 9.12 1.02 5.37 1.89
6.44 3.24 4.97 2.48 5.67 8.27 7.43 1.97 8.34 3.38
7.36 3.60 9.49 9.91 5.37 7.45 8.43 7.56 9.87 5.48
2.30 1.45 9.57 6.78 4.01 6.79 1.58 6.07 2.82 4.50
7.67 1.84 5.09 1.48 7.23 1.76 5.47 7.39 2.86 8.70
7.12 5.12 2.18 6.36 6.53 9.40 2.77 3.95 8.24 8.00
1.20 8.57 1.61 4.32 9.50 2.16 1.68 2.05 2.96 1.20
6.36 6.17 7.76 3.69 1.35 6.15 8.95 6.57 7.95 4.93
1.98 8.28 2.10 3.36 3.26 9.10 6.36 4.72 6.76 7.73
8.69 9.90 5.92 4.09 3.69 6.52 9.91 4.05 3.66 7.10
1.39 7.46 3.92 4.51 9.80 7.91 6.12 1.00 8.32 5.73
4.44 2.51 6.60 7.03 9.78 6.38 6.66 2.53 4.48 1.39
3.80 6.59 8.66 2.25 5.19 8.81 1.14 3.21 9.78 3.82
2.16 9.12 9.07 5.04 2.29 4.65 6.40 3.36 9.84 2.24
8.60 1.06 3.94 4.61 5.25 8.97 2.41 9.58 7.58 7.97
3.77 6.05 5.11 7.71 9.99 6.18 3.62 1.99 5.48 3.52
7.27 6.37 3.35 2.19 8.66 5.27 5.82 9.05 2.12 1.32
3.19 1.11 6.27 7.62 9.48 1.51 4.07 4.01 7.28 9.48
4.12 4.96 6.66 1.20 2.87 1.31 2.51 3.01 4.50 8.66
9.48 4.73 7.81 4.66 5.52 9.05 1.71 1.93 6.56 1.90
8.54 3.78 3.30 1.56 4.88 6.97 5.41 6.04 6.81 3.16
2.69 6.58 3.70 7.01 2.95 4.92 4.48 4.91 1.03 6.77
7.22 9.35 3.53 6.81 8.65 7.92 4.09 3.28 3.47 8.51
7.06 5.34 4.93 9.13 6.28 3.20 6.50 4.33 4.64 2.74
8.89 3.70 6.53 3.16 7.74 5.31 6.06 2.11 4.93 9.75
5.57 4.26 8.51 5.64 5.62 7.17 1.97 7.83 4.82 1.58
6.18 8.07 3.83 3.38 3.41 9.96 1.60 2.68 8.77 8.68
4.70 1.90 7.26 4.89 5.21 7.72 1.02 2.52 4.59 3.14
9.81 5.95 9.30 5.26 4.08 8.36 3.01 6.26 8.02 8.58
4.73 2.98 5.62 8.22 7.24 3.74 2.43 4.98 7.26 3.73
3.72 7.53 1.69 1.65 7.97 4.88 2.59 9.57 2.99 6.24
9.25 9.41 3.26 4.69 4.76 3.70 3.16 9.92 4.38 7.10
5.95 5.22 7.11 7.40 5.91 8.09 3.67 8.75 1.33 1.43
4.48 6.36 3.34 6.15 5.53 5.24 2.35 6.86 5.89 7.86
6.32 1.74 2.91 7.71 9.69 7.47 3.61 9.11 7.15 4.92
8.59 8.93 9.34 5.66 5.64 4.02 3.25 1.61 7.90 7.23
8.19 4.54 1.69 6.25 4.03 9.77 2.59 7.89 8.70 8.77
9.43 3.89 7.19 1.78 3.39 2.93 6.95 4.49 7.92 6.07
6.48 9.51 2.70 6.70 8.51 2.61 4.91 3.47 9.49 2.48
4.16 4.43 9.82 3.07 9.53 2.25 5.66 7.49 4.47 7.32
4.67 8.24 6.58 5.95 1.10 2.63 8.42 5.35 1.98 5.43
2.18 2.47 5.29 5.09 3.69 8.66 8.11 5.52 1.85 6.63
1.43 9.04 2.71 5.17 1.16 8.83 5.03 9.68 5.56 9.24
7.68 9.99 3.91 6.66 8.19 9.48 4.60 4.68 6.71 7.54
5.13 2.03 6.90 2.55 2.06 1.20 5.29 6.81 2.32 4.86
7.11 9.15 4.18 8.50 4.00 1.60 8.28 8.03 8.02 5.89
4.30 7.26 8.21 7.98 7.41 8.19 2.44 6.81 5.08 7.81
5.97 4.25 1.80 8.52 2.77 5.07 2.17 9.19 2.69 2.74
1.55 8.71 2.84 1.70 2.20 8.63 7.62 8.67 7.24 6.01
7.66 5.21 5.17 9.76 8.52 1.22 1.72 8.49 6.66 7.51
9.18 2.10 7.97 7.16 6.59 6.73 9.39 6.58 2.77 7.06
1.46 9.34 3.73 8.54 8.97 5.89 3.01 1.81 7.20 1.69
1.76 8.16 7.88 3.38 5.07 1.49 3.45 3.53 5.26 4.57
6.75 2.56 5.30 5.88 2.10 8.61 2.44 9.97 8.37 9.74
6.59 1.11 1.23 1.57 5.16 9.31 1.62 9.27 6.19 5.22
1.31 1.65 2.16 8.77 7.70 1.04 7.45 1.44 7.07 2.75
4.43 6.06 1.88 5.01 1.35 6.99 9.83 8.13 5.82 6.37
2.68 6.32 8.49 7.94 3.80 2.34 9.00 8.46 9.31 2.11
8.65 3.84 2.72 5.18 8.97 10.00 5.48 7.36 2.71 9.68
3.99 7.18 1.02 5.54 9.96 5.48 5.71 5.75 9.35 5.40
8.99 1.40 2.98 6.10 8.72 7.93 8.54 1.56 3.83 3.53
9.57 8.63 7.53 7.26 9.23 3.82 6.68 2.16 8.52 9.14
4.92 8.03 2.31 3.09 4.24 8.51 4.26 4.58 5.87 6.93
2.48 7.10 2.57 6.23 2.67 8.56 3.99 6.88 2.20 5.13
4.49 2.00 8.92 1.77 3.44 4.95 5.97 3.54 1.05 2.71
9.07 6.21 1.44 1.34 2.11 2.56 6.46 3.59 2.66 8.16
4.29 9.82 6.12 9.53 1.91 9.76 1.17 3.01 5.30 2.33
6.60 3.12 3.86 6.19 8.05 6.64 6.04 9.52 2.48 5.12
7.39 9.67 7.49 2.02 3.65 10.00 7.88 5.93 3.97 2.30
3.30 2.75 9.97 9.25 1.01 2.16 9.01 1.73 4.65 4.40
5.58 3.62 5.97 9.02 9.36 6.44 2.02 8.03 7.06 9.05
1.52 5.08 8.36 1.11 3.96 1.85 8.89 3.25 3.04 7.81
4.61 9.48 4.81 9.42 2.00 7.93 2.36 7.14 9.03 9.59
3.81 7.74 4.66 8.97 8.13 5.23 2.06 1.78 3.87 8.79
4.44 7.33 6.82 6.76 1.84 8.00 9.10 7.79 8.75 2.27
1.52 8.58 5.29 8.94 6.10 3.36 9.78 9.51 3.11 5.08
6.56 8.94 4.14 3.89 3.46 9.33 5.81 1.59 9.62 3.45
6.52 4.04 6.71 8.64 6.80 2.18 8.56 5.78 5.83 2.33
9.82 1.69 1.40 5.14 5.67 4.39 3.19 1.25 6.63 7.75
1.96 2.34 3.01 9.07 7.41 8.60 7.45 3.95 4.68 5.46
7.91 1.27 2.93 5.34 6.57 6.18 9.64 9.14 8.94 6.12
1.14 6.59 6.52 7.01 7.93 7.14 7.05 6.15 1.64 5.71
9.22 5.99 3.87 7.38 8.03 1.09 1.25 1.12 4.65 2.61
3.35 2.24 9.71 6.27 7.00 2.42 8.78 1.83 9.77 1.05
8.03 8.58 6.60 5.95 9.36 6.78 4.54 4.93 1.33 3.99
2.25 2.66 7.26 2.11 4.40 4.99 9.38 8.70 5.60 1.69
7.52 5.75 8.36 4.17 6.74 8.40 5.86 5.17 5.74 6.11
8.32 6.56 4.28 3.32 2.35 6.87 7.98 5.29 8.89 6.30
1.78 6.43 2.92 7.70 5.06 3.01 2.48 10.00 7.91 3.52
7.14 1.32 9.39 5.16 4.13 5.02 3.61 3.14 6.96 6.22
9.06 4.92 1.38 3.95 1.17 3.61 8.36 2.59 9.94 5.46
6.72 1.10 9.50 3.02 3.10 7.65 8.35 3.78 1.03 1.42
1.27 9.70 3.30 2.16 9.84 9.35 7.52 4.38 3.34 9.13
1.61 9.21 1.46 2.46 5.01 2.28 1.44 6.61 1.28 8.84
7.19 8.08 6.60 2.07 2.11 9.62 6.55 5.83 5.77 2.51
3.80 9.54 3.11 7.82 1.98 3.99 7.70 9.91 7.11 5.34
1.03 3.52 6.19 4.89 5.98 4.30 1.08 5.17 1.78 7.94
5.97 3.61 6.25 5.82 4.10 6.95 8.49 5.26 6.68 6.15
2.21 2.09 7.92 1.53 4.86 8.85 9.34 4.12 7.82 4.74
3.07 3.62 8.51 4.71 1.63 6.57 3.16 5.30 1.72 3.62
5.52 2.46 4.61 4.67 6.57 6.15 4.99 1.17 3.81 9.02
1.65 8.05 3.75 2.07 2.01 6.21 5.42 9.93 3.68 3.22
9.78 1.14 4.71 6.58 7.30 8.62 5.30 3.25 3.70 4.27
6.06 3.26 7.88 5.54 6.94 6.75 2.51 9.47 9.05 4.65
2.77 1.40 6.25 6.54 5.04 9.19 4.58 4.67 6.53 7.39
6.27 9.60 3.29 7.15 2.95 8.30 3.62 7.25 3.58 5.86
2.22 8.60 8.02 5.84 4.12 1.80 8.87 7.10 6.04 3.25
3.06 5.82 6.73 8.82 2.10 7.76 5.79 7.41 7.92 3.51
9.16 6.17 2.71 3.33 3.54 9.79 1.76 7.61 8.73 7.57
3.28 1.50 4.16 8.45 5.18 7.40 9.94 7.65 7.76 3.99
5.87 8.99 4.65 1.39 1.15 2.89 1.18 5.83 9.37 5.40
9.13 5.81 2.02 9.21 4.49 6.80 7.81 6.52 3.28 8.68
3.65 7.56 9.14 7.16 9.21 6.71 2.55 3.48 6.09 9.72
8.66 9.19 1.67 7.91 1.32 8.13 2.67 6.91 3.48 9.40
5.40 1.98 2.79 1.76 2.05 8.38 3.74 1.50 4.02 3.65
6.41 5.86 1.97 7.11 3.51 3.25 9.87 6.39 3.42 2.21
2.45 9.53 6.12 4.52 5.13 9.49 5.97 2.47 5.26 4.68
8.67 7.02 3.57 9.50 3.94 7.27 2.28 2.52 4.60 5.03
1.22 1.48 8.66 3.46 2.46 4.07 1.51 4.13 4.39 8.38
4.45 4.55 5.30 6.36 2.69 4.37 4.49 8.18 2.94 1.13
4.47 7.25 8.64 7.95 1.55 2.19 2.93 1.94 9.05 5.55
8.14 7.81 9.44 9.29 7.17 8.90 7.69 7.10 9.30 2.82
4.61 6.33 2.67 7.00 3.32 1.93 7.46 1.17 4.30 6.77
5.47 6.12 9.10 6.66 6.17 2.09 2.74 2.49 3.92 5.68
7.05 8.37 5.66 6.00 1.07 6.31 8.41 9.46 5.25 9.56
8.77 3.29 3.61 7.98 6.93 1.40 1.59 8.14 3.03 1.66
5.65 1.71 2.48 7.39 7.16 4.72 2.37 4.71 9.55 1.89
7.24 6.22 1.76 3.86 8.26 9.81 7.25 7.94 3.12 6.69
5.02 9.22 6.72 9.24 8.00 3.25 1.38 4.25 3.60 9.59
7.92 7.29 4.04 8.04 1.40 3.70 9.01 4.01 8.42 3.26
5.25 4.73 1.20 1.88 5.08 6.91 4.86 7.83 7.60 1.40
7.73 1.79 3.16 8.33 4.56 6.07 4.59 7.77 6.81 4.92
3.73 8.91 3.64 2.21 4.62 7.35 3.35 9.61 4.61 3.31
8.82 9.89 9.40 8.16 8.58 2.05 6.44 9.88 5.54 1.59
3.95 3.78 1.70 7.08 5.80 4.60 2.71 9.33 4.22 8.74
2.02 7.36 6.49 3.60 1.35 6.78 1.50 5.75 6.70 5.39
4.11 5.10 7.30 2.42 4.32 2.33 8.67 7.23 3.28 7.58
5.11 2.80 2.21 4.92 1.07 5.66 2.75 3.39 6.74 5.61
4.69 7.08 8.15 6.94 5.56 8.62 1.17 2.99 3.64 6.09
1.82 7.82 7.61 5.43 2.07 3.00 4.83 2.39 7.94 1.82
2.57 2.51 3.94 2.81 2.19 7.46 8.93 5.40 7.98 1.45
6.20 1.18 5.25 9.06 8.50 9.76 6.29 5.67 9.18 3.10
4.82 2.00 2.40 3.69 7.07 5.59 4.03 2.03 4.09 2.11
8.82 4.08 4.65 2.39 6.71 4.46 9.24 1.11 9.61 6.47
3.41 4.63 5.36 1.47 7.02 7.88 3.21 5.27 7.91 2.57
5.33 2.71 4.12 9.47 8.89 1.80 5.35 9.09 6.30 1.23
5.31 5.75 1.90 6.36 7.53 3.42 9.53 6.44 1.15 6.69
5.86 8.26 8.99 9.24 4.37 9.55 9.65 2.16 7.71 5.26
7.30 2.04 5.39 2.09 1.80 2.55 8.27 10.00 2.66 3.48
3.10 2.85 6.02 5.66 6.17 3.47 5.58 3.52 3.62 6.91
8.92 7.61 2.69 1.85 2.59 1.42 6.85 6.45 4.38 2.88
3.97 6.31 6.82 7.10 9.97 8.96 3.63 3.77 4.35 10.00
8.07 3.96 9.09 5.56 2.23 3.00 5.23 2.20 8.53 1.22
5.92 7.38 5.43 3.28 6.62 3.04 6.22 2.15 5.16 2.76
7.72 9.12 9.72 9.00 6.31 2.41 2.02 7.97 6.19 2.87
8.13 1.15 7.63 3.21 2.21 9.42 6.03 7.51 6.70 4.67
9.68 4.77 6.96 7.56 9.57 2.33 1.29 9.86 4.94 5.09
6.37 4.50 7.87 1.59 2.11 8.13 5.05 8.20 5.41 1.21
6.68 8.46 6.94 5.08 3.02 8.04 9.75 8.48 5.35 7.32
5.53 4.26 1.60 9.55 4.85 7.99 6.38 4.00 6.45 4.13
4.25 6.58 6.99 6.91 3.23 7.39 8.71 6.90 5.63 2.26
3.11 6.10 9.81 6.77 5.95 3.37 4.45 5.97 9.26 4.38
4.33 1.66 8.55 7.77 2.98 3.48 1.03 5.43 1.16 2.37
3.74 3.45 1.49 6.74 2.03 3.31 8.62 9.22 2.75 7.99
5.98 9.62 8.33 3.47 8.87 8.94 8.31 9.50 1.18 5.25
2.89 6.73 1.97 6.16 4.94 2.62 8.29 4.75 5.68 8.41
3.63 8.51 9.34 1.91 8.76 2.38 9.31 8.12 4.29 2.17
4.89 7.89 8.40 8.81 2.64 3.50 4.51 8.13 1.54 2.25
5.17 9.84 7.29 2.37 7.07 8.33 6.94 8.03 1.63 8.44
5.48 3.17 5.42 1.41 9.75 9.85 1.07 3.15 6.44 8.81
8.69 6.22 9.86 6.86 9.20 5.82 2.55 4.13 6.29 6.56
7.44 9.92 6.20 7.69 3.03 6.43 8.93 7.73 7.45 2.66
7.78 4.05 1.62 5.21 5.51 4.17 6.80 5.29 9.75 1.78
1.91 3.13 9.02 9.53 9.14 1.04 2.92 7.45 7.15 1.71
1.64 1.40 8.02 9.45 5.70 9.02 5.42 2.44 7.28 5.64
2.60 6.25 7.06 4.36 2.51 4.38 1.64 1.13 7.96 8.10
6.53 1.33 6.16 7.43 9.06 5.83 3.68 1.61 7.84 1.57
8.31 9.74 3.23 9.11 7.98 4.58 6.82 1.50 5.88 7.32
1.02 1.25 7.92 4.41 4.32 6.02 5.73 8.74 9.46 8.40
9.71 4.02 9.74 4.54 2.48 8.03 6.88 2.71 6.37 6.29
8.75 4.39 8.93 1.71 6.67 5.95 4.43 6.27 6.62 6.71
8.16 1.49 5.97 8.99 6.29 4.35 5.24 3.50 7.98 8.73
8.47 6.22 5.58 7.92 9.14 9.33 3.96 4.49 5.12 1.27
7.94 2.87 4.85 8.21 3.92 6.88 4.06 9.74 5.23 1.92
8.89 4.32 5.76 4.27 3.77 2.23 7.12 3.89 8.31 8.15
8.94 7.36 7.33 1.46 4.90 1.22 1.32 9.11 6.11 4.28
6.30 5.70 6.56 8.80 2.60 6.09 9.62 2.47 1.47 4.27
1.64 6.98 1.61 9.73 9.62 4.62 4.20 7.35 9.32 6.33

Demandas:
1 0 0 0 0 0 0 0
0 1 0 0 0 0 0 0
0 0 1 0 0 0 0 0
0 0 0 0 0 1 0 0
0 0 1 0 0 0 0 0
1 0 0 0 0 0 0 0
0 0 1 0 0 0 0 0
0 0 0 0 0 1 0 0
0 0 0 0 1 0 0 0
0 0 0 0 0 1 0 0
0 0 0 0 0 0 0 1
0 0 0 0 1 0 0 0
0 0 1 0 0 0 0 0
0 0 0 1 0 0 0 0
1 0 0 0 0 0 0 0
0 0 0 0 0 0 1 0
0 0 1 0 0 0 0 0
0 1 0 0 0 0 0 0
0 0 0 0 0 1 0 0
0 0 0 1 0 0 0 0
0 0 0 0 0 0 1 0
0 0 0 0 0 0 1 0
1 0 0 0 0 0 0 0
0 0 0 0 0 1 0 0
0 0 1 0 0 0 0 0
0 0 0 0 0 0 0 1
0 0 0 0 0 0 0 1
0 0 1 0 0 0 0 0
0 0 0 1 0 0 0 0
0 1 0 0 0 0 0 0
0 0 0 0 0 0 0 1
1 0 0 0 0 0 0 0
0 0 0 0 0 0 1 0
0 0 1 0 0 0 0 0
1 0 0 0 0 0 0 0
1 0 0 0 0 0 0 0
0 0 0 0 0 0 0 1
0 0 0 1 0 0 0 0
0 0 0 0 0 0 1 0
0 0 0 0 0 1 0 0
0 0 0 0 0 0 0 1
0 0 0 0 0 0 0 1
0 0 1 0 0 0 0 0
0 0 0 0 1 0 0 0
0 1 0 0 0 0 0 0
0 0 0 0 1 0 0 0
0 0 0 0 0 0 0 1
0 1 0 0 0 0 0 0
0 0 0 0 1 0 0 0
1 0 0 0 0 0 0 0
0 0 0 0 0 0 0 1
0 0 0 1 0 0 0 0
0 0 0 0 0 0 1 0
0 0 1 0 0 0 0 0
0 0 0 0 1 0 0 0
1 0 0 0 0 0 0 0
0 0 0 0 0 0 1 0
0 0 0 0 0 1 0 0
0 1 0 0 0 0 0 0
0 0 0 0 1 0 0 0
0 0 0 0 1 0 0 0
0 0 0 0 0 0 0 1
0 0 0 0 0 0 1 0
1 0 0 0 0 0 0 0
0 0 0 0 0 0 1 0
1 0 0 0 0 0 0 0
0 0 0 0 1 0 0 0
0 0 0 0 0 0 0 1
1 0 0 0 0 0 0 0
0 0 0 1 0 0 0 0
0 0 0 0 1 0 0 0
0 0 0 0 0 0 0 1
0 0 0 0 0 1 0 0
0 0 0 0 0 0 1 0
1 0 0 0 0 0 0 0
0 1 0 0 0 0 0 0
0 0 0 1 0 0 0 0
0 0 1 0 0 0 0 0
0 1 0 0 0 0 0 0
0 1 0 0 0 0 0 0
0 0 0 0 0 1 0 0
0 1 0 0 0 0 0 0
0 0 0 0 1 0 0 0
0 0 0 1 0 0 0 0
0 0 0 0 0 0 0 1
0 0 1 0 0 0 0 0
0 0 0 0 0 1 0 0
0 0 1 0 0 0 0 0
0 0 0 0 0 0 1 0
1 0 0 0 0 0 0 0
0 0 0 0 0 0 1 0
1 0 0 0 0 0 0 0
0 0 0 1 0 0 0 0
0 0 0 0 0 0 1 0
0 0 0 0 0 0 1 0
0 0 0 0 0 1 0 0
0 0 0 1 0 0 0 0
0 0 1 0 0 0 0 0
0 0 0 1 0 0 0 0
0 0 1 0 0 0 0 0
1 0 0 0 0 0 0 0
0 0 1 0 0 0 0 0
0 0 0 1 0 0 0 0
0 0 1 0 0 0 0 0
0 0 0 1 0 0 0 0
0 0 0 0 0 0 0 1
1 0 0 0 0 0 0 0
0 0 0 1 0 0 0 0
0 0 0 0 0 1 0 0
0 0 0 0 0 0 0 1
0 1 0 0 0 0 0 0
0 0 0 0 0 0 1 0
0 0 0 0 0 1 0 0
0 0 0 0 1 0 0 0
0 0 0 1 0 0 0 0
1 0 0 0 0 0 0 0
1 0 0 0 0 0 0 0
0 0 0 0 1 0 0 0
0 0 0 0 0 0 0 1
0 1 0 0 0 0 0 0
1 0 0 0 0 0 0 0
0 0 0 0 1 0 0 0
0 0 1 0 0 0 0 0
0 0 0 1 0 0 0 0
0 0 0 0 1 0 0 0
0 0 0 1 0 0 0 0
0 0 1 0 0 0 0 0
0 0 1 0 0 0 0 0
0 0 0 0 0 0 1 0
1 0 0 0 0 0 0 0
0 1 0 0 0 0 0 0
0 0 0 0 0 0 1 0
0 0 0 0 1 0 0 0
0 0 1 0 0 0 0 0
0 0 0 0 0 0 0 1
0 0 0 1 0 0 0 0
1 0 0 0 0 0 0 0
0 0 0 0 1 0 0 0
1 0 0 0 0 0 0 0
0 0 0 1 0 0 0 0
0 0 0 0 0 1 0 0
0 0 0 0 1 0 0 0
1 0 0 0 0 0 0 0
1 0 0 0 0 0 0 0
0 0 1 0 0 0 0 0
0 0 0 0 0 1 0 0
0 0 0 0 0 0 0 1
1 0 0 0 0 0 0 0
0 1 0 0 0 0 0 0
0 0 0 0 0 0 1 0
0 0 1 0 0 0 0 0
1 0 0 0 0 0 0 0
0 0 0 0 0 0 1 0
0 1 0 0 0 0 0 0
0 0 0 0 0 1 0 0
0 0 0 0 0 0 1 0
0 0 0 0 1 0 0 0
0 1 0 0 0 0 0 0
0 1 0 0 0 0 0 0
0 0 0 0 0 0 1 0
0 0 0 0 0 1 0 0
0 0 0 0 1 0 0 0
0 0 0 0 1 0 0 0
0 0 0 0 0 0 1 0
1 0 0 0 0 0 0 0
0 0 0 0 0 0 0 1
0 0 0 0 0 0 0 1
0 0 0 0 0 1 0 0
0 1 0 0 0 0 0 0
1 0 0 0 0 0 0 0
1 0 0 0 0 0 0 0
0 1 0 0 0 0 0 0
0 0 0 0 1 0 0 0
0 0 0 0 0 0 1 0
0 0 0 0 1 0 0 0
0 0 0 0 0 1 0 0
0 0 0 1 0 0 0 0
0 0 0 0 1 0 0 0
1 0 0 0 0 0 0 0
0 0 0 1 0 0 0 0
0 0 0 0 1 0 0 0
0 0 0 0 0 1 0 0
0 0 0 0 0 0 0 1
0 0 1 0 0 0 0 0
0 0 0 0 0 0 1 0
1 0 0 0 0 0 0 0
0 0 0 0 1 0 0 0
1 0 0 0 0 0 0 0
0 1 0 0 0 0 0 0
0 0 0 0 0 1 0 0
0 0 0 0 1 0 0 0
0 0 0 0 0 0 1 0
0 0 1 0 0 0 0 0
0 0 0 1 0 0 0 0
0 1 0 0 0 0 0 0
0 0 0 0 0 0 0 1
0 0 0 1 0 0 0 0
1 0 0 0 0 0 0 0
0 0 0 0 0 1 0 0
0 0 0 0 0 1 0 0
0 0 0 0 0 0 0 1
0 0 0 0 1 0 0 0
0 0 0 0 0 0 1 0
0 0 0 0 0 1 0 0
0 0 0 0 0 0 1 0
0 1 0 0 0 0 0 0
0 0 0 0 0 0 0 1
0 0 0 1 0 0 0 0
0 0 0 0 1 0 0 0
0 0 0 0 0 0 0 1
0 1 0 0 0 0 0 0
0 0 1 0 0 0 0 0
0 0 0 0 0 0 0 1
0 1 0 0 0 0 0 0
0 1 0 0 0 0 0 0
0 0 0 0 0 0 0 1
0 0 0 0 1 0 0 0
0 0 0 0 0 0 1 0
1 0 0 0 0 0 0 0
1 0 0 0 0 0 0 0
0 0 1 0 0 0 0 0
0 0 0 0 0 1 0 0
0 0 0 0 0 1 0 0
1 0 0 0 0 0 0 0
0 0 1 0 0 0 0 0
0 0 0 1 0 0 0 0
0 0 0 0 1 0 0 0
0 0 0 0 0 1 0 0
0 0 0 1 0 0 0 0
0 0 0 0 1 0 0 0
0 0 0 0 1 0 0 0
0 0 0 0 0 1 0 0
0 0 0 1 0 0 0 0
0 0 0 0 1 0 0 0
0 1 0 0 0 0 0 0
0 1 0 0 0 0 0 0
0 0 1 0 0 0 0 0
0 1 0 0 0 0 0 0
1 0 0 0 0 0 0 0
0 0 1 0 0 0 0 0
0 0 1 0 0 0 0 0
0 0 0 0 0 1 0 0
0 0 0 1 0 0 0 0
0 0 0 0 0 0 0 1
0 0 0 0 0 0 1 0
0 0 0 0 0 1 0 0
0 1 0 0 0 0 0 0
0 1 0 0 0 0 0 0
0 0 0 0 0 0 1 0
0 0 0 0 0 0 0 1
0 0 0 0 0 0 1 0
0 0 0 0 0 0 0 1
0 0 1 0 0 0 0 0
0 0 0 0 0 1 0 0
0 0 1 0 0 0 0 0
0 0 0 0 0 0 1 0
1 0 0 0 0 0 0 0
0 0 0 0 0 0 0 1
0 0 0 0 0 0 1 0
0 0 0 0 1 0 0 0
1 0 0 0 0 0 0 0
0 0 0 0 0 0 1 0
1 0 0 0 0 0 0 0
0 0 0 0 1 0 0 0
0 0 0 0 1 0 0 0
0 0 0 0 0 0 1 0
0 0 0 0 0 1 0 0
0 1 0 0 0 0 0 0
0 0 0 0 0 1 0 0
0 0 0 0 0 0 0 1
0 0 0 0 0 0 0 1
0 0 0 0 0 0 0 1
0 0 0 0 0 0 1 0
0 0 0 0 0 0 0 1
0 0 0 0 0 1 0 0
0 0 0 0 0 1 0 0
0 0 0 0 1 0 0 0
1 0 0 0 0 0 0 0
0 0 0 0 0 0 1 0
0 0 1 0 0 0 0 0
0 0 0 0 0 0 0 1
0 0 0 0 0 1 0 0
0 0 1 0 0 0 0 0
1 0 0 0 0 0 0 0
1 0 0 0 0 0 0 0
0 0 0 0 1 0 0 0
0 0 0 0 0 1 0 0
0 0 0 1 0 0 0 0
1 0 0 0 0 0 0 0
1 0 0 0 0 0 0 0
0 0 0 0 1 0 0 0
0 1 0 0 0 0 0 0
0 0 0 0 1 0 0 0
0 0 0 0 0 1 0 0
0 0 0 0 0 1 0 0
0 0 0 1 0 0 0 0
0 0 0 0 0 1 0 0
0 0 0 0 0 0 0 1
0 0 0 0 0 0 1 0
0 0 1 0 0 0 0 0
0 0 1 0 0 0 0 0
0 0 0 0 0 1 0 0
1 0 0 0 0 0 0 0
0 0 0 0 0 0 1 0
0 0 0 0 0 0 0 1
0 0 0 0 1 0 0 0
0 1 0 0 0 0 0 0
0 0 0 0 0 0 1 0
0 0 0 0 0 1 0 0
0 0 0 0 0 1 0 0
1 0 0 0 0 0 0 0
1 0 0 0 0 0 0 0
0 0 1 0 0 0 0 0
0 0 0 0 0 1 0 0
1 0 0 0 0 0 0 0
0 0 1 0 0 0 0 0
0 0 1 0 0 0 0 0
0 0 0 0 0 0 1 0
1 0 0 0 0 0 0 0
0 0 0 0 0 0 0 1
0 0 0 1 0 0 0 0
0 0 0 0 0 1 0 0
0 0 0 0 1 0 0 0
0 1 0 0 0 0 0 0
0 1 0 0 0 0 0 0
0 0 0 0 0 0 1 0
0 0 0 0 0 0 0 1
0 0 1 0 0 0 0 0
0 0 0 0 0 0 1 0
0 0 0 0 0 0 0 1
0 0 0 0 0 1 0 0
0 0 0 0 0 1 0 0
0 1 0 0 0 0 0 0
0 0 1 0 0 0 0 0
0 1 0 0 0 0 0 0
0 0 1 0 0 0 0 0
0 0 0 0 1 0 0 0
0 0 0 0 0 0 1 0
0 1 0 0 0 0 0 0
0 0 1 0 0 0 0 0
0 1 0 0 0 0 0 0
0 0 1 0 0 0 0 0
0 0 0 1 0 0 0 0
1 0 0 0 0 0 0 0
0 0 1 0 0 0 0 0
0 0 1 0 0 0 0 0
0 0 1 0 0 0 0 0
0 0 0 0 0 1 0 0
0 0 1 0 0 0 0 0
0 0 0 1 0 0 0 0
0 1 0 0 0 0 0 0
0 0 0 0 1 0 0 0
0 0 0 0 0 1 0 0
0 0 1 0 0 0 0 0
0 0 0 0 0 1 0 0
0 0 1 0 0 0 0 0
0 0 0 0 0 1 0 0
0 0 0 0 0 1 0 0
0 0 0 0 0 0 0 1
0 0 1 0 0 0 0 0
0 0 0 0 1 0 0 0
0 0 1 0 0 0 0 0
1 0 0 0 0 0 0 0
0 0 0 0 1 0 0 0
0 0 0 0 1 0 0 0
0 0 0 0 0 1 0 0
0 0 0 0 0 0 1 0
1 0 0 0 0 0 0 0
0 0 0 0 0 1 0 0
1 0 0 0 0 0 0 0
0 0 0 0 0 1 0 0
0 0 0 1 0 0 0 0
1 0 0 0 0 0 0 0
0 0 1 0 0 0 0 0
0 0 0 0 1 0 0 0
0 0 0 1 0 0 0 0
1 0 0 0 0 0 0 0
0 0 0 0 0 0 0 1
0 0 0 0 0 0 1 0
0 0 0 0 0 0 0 1
0 1 0 0 0 0 0 0
0 0 0 0 1 0 0 0
0 0 0 0 0 0 1 0
0 0 1 0 0 0 0 0
0 0 0 0 1 0 0 0
0 0 0 0 0 0 0 1
0 0 0 0 1 0 0 0
0 0 0 0 0 1 0 0
0 0 0 0 0 0 0 1
1 0 0 0 0 0 0 0
0 0 0 0 1 0 0 0
0 1 0 0 0 0 0 0
0 1 0 0 0 0 0 0
0 0 0 0 0 1 0 0
0 0 0 0 0 0 0 1
0 0 1 0 0 0 0 0
1 0 0 0 0 0 0 0
0 0 0 0 0 0 0 1
0 0 0 0 0 1 0 0
1 0 0 0 0 0 0 0
1 0 0 0 0 0 0 0
0 0 0 0 1 0 0 0
1 0 0 0 0 0 0 0
0 0 0 0 1 0 0 0
0 0 1 0 0 0 0 0
0 0 0 0 0 1 0 0
0 0 0 1 0 0 0 0
0 1 0 0 0 0 0 0
0 0 0 1 0 0 0 0
0 1 0 0 0 0 0 0
0 0 0 0 0 0 1 0
1 0 0 0 0 0 0 0
1 0 0 0 0 0 0 0
0 0 0 0 0 1 0 0
0 1 0 0 0 0 0 0
0 0 0 0 0 0 1 0
0 0 0 0 0 0 1 0
0 0 0 0 0 0 0 1
0 0 0 0 0 0 1 0
0 0 0 0 0 0 0 1
0 0 0 0 0 0 0 1
0 0 0 0 0 0 1 0
0 0 0 1 0 0 0 0
0 0 0 0 0 1 0 0
0 0 0 0 0 0 0 1
0 0 0 0 0 0 0 1
0 1 0 0 0 0 0 0
0 0 0 0 0 0 1 0
0 0 0 1 0 0 0 0
0 1 0 0 0 0 0 0
0 0 0 0 1 0 0 0
0 0 0 0 0 0 0 1
0 1 0 0 0 0 0 0
0 0 0 1 0 0 0 0
1 0 0 0 0 0 0 0
0 0 0 0 0 0 1 0
0 0 0 0 0 1 0 0
0 0 0 0 0 0 0 1
0 0 0 1 0 0 0 0
1 0 0 0 0 0 0 0
0 0 0 0 0 0 0 1
0 1 0 0 0 0 0 0
0 0 0 0 1 0 0 0
0 1 0 0 0 0 0 0
1 0 0 0 0 0 0 0
1 0 0 0 0 0 0 0
0 0 0 0 1 0 0 0
0 0 0 0 1 0 0 0
1 0 0 0 0 0 0 0
0 0 0 0 0 0 1 0
0 0 0 0 0 1 0 0
0 0 0 0 0 0 1 0
0 1 0 0 0 0 0 0
0 0 0 0 0 0 1 0
0 0 0 0 1 0 0 0
0 0 0 0 0 0 0 1
0 0 0 1 0 0 0 0
0 0 0 0 1 0 0 0
0 1 0 0 0 0 0 0
0 0 0 0 0 1 0 0
0 0 0 1 0 0 0 0
0 0 0 0 1 0 0 0
0 0 0 0 0 1 0 0
0 0 0 0 1 0 0 0
0 0 0 0 0 0 1 0
0 0 0 0 1 0 0 0
0 1 0 0 0 0 0 0
0 0 0 0 0 0 1 0
0 0 0 0 0 1 0 0
0 0 0 0 0 0 1 0
1 0 0 0 0 0 0 0
0 0 0 0 1 0 0 0
1 0 0 0 0 0 0 0
0 0 0 0 0 0 1 0
0 0 1 0 0 0 0 0
0 1 0 0 0 0 0 0
0 0 0 0 1 0 0 0
0 0 0 0 1 0 0 0
0 0 0 0 0 1 0 0
0 0 0 0 1 0 0 0
0 0 1 0 0 0 0 0
0 0 0 1 0 0 0 0
0 0 0 0 1 0 0 0
0 0 0 0 0 0 1 0
0 0 0 1 0 0 0 0
0 0 0 0 0 1 0 0
0 0 0 0 0 1 0 0
0 0 0 0 0 0 1 0
0 0 0 1 0 0 0 0
0 0 0 0 0 0 0 1
0 0 0 0 0 1 0 0
0 1 0 0 0 0 0 0
0 0 0 0 0 0 0 1
0 0 0 0 0 1 0 0
0 0 0 1 0 0 0 0
0 0 0 0 0 0 1 0
0 0 0 0 0 0 1 0
0 0 0 1 0 0 0 0
1 0 0 0 0 0 0 0
1 0 0 0 0 0 0 0
1 0 0 0 0 0 0 0
0 0 0 0 0 0 1 0
0 0 0 0 0 0 0 1
0 1 0 0 0 0 0 0
0 1 0 0 0 0 0 0
0 0 0 0 0 1 0 0
0 0 1 0 0 0 0 0
0 0 0 0 1 0 0 0
0 0 0 0 0 1 0 0
0 1 0 0 0 0 0 0
0 0 0 0 1 0 0 0
0 0 1 0 0 0 0 0
0 0 0 0 0 1 0 0
0 1 0 0 0 0 0 0
0 0 0 0 0 1 0 0
0 0 1 0 0 0 0 0
1 0 0 0 0 0 0 0
0 0 0 0 0 0 1 0
0 0 0 0 1 0 0 0
0 0 0 1 0 0 0 0
0 0 1 0 0 0 0 0
0 0 0 0 0 0 0 1
0 0 1 0 0 0 0 0
0 0 0 1 0 0 0 0
1 0 0 0 0 0 0 0
0 0 0 0 1 0 0 0
0 1 0 0 0 0 0 0
0 0 0 0 0 1 0 0
0 0 0 0 0 1 0 0
0 0 0 0 0 1 0 0
0 1 0 0 0 0 0 0
0 0 0 0 1 0 0 0
0 0 0 0 0 0 1 0
0 0 0 0 1 0 0 0
0 0 0 0 0 0 0 1
0 0 0 0 0 1 0 0
0 0 0 1 0 0 0 0
1 0 0 0 0 0 0 0
0 1 0 0 0 0 0 0
0 1 0 0 0 0 0 0
0 0 0 0 0 0 0 1
0 0 1 0 0 0 0 0
1 0 0 0 0 0 0 0
0 0 0 1 0 0 0 0
0 1 0 0 0 0 0 0
0 0 0 0 0 1 0 0
0 0 0 0 1 0 0 0
0 0 1 0 0 0 0 0
0 0 0 0 1 0 0 0
0 0 0 0 1 0 0 0
0 0 0 0 0 1 0 0
0 0 0 0 0 1 0 0
0 0 0 0 1 0 0 0
0 0 0 0 1 0 0 0
0 0 1 0 0 0 0 0
0 0 0 0 0 0 0 1
0 0 0 0 0 0 0 1
0 0 0 0 0 0 0 1
0 0 0 0 0 0 1 0
0 0 0 0 1 0 0 0
0 0 0 0 0 1 0 0
0 0 0 0 0 0 0 1
0 0 0 1 0 0 0 0
0 0 0 0 1 0 0 0
0 0 1 0 0 0 0 0
0 0 0 0 0 1 0 0
0 0 0 0 0 1 0 0
0 0 0 1 0 0 0 0
0 0 0 0 0 0 0 1
0 0 0 0 1 0 0 0
0 0 0 0 0 1 0 0
0 0 1 0 0 0 0 0
0 0 0 0 1 0 0 0
1 0 0 0 0 0 0 0
0 0 0 1 0 0 0 0
0 0 0 0 0 1 0 0
0 1 0 0 0 0 0 0
0 0 0 0 0 0 1 0
0 0 0 0 0 0 1 0
0 0 1 0 0 0 0 0
0 0 0 0 0 1 0 0
0 0 1 0 0 0 0 0
0 0 0 0 0 1 0 0
0 1 0 0 0 0 0 0
0 0 0 0 1 0 0 0
0 0 0 0 0 0 0 1
0 1 0 0 0 0 0 0
0 0 0 0 0 0 0 1
0 0 0 0 0 0 0 1
0 0 0 0 0 0 0 1
0 0 0 0 0 0 1 0
0 0 1 0 0 0 0 0
0 0 0 1 0 0 0 0
0 0 0 1 0 0 0 0
0 0 0 1 0 0 0 0
0 0 0 0 0 0 0 1
0 0 0 0 0 1 0 0
0 0 0 0 0 1 0 0
0 0 0 0 0 0 0 1
0 0 0 0 1 0 0 0
0 0 0 0 0 1 0 0
0 0 0 1 0 0 0 0
0 0 0 0 0 0 1 0
0 0 1 0 0 0 0 0
0 0 0 0 0 0 0 1
0 0 0 0 0 0 1 0
0 0 0 0 0 0 1 0
0 0 0 0 0 1 0 0
0 1 0 0 0 0 0 0
0 0 0 0 0 0 0 1
0 0 0 0 1 0 0 0
0 1 0 0 0 0 0 0
0 0 0 0 1 0 0 0
0 1 0 0 0 0 0 0
0 0 1 0 0 0 0 0
1 0 0 0 0 0 0 0
0 0 0 0 0 0 1 0
0 0 0 0 0 0 1 0
0 0 0 0 0 0 0 1
1 0 0 0 0 0 0 0
0 0 0 1 0 0 0 0
0 0 1 0 0 0 0 0
0 0 0 0 0 1 0 0
0 1 0 0 0 0 0 0
0 0 0 0 0 0 1 0
0 0 0 0 0 1 0 0
1 0 0 0 0 0 0 0
0 0 0 0 0 1 0 0
0 0 0 0 0 0 0 1
0 0 0 0 0 0 1 0
0 1 0 0 0 0 0 0
0 0 0 1 0 0 0 0
0 0 0 0 0 1 0 0
0 0 0 0 0 1 0 0
0 0 0 0 0 0 0 1
0 0 0 1 0 0 0 0
0 0 0 1 0 0 0 0
0 0 0 1 0 0 0 0
0 0 1 0 0 0 0 0
0 0 0 0 0 1 0 0
0 1 0 0 0 0 0 0
0 0 1 0 0 0 0 0
0 0 0 0 1 0 0 0
0 0 0 0 0 1 0 0
0 1 0 0 0 0 0 0
0 0 0 0 1 0 0 0
0 1 0 0 0 0 0 0
0 0 0 0 0 1 0 0
0 1 0 0 0 0 0 0
0 1 0 0 0 0 0 0
0 0 0 0 1 0 0 0
1 0 0 0 0 0 0 0
0 1 0 0 0 0 0 0
0 0 0 0 0 1 0 0
1 0 0 0 0 0 0 0
0 0 0 0 1 0 0 0
0 0 0 0 1 0 0 0
0 1 0 0 0 0 0 0
0 1 0 0 0 0 0 0
0 0 0 0 0 0 0 1
0 0 0 0 0 0 1 0
0 0 0 1 0 0 0 0
0 0 0 0 1 0 0 0
0 0 1 0 0 0 0 0
0 0 0 0 1 0 0 0
0 0 0 1 0 0 0 0
0 0 0 0 0 0 1 0
1 0 0 0 0 0 0 0
0 0 1 0 0 0 0 0
0 0 0 0 0 1 0 0
1 0 0 0 0 0 0 0
0 1 0 0 0 0 0 0
0 0 1 0 0 0 0 0
0 0 0 0 1 0 0 0
0 0 0 0 0 1 0 0
0 0 0 1 0 0 0 0
0 0 0 1 0 0 0 0
0 0 0 1 0 0 0 0
0 0 0 0 0 0 0 1
0 0 0 0 0 0 0 1
0 0 0 0 0 0 1 0
0 0 0 0 0 0 0 1
0 0 0 0 0 0 0 1
1 0 0 0 0 0 0 0
0 0 0 0 0 1 0 0
0 0 0 1 0 0 0 0
0 0 0 0 0 0 1 0
0 0 0 0 0 1 0 0
0 0 1 0 0 0 0 0
0 0 0 0 1 0 0 0
0 1 0 0 0 0 0 0
0 0 0 0 0 0 1 0
0 1 0 0 0 0 0 0
0 0 0 0 0 1 0 0
0 0 0 0 0 0 0 1
0 0 1 0 0 0 0 0
0 1 0 0 0 0 0 0
0 1 0 0 0 0 0 0
0 0 1 0 0 0 0 0
0 0 0 1 0 0 0 0
0 0 0 0 1 0 0 0
0 0 0 0 1 0 0 0
1 0 0 0 0 0 0 0
0 1 0 0 0 0 0 0
1 0 0 0 0 0 0 0
0 0 0 1 0 0 0 0
0 0 0 1 0 0 0 0
0 0 0 0 0 1 0 0
0 1 0 0 0 0 0 0
0 0 0 1 0 0 0 0
0 0 0 0 0 0 0 1
0 0 0 0 0 0 1 0
0 0 0 1 0 0 0 0
0 1 0 0 0 0 0 0
0 0 0 0 1 0 0 0
0 0 0 0 0 0 0 1
0 0 0 0 0 0 0 1
0 1 0 0 0 0 0 0
0 0 0 0 1 0 0 0
0 0 0 0 0 1 0 0
0 0 0 0 0 0 0 1
0 1 0 0 0 0 0 0
0 1 0 0 0 0 0 0
0 1 0 0 0 0 0 0
0 0 0 0 0 1 0 0
0 0 0 0 1 0 0 0
0 0 0 0 0 1 0 0
0 0 0 1 0 0 0 0
0 1 0 0 0 0 0 0
0 0 0 0 0 0 1 0
0 0 0 1 0 0 0 0
0 0 1 0 0 0 0 0
0 0 0 0 0 0 0 1
1 0 0 0 0 0 0 0
0 0 0 0 0 0 0 1
1 0 0 0 0 0 0 0
0 0 1 0 0 0 0 0
0 1 0 0 0 0 0 0
0 0 1 0 0 0 0 0
1 0 0 0 0 0 0 0
0 1 0 0 0 0 0 0
0 1 0 0 0 0 0 0
1 0 0 0 0 0 0 0
0 0 0 1 0 0 0 0
1 0 0 0 0 0 0 0
0 0 0 0 1 0 0 0
0 1 0 0 0 0 0 0
1 0 0 0 0 0 0 0
1 0 0 0 0 0 0 0
0 0 0 0 0 0 1 0
0 0 0 0 1 0 0 0
0 0 0 1 0 0 0 0
1 0 0 0 0 0 0 0
0 0 1 0 0 0 0 0
0 0 0 0 0 0 1 0
0 0 0 0 1 0 0 0
0 0 0 0 1 0 0 0
0 1 0 0 0 0 0 0
1 0 0 0 0 0 0 0
0 0 0 0 0 0 0 1
0 0 1 0 0 0 0 0
0 0 0 0 0 0 0 1
0 0 0 0 1 0 0 0
0 0 0 0 0 1 0 0
0 0 0 0 0 1 0 0
0 0 0 1 0 0 0 0
0 0 0 0 0 1 0 0
0 0 0 0 0 0 1 0
0 0 1 0 0 0 0 0
0 0 1 0 0 0 0 0
0 0 1 0 0 0 0 0
0 0 1 0 0 0 0 0
0 1 0 0 0 0 0 0
0 0 0 0 0 0 1 0
0 0 0 1 0 0 0 0
0 0 0 1 0 0 0 0
0 0 0 0 0 0 1 0
1 0 0 0 0 0 0 0
0 1 0 0 0 0 0 0
0 0 0 0 0 1 0 0
1 0 0 0 0 0 0 0
0 0 0 0 1 0 0 0
0 1 0 0 0 0 0 0
0 1 0 0 0 0 0 0
1 0 0 0 0 0 0 0
0 0 1 0 0 0 0 0
0 1 0 0 0 0 0 0
0 0 1 0 0 0 0 0
0 0 1 0 0 0 0 0
0 0 1 0 0 0 0 0
0 0 0 1 0 0 0 0
0 0 1 0 0 0 0 0
0 0 1 0 0 0 0 0
0 1 0 0 0 0 0 0
0 0 0 0 1 0 0 0
0 0 1 0 0 0 0 0
0 0 0 1 0 0 0 0
0 0 0 1 0 0 0 0
0 0 0 1 0 0 0 0
0 0 0 0 0 0 1 0
0 0 0 0 1 0 0 0
0 0 0 0 0 0 1 0
0 0 0 0 0 1 0 0
0 0 0 0 0 1 0 0
0 0 0 0 0 0 0 1
0 0 1 0 0 0 0 0
0 0 0 1 0 0 0 0
0 1 0 0 0 0 0 0
0 0 0 0 0 0 1 0
0 0 0 0 1 0 0 0
0 0 0 0 0 0 0 1
0 1 0 0 0 0 0 0
0 0 0 0 0 1 0 0
0 0 1 0 0 0 0 0
1 0 0 0 0 0 0 0
0 0 0 0 0 0 1 0
0 0 0 0 1 0 0 0
0 0 0 0 0 0 0 1
0 0 1 0 0 0 0 0
0 0 0 0 0 0 1 0
1 0 0 0 0 0 0 0
0 0 1 0 0 0 0 0
0 1 0 0 0 0 0 0
0 0 0 0 0 0 1 0
1 0 0 0 0 0 0 0
0 0 0 0 0 0 0 1
0 1 0 0 0 0 0 0
0 1 0 0 0 0 0 0
0 0 1 0 0 0 0 0
0 0 0 0 0 0 0 1
0 1 0 0 0 0 0 0
0 0 0 0 0 0 0 1
0 0 0 0 0 0 0 1
0 0 0 0 0 1 0 0
0 0 1 0 0 0 0 0
0 1 0 0 0 0 0 0
0 0 1 0 0 0 0 0
0 1 0 0 0 0 0 0
0 0 1 0 0 0 0 0
0 0 0 0 1 0 0 0
0 0 0 0 1 0 0 0
0 0 0 1 0 0 0 0
0 0 0 0 0 0 0 1
0 0 0 0 0 0 0 1
0 0 0 0 0 0 1 0
0 0 0 0 0 0 1 0
0 0 0 0 1 0 0 0
0 0 0 0 0 1 0 0
1 0 0 0 0 0 0 0
0 0 0 0 1 0 0 0
0 0 0 0 0 1 0 0
0 0 1 0 0 0 0 0
0 0 0 0 0 0 1 0
0 1 0 0 0 0 0 0
0 0 0 1 0 0 0 0
0 0 0 0 0 1 0 0
0 0 0 0 1 0 0 0
0 0 0 1 0 0 0 0
1 0 0 0 0 0 0 0
0 0 0 1 0 0 0 0
0 0 0 0 0 1 0 0
0 1 0 0 0 0 0 0
0 0 0 0 0 0 0 1
0 0 0 0 0 0 0 1
0 0 0 0 0 0 0 1
0 0 0 1 0 0 0 0
0 0 0 0 1 0 0 0
1 0 0 0 0 0 0 0
0 0 0 0 1 0 0 0
0 0 0 0 0 1 0 0
1 0 0 0 0 0 0 0
0 1 0 0 0 0 0 0
0 0 0 0 0 1 0 0
0 1 0 0 0 0 0 0
0 0 0 0 0 0 1 0
0 0 0 0 1 0 0 0
0 0 0 0 1 0 0 0
0 0 0 1 0 0 0 0
0 0 0 0 0 0 0 1
0 0 0 0 0 1 0 0
0 0 0 0 0 0 0 1
0 0 1 0 0 0 0 0
0 0 1 0 0 0 0 0
0 1 0 0 0 0 0 0
0 0 0 0 0 1 0 0
0 0 1 0 0 0 0 0
0 0 0 0 0 0 1 0
0 0 1 0 0 0 0 0
0 0 0 0 1 0 0 0
0 1 0 0 0 0 0 0
1 0 0 0 0 0 0 0
0 0 0 0 0 0 0 1
1 0 0 0 0 0 0 0
0 0 0 0 0 0 0 1
0 0 0 0 0 0 0 1
0 0 0 0 0 0 0 1
1 0 0 0 0 0 0 0
0 0 0 0 0 1 0 0
1 0 0 0 0 0 0 0
0 1 0 0 0 0 0 0
0 0 1 0 0 0 0 0
0 1 0 0 0 0 0 0
1 0 0 0 0 0 0 0
1 0 0 0 0 0 0 0
0 1 0 0 0 0 0 0
0 0 1 0 0 0 0 0
0 0 0 0 0 0 0 1
0 0 0 0 0 1 0 0
0 1 0 0 0 0 0 0
1 0 0 0 0 0 0 0
0 0 0 0 1 0 0 0
1 0 0 0 0 0 0 0
0 0 0 0 0 1 0 0
0 0 0 0 0 0 0 1
0 0 0 0 0 1 0 0
0 0 0 0 0 0 0 1
1 0 0 0 0 0 0 0
0 0 0 0 0 1 0 0
0 0 1 0 0 0 0 0
0 0 0 0 0 0 0 1
0 1 0 0 0 0 0 0
0 0 0 0 0 1 0 0
0 1 0 0 0 0 0 0
0 0 1 0 0 0 0 0
0 0 1 0 0 0 0 0
0 0 1 0 0 0 0 0
0 0 0 0 1 0 0 0
1 0 0 0 0 0 0 0
0 0 0 0 1 0 0 0
0 0 0 0 0 0 1 0
0 0 0 0 1 0 0 0
0 0 0 0 1 0 0 0
0 0 0 0 1 0 0 0
0 0 0 0 1 0 0 0
0 0 0 1 0 0 0 0
0 0 0 0 0 0 0 1
1 0 0 0 0 0 0 0
0 0 0 0 0 1 0 0
0 0 0 0 0 0 1 0
0 0 1 0 0 0 0 0
0 1 0 0 0 0 0 0
1 0 0 0 0 0 0 0
0 0 0 0 0 0 0 1
0 0 0 0 0 0 1 0
0 0 0 0 1 0 0 0
1 0 0 0 0 0 0 0
0 0 0 0 0 0 1 0
0 0 0 0 0 0 1 0
0 0 1 0 0 0 0 0
0 0 0 0 1 0 0 0
0 0 0 0 1 0 0 0
0 0 0 0 0 0 0 1
0 0 0 0 0 0 0 1
0 0 0 0 0 1 0 0
0 0 0 1 0 0 0 0
0 0 0 0 0 1 0 0
0 0 0 0 0 0 0 1
0 0 0 1 0 0 0 0
0 1 0 0 0 0 0 0
1 0 0 0 0 0 0 0
0 0 0 0 0 0 0 1
1 0 0 0 0 0 0 0
0 0 0 1 0 0 0 0
0 0 1 0 0 0 0 0
0 0 0 0 0 1 0 0
0 0 0 1 0 0 0 0
1 0 0 0 0 0 0 0
0 0 0 0 0 0 1 0
0 0 0 0 0 1 0 0
0 0 0 0 0 0 0 1
0 1 0 0 0 0 0 0
0 0 0 0 0 0 1 0
1 0 0 0 0 0 0 0
0 0 0 0 0 0 1 0
1 0 0 0 0 0 0 0
0 0 0 0 0 0 1 0
1 0 0 0 0 0 0 0
0 0 0 1 0 0 0 0
0 1 0 0 0 0 0 0
0 0 0 0 1 0 0 0
0 1 0 0 0 0 0 0
0 0 0 0 0 0 1 0
0 0 0 0 0 0 1 0
0 0 0 0 1 0 0 0
0 0 0 0 0 0 0 1
0 0 0 0 0 1 0 0
0 0 1 0 0 0 0 0
0 0 1 0 0 0 0 0
1 0 0 0 0 0 0 0
0 0 0 0 1 0 0 0
0 0 1 0 0 0 0 0
0 0 0 1 0 0 0 0
0 0 0 1 0 0 0 0
0 0 0 0 0 1 0 0
1 0 0 0 0 0 0 0
0 0 0 0 0 0 0 1
0 0 0 0 0 0 1 0
1 0 0 0 0 0 0 0
0 0 1 0 0 0 0 0
0 0 1 0 0 0 0 0

Capacidades:
22 26 0 45 44 50 25 34
54 41 32 0 39 24 25 34
59 22 57 28 0 20 0 39
39 59 53 27 29 26 59 0
30 31 30 51 26 0 32 21
56 31 23 45 28 56 0 47
36 44 38 0 35 53 0 0
53 35 58 46 30 53 0 42
43 46 56 56 32 36 49 29
52 43 48 48 23 45 36 53
