m: 500
n: 5
p: 8

Distancias:
2.25 2.82 1.89 1.74 7.69
4.12 6.82 2.36 5.30 5.44
7.72 7.08 4.22 5.08 2.21
5.08 2.96 2.66 9.09 9.34
7.29 6.12 1.56 4.69 2.58
2.27 4.03 9.64 5.25 4.32
1.67 1.49 3.25 5.15 9.99
7.38 2.64 6.87 9.26 7.83
4.86 3.76 4.95 7.64 4.90
9.95 6.69 6.85 3.12 1.39
6.19 3.17 6.89 3.37 9.36
6.79 2.33 4.37 5.27 7.33
9.23 8.69 8.28 7.21 1.09
2.64 5.41 4.69 7.77 7.90
6.76 8.76 8.94 1.94 5.75
2.24 5.11 6.58 3.45 9.79
4.72 5.72 5.44 7.49 3.02
7.09 6.78 6.12 6.55 8.06
5.87 5.49 1.96 8.35 8.36
7.90 6.24 8.54 3.45 4.10
4.27 3.47 3.00 3.50 3.48
9.27 8.96 8.43 8.47 6.94
4.42 6.31 2.71 6.45 6.74
1.31 6.56 3.76 6.84 8.34
8.55 7.42 6.70 3.96 9.52
4.88 5.35 4.10 8.81 8.47
5.03 5.78 6.39 8.56 8.20
5.21 3.25 5.68 8.26 5.81
6.62 2.20 2.30 8.83 3.71
8.25 5.91 3.73 1.82 5.05
4.74 5.66 8.49 4.12 2.22
3.92 8.67 7.11 3.92 8.60
9.06 2.70 9.93 4.48 4.20
4.84 5.67 3.00 6.87 5.54
9.34 7.96 5.80 1.44 6.03
3.73 9.11 5.67 7.32 6.83
4.00 9.04 6.83 1.27 4.45
8.38 4.05 4.73 6.37 1.06
5.12 4.66 8.70 3.44 8.24
2.96 7.11 3.75 6.08 8.20
8.74 1.16 5.97 3.70 4.54
1.90 5.93 1.89 5.74 9.58
8.41 7.07 7.46 2.11 6.07
2.16 2.53 5.91 8.03 3.21
4.33 7.12 3.07 8.59 7.22
2.00 8.20 6.25 7.54 2.78
9.45 1.16 2.71 7.78 4.04
4.97 7.31 5.26 3.76 7.28
8.09 3.30 7.59 5.59 3.05
6.23 7.79 2.78 7.48 6.62
2.71 7.39 7.73 7.76 4.32
7.97 1.41 4.23 1.59 3.98
4.63 9.93 3.65 7.39 4.83
5.96 7.98 2.21 9.86 5.29
8.02 3.97 1.12 7.84 8.68
5.61 9.80 8.38 1.35 9.42
1.14 3.88 1.41 1.65 1.31
9.02 9.63 8.96 2.42 7.41
7.53 6.64 5.00 7.54 1.24
1.74 8.53 3.55 4.23 3.31
2.80 9.13 4.67 1.79 8.45
5.85 5.04 2.84 8.81 8.50
3.48 4.92 1.73 9.62 1.14
1.73 3.29 2.17 4.05 8.25
8.59 3.62 6.16 3.20 2.16
8.49 6.40 8.51 9.66 8.22
7.85 9.37 6.98 3.68 9.52
2.44 9.23 7.19 5.19 9.42
5.43 9.39 6.86 7.53 1.76
6.57 9.21 1.10 1.75 6.88
8.71 9.62 6.59 7.05 8.75
4.23 2.74 8.42 2.62 7.05
1.40 9.17 6.66 3.61 9.61
7.03 9.13 9.72 7.27 1.15
3.77 4.34 4.14 8.37 7.05
2.45 4.54 6.30 9.17 5.73
9.87 7.20 8.07 4.79 6.99
8.52 5.54 6.89 9.16 1.84
6.05 4.96 1.38 1.79 5.61
4.51 6.37 6.61 3.85 5.84
2.72 3.50 9.38 6.55 2.10
1.29 6.58 8.41 5.02 2.08
6.46 3.90 7.08 5.45 3.97
6.61 2.02 4.20 6.36 2.64
1.36 5.33 8.00 5.50 6.89
7.92 7.09 2.78 9.18 4.13
1.72 5.74 1.20 9.43 1.50
3.64 2.53 5.10 7.39 7.47
5.51 3.85 5.94 6.26 3.33
4.65 1.95 9.64 7.71 9.45
4.19 5.42 8.84 8.70 9.40
9.50 7.41 3.22 1.82 2.66
1.24 6.87 1.69 9.72 3.94
1.87 7.66 9.01 4.71 9.33
5.41 2.64 3.05 8.01 2.35
9.79 2.72 3.35 8.44 6.34
2.20 9.34 1.99 8.06 2.57
3.12 7.75 5.57 8.04 4.66
9.74 6.80 4.29 7.19 1.22
1.64 8.92 4.71 3.18 1.45
1.04 4.88 6.45 3.16 2.18
5.50 5.30 8.25 6.09 4.85
4.22 9.83 2.32 2.90 5.09
8.67 3.35 7.81 6.92 2.55
3.90 4.37 3.78 2.84 5.89
4.00 1.60 2.41 4.55 2.84
8.79 3.64 3.24 2.52 8.42
3.80 3.26 4.65 7.28 6.22
7.63 5.56 7.44 6.24 9.18
3.83 9.71 8.04 2.75 9.54
6.64 5.16 3.27 4.54 2.24
5.36 9.18 6.66 9.63 1.83
6.70 4.20 9.66 5.67 6.79
8.80 9.24 5.71 5.40 2.42
3.95 2.35 5.44 6.86 8.29
4.45 8.87 6.18 4.01 3.78
4.60 7.11 4.42 3.41 9.43
7.34 6.76 3.39 7.67 3.14
8.71 3.82 2.81 3.49 6.43
4.36 6.34 8.75 6.74 6.08
9.45 9.69 8.48 7.50 7.03
8.69 8.83 7.69 7.54 9.85
3.36 4.70 6.96 3.78 8.97
3.57 4.37 5.11 2.15 7.50
2.32 5.59 9.18 4.63 5.91
2.40 4.71 4.37 1.27 8.02
5.64 8.74 8.95 9.64 2.72
8.53 4.72 6.82 3.12 3.71
4.79 8.75 6.03 2.45 5.07
9.83 3.68 6.74 1.64 4.46
5.76 5.14 3.84 8.58 6.67
2.95 3.35 9.46 8.75 7.41
5.64 4.24 9.86 3.63 1.56
1.12 7.21 7.41 9.31 6.22
6.36 8.09 4.95 6.94 9.63
1.13 8.93 5.34 7.05 4.91
3.82 4.61 4.30 3.91 7.60
3.09 1.94 4.90 1.91 9.75
9.06 4.84 3.29 2.01 9.21
8.44 2.60 2.08 6.16 9.98
3.42 3.49 5.76 5.38 4.02
4.69 3.38 3.02 5.54 4.24
4.00 9.97 7.49 6.26 8.39
1.46 5.68 7.17 1.82 3.01
6.56 5.27 5.96 3.19 2.44
5.77 7.96 1.98 7.67 6.96
7.34 4.26 7.42 6.73 3.76
8.33 4.79 2.09 4.33 6.15
8.17 3.30 2.81 4.99 6.09
4.80 4.28 1.28 8.28 8.73
1.79 4.73 3.14 4.94 2.90
9.43 8.50 4.28 4.05 3.49
1.85 2.09 7.70 3.32 9.50
6.40 7.77 8.27 2.95 3.10
4.90 1.32 8.97 4.04 1.26
1.02 8.86 4.61 2.88 1.10
3.95 2.38 2.00 9.26 6.99
4.88 9.94 1.62 3.33 6.71
6.96 5.41 9.60 4.33 3.52
5.19 2.15 9.55 5.68 4.20
1.32 1.74 7.17 5.36 4.51
4.94 5.37 2.85 8.37 5.38
2.41 8.40 5.98 9.58 1.95
5.34 3.18 7.90 9.85 9.96
1.36 7.08 1.90 8.64 6.13
4.68 9.82 9.22 8.31 8.98
7.45 6.07 4.12 9.70 1.90
8.72 1.45 9.38 9.56 1.54
5.85 3.13 9.24 1.03 3.08
3.02 5.44 4.63 8.43 5.62
1.66 1.36 9.32 4.96 7.87
7.18 5.29 2.49 9.07 2.45
2.94 9.39 1.16 3.87 3.46
3.08 7.56 7.07 2.04 3.40
4.33 7.69 4.90 6.85 5.29
6.69 9.48 6.40 1.70 4.27
5.43 2.74 4.01 7.68 1.17
7.71 8.45 5.29 4.82 8.62
4.74 6.69 6.79 2.06 5.00
5.12 3.82 7.49 1.43 2.62
1.81 2.27 2.10 1.64 5.07
3.78 8.72 7.92 4.43 8.32
7.07 5.32 3.56 8.75 4.52
8.32 5.03 9.40 3.63 6.61
5.79 2.83 6.89 9.85 8.79
3.62 5.26 3.50 8.95 4.79
2.02 9.13 4.33 5.40 8.98
7.01 4.18 7.73 8.16 8.87
8.64 2.02 5.04 1.84 8.74
6.06 6.45 2.74 6.60 8.28
8.10 2.66 4.55 5.09 8.88
8.68 3.91 2.91 7.08 8.08
2.63 9.02 9.10 1.81 3.49
2.87 1.75 1.85 6.67 8.89
8.00 3.95 5.15 1.75 7.32
6.68 7.96 4.58 6.48 6.48
2.15 6.41 9.43 2.90 8.15
1.16 2.10 2.76 7.59 6.24
1.11 4.42 6.81 9.30 2.07
6.55 6.92 3.42 6.80 7.56
2.46 2.62 6.97 2.26 6.97
8.14 7.72 6.45 3.20 1.88
3.43 5.67 8.60 5.96 8.05
8.80 6.61 6.30 7.95 1.63
4.20 1.57 5.03 6.14 8.62
6.96 8.81 2.15 1.76 7.38
2.20 3.76 1.24 9.12 8.50
9.26 5.86 1.99 2.35 7.51
7.07 4.86 7.56 6.49 3.53
8.49 1.53 9.48 7.03 3.85
5.59 4.38 2.97 9.19 3.19
6.42 1.80 6.36 2.69 5.87
2.29 3.35 8.00 8.55 2.74
1.04 3.22 2.88 8.11 6.41
7.85 8.77 7.02 2.45 4.34
4.53 6.78 6.55 5.54 5.78
1.52 4.31 8.94 2.22 9.27
2.53 3.50 5.42 2.34 5.25
5.38 5.24 5.64 9.99 5.72
7.49 5.02 2.88 3.26 1.20
8.17 6.27 6.54 7.79 7.99
4.10 7.97 7.90 6.78 5.26
3.83 8.63 3.67 7.99 2.52
3.62 8.34 5.38 8.95 4.30
7.19 6.87 4.52 3.22 1.33
8.68 1.27 3.75 4.39 4.07
8.77 3.36 8.51 4.39 3.00
7.08 1.68 9.20 7.33 2.01
2.20 4.10 2.13 2.63 7.32
6.10 3.33 1.09 2.07 6.30
6.66 8.43 5.27 5.52 7.32
5.71 6.58 3.33 2.69 7.32
7.84 8.86 8.70 5.59 6.36
7.34 1.88 2.92 9.03 7.87
8.75 2.86 4.83 3.46 6.14
9.66 1.95 4.83 7.32 7.62
7.05 3.00 9.64 9.58 1.77
3.88 1.33 8.40 3.30 3.06
9.70 9.45 8.50 5.04 4.78
5.23 9.80 3.06 5.34 6.28
8.00 7.80 6.56 6.34 4.06
2.48 8.06 7.83 9.56 4.67
5.77 2.10 4.92 2.76 6.76
6.54 8.58 9.95 3.43 9.88
1.64 3.30 1.76 8.11 4.26
9.04 9.46 4.03 3.55 7.80
1.67 2.82 3.52 6.42 9.96
5.33 8.64 7.47 5.57 9.59
9.00 2.74 8.27 9.87 8.05
5.11 3.78 9.11 9.41 9.60
2.43 5.60 5.38 1.28 1.91
7.67 5.86 9.45 4.49 7.70
7.20 6.69 8.85 4.76 4.72
6.63 7.95 5.96 7.97 6.39
9.67 7.64 7.41 8.31 2.90
9.06 8.65 7.06 2.68 7.32
4.04 3.16 6.75 6.44 2.65
5.52 8.99 8.32 1.08 4.44
6.50 7.57 8.52 2.71 2.07
5.63 1.80 2.36 4.34 9.05
7.15 4.58 7.27 9.12 3.74
8.22 2.52 4.86 3.36 5.84
7.85 2.06 4.35 6.44 8.17
6.05 4.64 4.74 8.51 5.35
7.64 7.38 7.73 9.17 4.97
9.60 7.69 7.09 8.33 6.59
3.98 8.76 6.57 6.08 6.09
4.55 4.69 7.74 9.11 9.73
5.69 9.59 7.36 6.92 2.42
2.11 5.96 9.61 4.64 8.78
5.13 2.03 3.92 8.63 7.71
8.98 3.61 1.70 8.34 6.69
2.48 7.01 7.75 9.68 2.02
9.58 1.14 3.35 9.86 3.12
5.83 6.96 9.81 7.33 6.84
9.07 2.63 5.25 8.83 3.68
1.42 1.91 6.51 5.03 6.83
9.13 2.21 8.14 6.43 1.69
8.56 2.21 7.07 3.48 6.29
8.43 6.31 5.65 1.45 1.01
5.30 3.49 7.08 1.85 7.08
5.73 5.69 6.06 4.31 2.74
3.12 6.07 1.61 5.92 6.16
8.12 1.32 6.82 3.65 9.04
1.93 7.76 1.72 6.15 9.76
6.05 7.00 2.56 9.14 6.90
2.25 3.03 8.62 7.06 3.03
8.18 8.70 1.13 7.27 7.92
6.47 1.94 5.73 1.72 7.39
5.64 7.67 4.93 9.00 9.97
7.96 3.14 3.86 1.16 8.09
6.54 9.41 2.49 5.22 8.15
7.27 8.00 6.53 5.91 8.87
1.89 4.22 6.14 4.20 4.44
6.31 8.91 4.87 2.68 8.60
4.23 5.04 7.20 6.13 9.33
3.81 6.50 8.84 1.65 6.18
1.28 2.32 4.37 3.13 2.19
2.92 4.62 4.98 6.12 3.41
1.21 2.96 9.01 4.88 5.99
3.18 7.13 1.17 1.13 1.38
7.62 8.07 2.71 3.43 7.07
1.02 4.60 2.98 8.91 3.90
2.15 4.46 2.47 3.83 9.80
6.08 9.93 9.32 7.74 9.54
3.58 9.71 4.51 7.43 8.24
5.44 7.24 1.27 5.67 7.46
2.38 6.50 1.82 5.87 1.61
8.60 7.52 7.47 6.14 9.06
2.63 2.58 5.62 9.16 1.15
6.75 3.41 8.90 8.36 4.18
8.25 5.18 6.32 3.22 2.74
1.01 4.60 2.14 4.65 4.44
2.47 9.24 6.61 7.41 7.32
3.64 2.12 9.33 6.21 8.41
9.57 6.28 4.32 2.93 2.22
3.41 4.06 3.15 5.74 6.19
7.19 5.50 4.63 1.25 4.59
5.40 4.45 2.73 5.62 4.91
6.38 2.45 3.77 8.24 8.98
4.61 2.68 1.39 5.89 5.65
4.22 2.76 6.44 6.22 5.79
5.99 9.36 7.93 1.13 8.22
2.89 4.38 4.68 8.22 2.01
7.64 1.44 1.02 7.04 6.05
4.07 7.44 3.96 5.66 3.83
6.58 3.22 5.64 1.04 1.59
8.20 2.50 3.47 7.37 3.03
4.54 6.20 5.13 7.02 6.36
9.69 9.85 6.98 6.69 4.37
5.18 3.46 2.98 1.75 9.56
9.47 3.47 4.06 3.91 5.69
3.65 8.58 9.91 8.33 4.66
6.78 9.66 1.01 9.14 1.89
7.40 9.45 7.86 5.31 4.70
2.63 4.48 9.02 3.28 7.61
5.26 7.27 4.51 1.36 6.11
6.96 7.89 2.13 7.98 9.65
9.70 2.44 2.50 1.72 3.03
6.47 2.02 8.83 7.77 9.66
9.40 1.26 5.47 6.53 9.90
8.42 9.01 4.48 9.49 1.21
9.57 9.43 8.19 1.68 5.09
3.18 2.96 6.76 1.47 1.02
4.69 8.24 1.27 9.67 8.14
10.00 9.51 3.22 4.57 2.61
8.99 1.62 9.89 5.21 2.23
9.67 2.53 4.17 8.78 7.43
6.18 8.76 9.48 5.92 8.95
5.93 7.83 1.66 7.31 5.95
6.97 2.83 4.89 7.57 2.98
3.31 6.14 2.16 4.52 4.15
2.10 2.56 7.88 7.92 3.55
8.63 2.76 4.86 6.77 3.11
5.25 7.72 7.08 4.84 6.93
6.41 3.78 1.18 9.55 6.36
1.18 6.90 6.88 8.76 6.95
1.87 5.38 3.32 4.17 5.88
1.31 7.94 5.59 3.07 1.58
9.89 6.24 2.13 9.76 7.97
1.53 9.37 2.56 5.69 4.75
1.33 3.51 1.61 8.12 1.54
3.38 7.81 5.69 6.31 8.18
1.41 7.23 7.87 3.67 7.36
5.03 7.74 2.08 2.17 7.13
1.39 3.40 9.71 7.12 6.97
3.04 5.99 3.73 5.30 6.92
6.71 4.53 6.60 7.45 7.85
8.37 8.68 1.13 3.62 8.00
8.52 6.73 9.82 6.75 7.69
2.37 4.44 9.26 5.02 9.77
2.99 3.25 5.07 6.80 9.73
9.31 7.50 8.78 7.37 9.87
4.79 8.32 3.17 9.38 4.03
9.48 1.92 8.02 7.39 6.48
6.24 5.55 1.78 8.17 7.97
7.32 7.02 9.31 9.49 8.02
4.97 2.78 1.82 1.61 7.21
9.24 5.43 5.58 8.58 7.62
1.41 1.79 6.48 8.70 8.88
7.14 4.76 3.56 9.08 4.03
9.00 8.10 8.33 4.52 7.14
4.98 9.77 2.62 6.67 2.62
7.19 7.09 7.17 6.70 8.03
2.29 6.55 2.08 4.97 2.88
9.08 3.92 4.89 1.26 9.70
6.59 6.94 3.09 6.94 9.08
8.85 9.49 7.43 6.40 1.32
9.04 1.85 9.22 5.87 4.96
1.38 9.24 1.75 9.19 3.82
5.83 4.26 3.62 5.09 2.72
5.68 1.10 2.43 5.14 8.15
7.73 2.36 1.29 8.59 8.03
3.15 8.99 6.09 6.01 5.33
1.72 1.33 6.06 6.69 2.46
8.64 7.79 2.43 3.36 2.18
5.20 5.51 7.79 7.44 4.30
4.52 7.69 5.37 2.29 5.72
8.17 3.91 7.67 5.37 2.41
7.94 9.90 7.88 3.00 2.94
4.77 1.77 6.12 4.76 6.42
8.28 5.59 9.66 8.66 4.13
6.70 2.50 3.00 3.54 7.60
5.57 9.70 6.33 6.90 6.69
7.42 2.91 2.99 9.23 9.58
9.94 6.08 7.41 9.10 2.56
5.74 1.38 1.54 9.01 2.61
9.20 1.73 4.07 9.23 2.00
2.10 5.20 2.08 9.16 4.56
4.72 8.26 7.66 4.92 8.26
3.29 1.97 6.90 1.52 8.67
2.94 5.58 9.51 5.61 6.54
7.43 6.98 8.08 9.05 1.65
8.16 2.09 9.33 6.39 2.68
8.63 2.72 1.87 6.47 9.27
5.51 3.23 7.85 5.63 4.93
4.12 4.05 5.42 2.32 4.81
4.36 9.74 3.82 2.21 7.38
3.91 7.02 2.08 3.72 6.48
7.83 9.18 1.24 7.78 3.98
9.42 7.79 2.98 8.45 6.11
7.99 8.47 6.80 9.40 5.98
7.22 2.22 5.72 3.44 2.65
1.84 3.73 4.78 6.75 6.64
7.07 4.65 1.47 1.13 8.33
6.87 9.25 5.22 5.55 4.08
9.20 7.20 2.25 5.59 2.30
4.51 2.71 7.69 9.72 1.18
4.56 4.61 4.53 5.76 6.28
8.66 4.50 6.43 9.22 8.37
6.92 4.85 9.29 6.43 9.60
7.12 8.80 3.45 5.57 8.49
6.99 1.66 4.98 9.70 7.54
7.05 9.64 7.44 1.07 8.87
5.29 4.29 8.63 4.71 1.62
3.92 1.90 8.17 6.78 6.17
4.00 7.29 6.05 6.27 8.63
3.23 2.35 8.08 9.48 6.86
2.88 4.33 9.06 5.41 3.69
8.91 1.54 1.64 2.33 9.79
7.97 4.88 1.34 1.63 2.05
2.25 2.76 6.52 1.19 2.79
5.57 1.24 5.38 5.55 9.40
6.36 3.36 1.30 5.90 3.25
9.71 3.41 7.38 1.21 8.22
2.76 8.72 3.24 7.24 9.70
8.52 7.70 5.35 8.83 2.32
8.72 5.59 3.59 8.94 3.33
1.25 9.33 3.95 8.82 5.79
3.67 9.27 2.12 9.65 6.77
4.14 1.14 2.03 9.49 4.82
6.78 6.91 1.70 9.60 5.54
2.98 9.10 7.27 8.01 8.71
5.80 7.88 7.87 3.03 1.41
7.15 8.62 6.92 2.32 4.15
3.49 1.60 4.65 8.17 9.93
1.98 7.61 4.53 9.50 5.26
4.34 2.22 9.88 5.44 8.53
7.86 9.95 2.07 2.06 7.15
9.71 8.69 2.60 6.81 8.76
2.08 9.59 6.44 6.88 5.10
1.71 8.83 4.66 5.17 2.80
3.70 6.53 4.04 6.39 2.32
3.58 7.98 4.69 6.46 2.72
7.34 3.18 9.50 5.12 2.82
1.24 4.50 1.08 3.25 8.95
3.42 7.53 2.39 4.63 4.21
5.36 4.33 4.00 6.69 7.87
5.96 3.72 2.52 1.62 9.81
6.97 3.94 6.42 4.86 5.08
1.62 5.54 2.11 4.84 3.24
6.92 6.38 3.11 1.61 9.32
2.95 9.62 7.96 7.45 4.82
4.34 5.87 6.30 4.51 2.64
9.52 5.14 2.85 3.09 9.16
6.95 3.60 9.17 1.91 7.81
9.15 3.32 2.02 5.84 1.30
6.51 1.01 9.54 5.39 5.07
4.33 4.00 2.90 8.01 5.66
6.56 3.70 7.10 2.07 2.83
9.75 6.14 9.82 9.81 5.00
3.44 3.97 5.28 9.66 3.02
4.32 4.61 3.62 6.08 8.30
3.36 8.26 7.01 9.69 3.28
4.64 2.32 6.02 7.07 8.74
2.68 2.09 8.84 7.71 4.69
3.19 8.57 1.15 4.17 5.69
9.02 1.59 2.18 1.04 9.46
4.03 5.89 8.86 9.27 5.70
7.87 2.88 7.22 6.36 5.62
8.86 8.34 1.87 5.73 6.08
8.58 2.87 3.66 6.96 3.74
8.40 1.01 2.74 8.38 9.90
5.36 7.77 2.94 6.63 2.54
7.82 7.36 4.69 9.40 5.16
2.54 5.01 7.55 5.39 1.45
8.17 2.42 8.88 9.40 2.25
5.71 6.73 8.17 3.96 3.54
7.79 2.63 9.76 1.49 9.55
1.25 4.25 5.90 1.70 8.09

Demandas:
0 0 1 0 0 0 0 0
1 0 0 0 0 0 0 0
0 0 1 0 0 0 0 0
0 1 0 0 0 0 0 0
0 1 0 0 0 0 0 0
0 0 0 0 0 0 1 0
0 0 0 0 1 0 0 0
0 0 0 0 0 0 0 1
1 0 0 0 0 0 0 0
0 1 0 0 0 0 0 0
0 0 0 1 0 0 0 0
0 0 0 0 0 0 0 1
0 0 0 0 0 0 0 1
1 0 0 0 0 0 0 0
0 0 0 0 0 0 1 0
0 1 0 0 0 0 0 0
1 0 0 0 0 0 0 0
0 0 0 0 0 0 1 0
0 0 0 1 0 0 0 0
0 0 1 0 0 0 0 0
0 0 0 0 0 0 0 1
0 0 0 0 0 0 0 1
0 0 0 1 0 0 0 0
0 0 1 0 0 0 0 0
0 0 0 1 0 0 0 0
0 0 0 0 0 0 1 0
0 0 0 0 0 0 0 1
0 0 0 1 0 0 0 0
0 0 1 0 0 0 0 0
0 0 0 0 0 0 0 1
0 0 0 0 0 0 0 1
0 0 0 0 0 0 1 0
0 1 0 0 0 0 0 0
0 0 0 0 0 0 1 0
0 0 0 0 0 0 1 0
0 1 0 0 0 0 0 0
0 0 0 1 0 0 0 0
1 0 0 0 0 0 0 0
0 1 0 0 0 0 0 0
1 0 0 0 0 0 0 0
0 0 0 0 0 0 0 1
0 0 0 0 0 0 1 0
0 0 0 0 0 1 0 0
0 0 1 0 0 0 0 0
0 0 1 0 0 0 0 0
0 1 0 0 0 0 0 0
0 0 0 0 0 0 1 0
0 0 1 0 0 0 0 0
0 0 1 0 0 0 0 0
0 0 0 0 0 1 0 0
0 0 1 0 0 0 0 0
0 0 0 0 1 0 0 0
0 0 0 1 0 0 0 0
0 0 0 0 0 1 0 0
0 0 0 0 0 0 1 0
0 0 0 0 1 0 0 0
0 0 0 0 0 1 0 0
0 0 0 0 1 0 0 0
0 1 0 0 0 0 0 0
0 1 0 0 0 0 0 0
0 1 0 0 0 0 0 0
1 0 0 0 0 0 0 0
0 1 0 0 0 0 0 0
1 0 0 0 0 0 0 0
0 0 0 0 0 0 0 1
0 0 0 0 1 0 0 0
0 1 0 0 0 0 0 0
0 0 0 0 0 1 0 0
0 0 0 0 0 0 1 0
0 0 0 0 0 1 0 0
0 0 1 0 0 0 0 0
1 0 0 0 0 0 0 0
0 0 0 1 0 0 0 0
0 0 1 0 0 0 0 0
1 0 0 0 0 0 0 0
0 0 0 0 0 1 0 0
0 0 0 0 0 0 0 1
0 0 0 0 1 0 0 0
0 0 1 0 0 0 0 0
0 1 0 0 0 0 0 0
0 0 0 0 0 0 0 1
0 0 0 0 1 0 0 0
0 0 0 0 0 1 0 0
0 0 0 0 0 1 0 0
0 0 0 0 0 0 1 0
0 0 0 0 0 0 0 1
1 0 0 0 0 0 0 0
0 0 0 0 0 1 0 0
0 1 0 0 0 0 0 0
1 0 0 0 0 0 0 0
0 1 0 0 0 0 0 0
0 0 0 0 0 0 0 1
0 0 0 1 0 0 0 0
0 0 0 0 0 1 0 0
0 0 0 0 0 1 0 0
0 0 0 0 0 0 1 0
1 0 0 0 0 0 0 0
0 1 0 0 0 0 0 0
0 0 0 1 0 0 0 0
0 1 0 0 0 0 0 0
0 1 0 0 0 0 0 0
0 0 0 1 0 0 0 0
0 0 1 0 0 0 0 0
0 0 0 0 1 0 0 0
0 0 0 0 1 0 0 0
0 0 1 0 0 0 0 0
0 0 0 0 0 0 0 1
0 0 0 0 0 1 0 0
1 0 0 0 0 0 0 0
0 1 0 0 0 0 0 0
0 0 0 0 1 0 0 0
1 0 0 0 0 0 0 0
1 0 0 0 0 0 0 0
0 0 1 0 0 0 0 0
0 0 0 1 0 0 0 0
0 0 0 1 0 0 0 0
0 0 0 1 0 0 0 0
0 0 0 0 1 0 0 0
0 0 0 0 0 1 0 0
0 0 0 0 1 0 0 0
0 0 1 0 0 0 0 0
0 0 0 0 0 1 0 0
1 0 0 0 0 0 0 0
1 0 0 0 0 0 0 0
0 0 1 0 0 0 0 0
0 0 0 1 0 0 0 0
0 0 1 0 0 0 0 0
0 0 0 0 0 0 1 0
1 0 0 0 0 0 0 0
0 0 0 0 1 0 0 0
0 0 0 0 0 0 1 0
0 0 1 0 0 0 0 0
0 0 0 0 0 0 0 1
1 0 0 0 0 0 0 0
0 0 1 0 0 0 0 0
0 0 0 1 0 0 0 0
0 0 0 0 0 1 0 0
0 0 0 0 1 0 0 0
0 1 0 0 0 0 0 0
0 0 0 0 0 1 0 0
0 0 0 1 0 0 0 0
1 0 0 0 0 0 0 0
0 0 0 1 0 0 0 0
0 1 0 0 0 0 0 0
0 0 0 1 0 0 0 0
0 0 0 0 1 0 0 0
0 0 0 0 0 0 0 1
0 0 0 0 0 1 0 0
0 0 0 0 1 0 0 0
0 1 0 0 0 0 0 0
0 0 0 0 1 0 0 0
0 0 0 0 0 1 0 0
0 0 0 0 0 0 0 1
1 0 0 0 0 0 0 0
0 1 0 0 0 0 0 0
0 0 0 0 1 0 0 0
0 1 0 0 0 0 0 0
0 0 0 1 0 0 0 0
0 0 0 1 0 0 0 0
0 0 0 0 0 0 1 0
0 0 1 0 0 0 0 0
1 0 0 0 0 0 0 0
0 0 0 0 0 0 1 0
0 0 0 0 0 0 1 0
0 0 0 0 1 0 0 0
0 0 0 1 0 0 0 0
0 0 0 0 1 0 0 0
0 0 1 0 0 0 0 0
1 0 0 0 0 0 0 0
0 0 1 0 0 0 0 0
0 0 1 0 0 0 0 0
0 0 1 0 0 0 0 0
0 0 0 0 0 0 1 0
1 0 0 0 0 0 0 0
1 0 0 0 0 0 0 0
0 0 0 0 0 0 1 0
0 0 0 0 1 0 0 0
0 0 0 0 0 1 0 0
0 0 1 0 0 0 0 0
0 0 0 0 1 0 0 0
0 0 0 0 1 0 0 0
0 1 0 0 0 0 0 0
0 0 0 0 1 0 0 0
1 0 0 0 0 0 0 0
0 0 0 0 1 0 0 0
0 1 0 0 0 0 0 0
0 0 1 0 0 0 0 0
1 0 0 0 0 0 0 0
0 0 1 0 0 0 0 0
0 0 0 0 0 0 1 0
0 0 0 0 0 1 0 0
0 1 0 0 0 0 0 0
0 0 0 0 0 1 0 0
0 1 0 0 0 0 0 0
0 0 0 0 0 0 1 0
0 0 0 0 0 0 0 1
0 0 0 0 0 0 0 1
0 0 0 1 0 0 0 0
0 0 0 1 0 0 0 0
0 0 1 0 0 0 0 0
0 0 0 0 0 0 0 1
0 0 1 0 0 0 0 0
0 0 0 0 0 0 0 1
0 0 0 0 0 1 0 0
1 0 0 0 0 0 0 0
0 0 0 0 1 0 0 0
0 0 0 0 0 1 0 0
0 1 0 0 0 0 0 0
0 0 0 0 0 0 1 0
0 1 0 0 0 0 0 0
0 0 0 1 0 0 0 0
0 0 0 0 0 0 0 1
0 1 0 0 0 0 0 0
0 0 1 0 0 0 0 0
0 0 0 0 1 0 0 0
0 0 0 0 0 0 1 0
0 0 0 0 0 1 0 0
0 0 0 0 1 0 0 0
0 1 0 0 0 0 0 0
0 0 0 0 1 0 0 0
0 1 0 0 0 0 0 0
0 0 0 0 1 0 0 0
0 0 0 0 0 0 1 0
0 0 0 0 1 0 0 0
0 1 0 0 0 0 0 0
0 0 0 0 0 0 1 0
0 0 1 0 0 0 0 0
0 0 1 0 0 0 0 0
0 0 0 0 1 0 0 0
0 0 1 0 0 0 0 0
0 0 0 0 0 1 0 0
0 0 0 0 1 0 0 0
0 0 1 0 0 0 0 0
0 0 0 0 0 0 1 0
0 0 1 0 0 0 0 0
0 1 0 0 0 0 0 0
0 1 0 0 0 0 0 0
0 0 0 0 0 1 0 0
0 0 0 0 0 1 0 0
0 0 0 0 0 1 0 0
1 0 0 0 0 0 0 0
0 0 0 0 1 0 0 0
0 0 0 0 0 1 0 0
0 0 1 0 0 0 0 0
0 1 0 0 0 0 0 0
0 1 0 0 0 0 0 0
0 0 0 0 0 1 0 0
1 0 0 0 0 0 0 0
0 0 1 0 0 0 0 0
0 0 0 0 0 1 0 0
0 0 0 0 0 0 0 1
0 0 0 0 0 0 0 1
0 0 0 1 0 0 0 0
1 0 0 0 0 0 0 0
0 0 1 0 0 0 0 0
1 0 0 0 0 0 0 0
0 0 1 0 0 0 0 0
0 0 0 0 0 1 0 0
0 0 0 0 0 0 0 1
0 0 1 0 0 0 0 0
0 0 0 0 0 0 1 0
0 0 1 0 0 0 0 0
0 0 0 1 0 0 0 0
0 0 0 1 0 0 0 0
0 0 0 1 0 0 0 0
0 0 0 0 0 0 1 0
0 0 0 0 0 1 0 0
0 0 0 0 1 0 0 0
0 0 0 0 0 1 0 0
0 0 0 0 0 1 0 0
0 0 0 1 0 0 0 0
1 0 0 0 0 0 0 0
0 0 0 0 0 1 0 0
0 0 1 0 0 0 0 0
0 0 0 0 1 0 0 0
0 0 1 0 0 0 0 0
1 0 0 0 0 0 0 0
0 0 0 0 0 0 1 0
0 0 0 0 1 0 0 0
0 0 0 0 0 1 0 0
1 0 0 0 0 0 0 0
0 0 0 0 1 0 0 0
1 0 0 0 0 0 0 0
1 0 0 0 0 0 0 0
0 0 0 1 0 0 0 0
1 0 0 0 0 0 0 0
0 0 0 0 0 0 1 0
0 0 1 0 0 0 0 0
0 0 0 0 0 1 0 0
0 0 0 0 0 1 0 0
0 0 0 1 0 0 0 0
0 0 0 0 0 0 1 0
1 0 0 0 0 0 0 0
0 0 0 1 0 0 0 0
1 0 0 0 0 0 0 0
0 0 0 0 0 0 1 0
0 0 0 0 0 0 1 0
0 0 1 0 0 0 0 0
0 0 0 0 0 0 0 1
0 1 0 0 0 0 0 0
0 0 0 0 0 0 0 1
0 0 0 0 0 0 1 0
0 1 0 0 0 0 0 0
0 1 0 0 0 0 0 0
0 0 0 0 0 1 0 0
0 0 0 0 0 1 0 0
0 0 0 0 0 1 0 0
1 0 0 0 0 0 0 0
0 0 1 0 0 0 0 0
0 0 0 0 0 0 0 1
1 0 0 0 0 0 0 0
0 1 0 0 0 0 0 0
0 0 0 0 1 0 0 0
0 0 0 0 0 1 0 0
0 1 0 0 0 0 0 0
0 0 0 0 0 0 1 0
0 0 0 1 0 0 0 0
1 0 0 0 0 0 0 0
0 0 1 0 0 0 0 0
0 0 1 0 0 0 0 0
0 1 0 0 0 0 0 0
0 0 0 0 0 0 1 0
0 0 0 0 1 0 0 0
0 0 1 0 0 0 0 0
0 0 0 0 0 0 1 0
0 0 1 0 0 0 0 0
0 1 0 0 0 0 0 0
0 1 0 0 0 0 0 0
0 0 0 0 1 0 0 0
0 0 0 0 0 1 0 0
1 0 0 0 0 0 0 0
0 1 0 0 0 0 0 0
0 0 0 0 0 0 1 0
1 0 0 0 0 0 0 0
1 0 0 0 0 0 0 0
0 0 0 0 0 1 0 0
0 0 0 0 1 0 0 0
0 0 0 0 1 0 0 0
0 0 0 0 0 1 0 0
0 0 0 0 0 0 0 1
0 0 0 0 0 0 1 0
0 0 0 0 0 0 0 1
0 0 0 1 0 0 0 0
0 0 0 0 0 1 0 0
1 0 0 0 0 0 0 0
0 1 0 0 0 0 0 0
0 0 0 0 1 0 0 0
0 0 0 0 0 0 0 1
0 0 0 1 0 0 0 0
0 0 0 0 0 0 1 0
0 0 1 0 0 0 0 0
0 0 0 0 0 0 0 1
0 0 0 0 1 0 0 0
0 0 0 0 0 0 0 1
0 0 0 0 0 0 1 0
0 0 0 0 0 0 1 0
0 0 0 1 0 0 0 0
0 0 0 0 0 0 1 0
0 0 0 0 0 1 0 0
0 0 0 0 0 1 0 0
0 0 0 0 0 0 1 0
0 0 0 0 1 0 0 0
0 0 0 1 0 0 0 0
0 0 0 0 0 0 0 1
0 0 0 0 0 1 0 0
0 0 0 0 0 1 0 0
1 0 0 0 0 0 0 0
0 0 0 1 0 0 0 0
0 0 0 0 0 1 0 0
0 0 0 0 1 0 0 0
0 0 0 0 0 0 1 0
0 1 0 0 0 0 0 0
0 1 0 0 0 0 0 0
0 0 0 0 0 1 0 0
0 1 0 0 0 0 0 0
0 0 0 1 0 0 0 0
0 0 0 0 0 0 0 1
1 0 0 0 0 0 0 0
0 1 0 0 0 0 0 0
0 0 0 0 1 0 0 0
0 0 1 0 0 0 0 0
1 0 0 0 0 0 0 0
0 0 0 1 0 0 0 0
0 0 0 0 0 1 0 0
0 0 0 0 0 1 0 0
0 0 1 0 0 0 0 0
1 0 0 0 0 0 0 0
0 0 0 0 0 0 0 1
0 0 0 0 0 0 0 1
0 1 0 0 0 0 0 0
1 0 0 0 0 0 0 0
0 0 0 0 0 0 1 0
0 0 0 0 0 1 0 0
0 0 0 0 0 0 0 1
0 0 0 0 0 0 0 1
0 0 0 0 0 1 0 0
1 0 0 0 0 0 0 0
0 0 0 0 1 0 0 0
0 1 0 0 0 0 0 0
1 0 0 0 0 0 0 0
0 0 0 0 1 0 0 0
0 0 0 0 1 0 0 0
0 0 0 1 0 0 0 0
0 0 0 1 0 0 0 0
0 0 0 0 0 0 1 0
1 0 0 0 0 0 0 0
0 0 0 0 0 0 1 0
0 0 0 0 1 0 0 0
1 0 0 0 0 0 0 0
1 0 0 0 0 0 0 0
1 0 0 0 0 0 0 0
0 0 0 0 1 0 0 0
0 0 0 0 0 0 0 1
1 0 0 0 0 0 0 0
0 0 0 0 0 0 0 1
0 0 0 1 0 0 0 0
0 0 0 0 1 0 0 0
0 1 0 0 0 0 0 0
0 0 0 0 1 0 0 0
0 0 0 0 0 1 0 0
0 0 0 1 0 0 0 0
1 0 0 0 0 0 0 0
0 1 0 0 0 0 0 0
0 0 0 0 0 0 1 0
0 0 0 0 0 0 0 1
0 1 0 0 0 0 0 0
0 0 0 0 1 0 0 0
0 1 0 0 0 0 0 0
0 0 1 0 0 0 0 0
0 1 0 0 0 0 0 0
0 0 0 0 0 0 1 0
0 0 0 0 0 0 1 0
0 0 0 0 0 0 0 1
0 0 0 0 0 1 0 0
0 0 0 0 0 0 1 0
0 0 0 1 0 0 0 0
0 0 1 0 0 0 0 0
0 0 0 0 0 0 1 0
0 0 0 0 1 0 0 0
0 0 0 0 0 0 0 1
0 0 0 0 0 0 1 0
0 1 0 0 0 0 0 0
0 0 0 1 0 0 0 0
1 0 0 0 0 0 0 0
0 0 1 0 0 0 0 0
0 0 1 0 0 0 0 0
0 0 0 0 1 0 0 0
0 1 0 0 0 0 0 0
0 0 1 0 0 0 0 0
0 0 0 0 0 1 0 0
0 0 0 0 1 0 0 0
0 1 0 0 0 0 0 0
0 0 0 0 0 1 0 0
0 0 0 0 0 1 0 0
0 0 0 0 0 0 0 1
0 0 0 1 0 0 0 0
0 1 0 0 0 0 0 0
0 0 0 0 0 1 0 0
0 0 1 0 0 0 0 0
0 0 0 0 0 1 0 0
0 0 0 0 0 1 0 0
0 0 0 0 1 0 0 0
0 0 0 1 0 0 0 0
0 0 0 1 0 0 0 0
1 0 0 0 0 0 0 0
0 0 0 0 0 1 0 0
0 0 1 0 0 0 0 0
1 0 0 0 0 0 0 0
0 0 0 1 0 0 0 0
0 0 0 0 0 0 1 0
0 0 0 1 0 0 0 0
0 0 0 0 0 0 1 0
0 0 0 0 0 0 1 0
0 0 0 0 0 0 0 1
0 0 0 1 0 0 0 0
0 0 0 0 0 1 0 0
0 0 0 0 0 1 0 0
0 1 0 0 0 0 0 0
0 0 0 0 1 0 0 0
0 0 0 0 0 1 0 0
0 0 0 0 0 0 1 0
0 0 0 0 0 0 1 0
0 0 0 0 0 1 0 0
0 1 0 0 0 0 0 0
0 0 0 0 0 0 1 0
0 1 0 0 0 0 0 0
0 0 0 0 0 0 0 1
1 0 0 0 0 0 0 0
0 0 1 0 0 0 0 0
0 0 0 0 1 0 0 0
0 1 0 0 0 0 0 0
0 0 0 0 0 0 0 1
0 0 1 0 0 0 0 0
1 0 0 0 0 0 0 0
0 0 0 0 1 0 0 0
0 0 0 1 0 0 0 0
0 0 0 0 0 0 1 0
0 0 1 0 0 0 0 0
0 0 0 0 1 0 0 0
0 0 0 0 0 0 1 0

Capacidades:
52 6 26 22 48 48 31 48
43 45 40 16 18 39 47 23
11 41 3 58 36 1 33 15
35 34 41 54 9 44 39 30
30 17 15 24 24 41 22 56
