m: 500
n: 5
p: 8

Distancias:
3.82 6.12 6.74 3.81 8.69
2.11 2.43 7.54 5.41 8.56
2.61 6.92 7.19 2.76 7.59
6.82 8.89 4.42 2.87 2.02
1.82 1.70 8.82 4.67 7.28
1.51 1.67 1.11 6.27 5.93
6.48 6.78 2.24 6.70 4.57
1.36 4.09 9.84 6.85 2.51
4.25 9.89 4.03 4.76 5.34
9.31 9.29 7.43 1.06 1.42
3.93 1.72 5.24 2.61 1.34
5.79 6.41 3.55 9.26 5.83
5.75 6.48 8.79 1.03 5.74
5.31 6.65 5.56 4.91 5.50
1.68 2.06 1.62 5.95 3.82
5.52 8.00 8.17 1.81 3.43
9.96 8.18 2.42 3.40 7.71
7.75 3.29 2.51 1.19 3.27
7.73 4.31 2.08 1.46 9.95
8.22 6.21 3.63 4.61 1.75
9.11 6.23 3.26 9.93 7.31
8.18 6.22 1.69 4.19 4.88
5.53 6.41 9.67 1.70 3.05
4.64 9.92 3.44 6.20 1.49
2.81 1.18 7.26 5.88 8.99
8.81 6.14 7.92 6.93 1.04
5.73 1.93 2.25 4.24 4.34
1.75 6.77 3.02 2.25 8.65
9.17 4.42 5.78 5.46 9.05
4.34 7.08 9.70 2.07 3.54
6.65 1.68 6.03 8.68 9.18
2.60 9.02 1.83 6.02 3.77
2.84 2.47 9.06 1.55 9.44
2.76 5.62 8.20 7.93 8.35
6.49 3.00 1.37 9.23 5.13
9.59 2.57 7.90 5.90 7.40
1.20 5.91 1.37 1.94 8.68
6.26 7.85 5.73 2.51 1.77
9.35 8.58 5.40 2.02 2.54
9.79 8.30 2.54 4.63 5.35
4.05 3.29 3.24 9.38 9.99
4.51 8.05 9.84 1.58 8.64
4.56 3.23 7.88 7.04 9.26
1.55 2.64 2.68 7.01 4.28
1.80 3.13 5.99 5.47 1.38
6.24 2.57 5.23 9.39 3.49
9.97 8.00 4.04 2.16 5.61
1.04 8.04 7.15 3.07 7.03
8.51 7.38 9.23 8.90 2.55
3.28 2.14 3.76 4.23 1.78
1.32 4.01 7.75 4.45 6.62
1.22 1.62 8.18 8.99 8.31
8.61 5.42 9.25 8.63 2.68
3.73 3.60 5.01 1.50 6.68
5.04 4.73 4.32 9.32 3.72
7.06 9.69 8.78 7.55 9.69
3.90 6.46 5.86 2.61 8.67
9.98 5.05 9.01 1.85 4.85
8.82 1.51 2.32 9.48 3.70
1.70 9.37 2.70 9.36 5.03
8.73 5.58 8.45 5.09 6.71
9.96 2.20 2.38 3.06 4.58
1.88 7.19 1.65 4.65 6.56
7.38 6.48 2.76 4.88 5.25
5.53 8.80 8.38 7.20 9.03
7.90 8.87 8.69 6.20 1.90
8.04 6.83 2.51 2.93 2.06
4.69 2.85 2.46 1.51 2.97
8.57 5.56 9.06 2.18 9.74
2.89 8.18 7.59 5.29 6.22
6.28 2.48 9.21 3.98 5.64
2.77 4.61 6.71 9.18 2.33
2.89 7.76 6.89 8.99 4.42
8.49 4.15 2.27 1.89 3.29
6.24 8.39 9.21 8.08 1.72
9.67 6.35 7.55 3.47 6.21
8.42 6.87 7.00 8.91 7.45
3.23 3.15 5.25 6.84 9.56
6.29 8.78 5.65 7.02 1.50
8.52 8.79 1.25 6.89 1.29
5.45 7.97 6.39 1.50 1.81
6.53 8.22 2.11 5.37 1.24
7.35 7.06 8.41 6.53 5.03
6.06 7.89 8.76 2.53 7.14
7.51 8.10 4.75 3.09 5.82
6.87 6.97 2.99 1.22 8.23
2.09 6.78 3.94 9.00 3.53
4.37 9.46 4.36 8.00 3.84
1.30 8.69 9.28 2.52 3.83
6.25 6.97 7.59 2.30 5.08
4.08 6.55 3.89 1.23 2.64
9.87 6.51 8.78 7.49 9.19
2.57 10.00 3.17 3.01 1.43
2.04 1.01 7.94 7.03 9.63
6.66 3.81 5.36 6.38 8.89
3.00 6.95 3.38 3.75 2.21
2.65 6.87 2.16 4.46 2.41
3.16 1.36 6.41 7.49 8.18
2.32 6.92 4.12 2.23 6.44
5.79 8.33 1.36 8.64 3.78
1.03 8.47 1.03 5.14 8.97
7.80 4.09 1.76 7.41 1.36
7.55 5.97 5.35 5.70 9.70
8.12 1.94 4.50 7.87 3.49
1.81 5.28 9.41 6.30 5.30
6.48 4.78 4.73 5.93 5.36
9.05 5.01 2.27 2.97 3.19
8.94 8.45 8.03 8.16 6.08
8.06 3.34 2.98 4.80 5.31
7.23 5.61 9.00 7.62 6.52
8.48 6.59 2.33 5.15 5.93
3.60 9.76 4.85 6.84 3.83
3.61 8.06 2.05 2.94 2.11
8.71 3.30 3.65 5.15 6.05
5.96 4.84 1.47 7.44 5.12
3.43 9.39 1.16 7.66 5.53
2.45 2.33 2.03 6.19 8.23
4.46 5.87 7.14 8.26 6.79
1.78 8.90 7.84 4.22 2.59
3.07 3.59 7.52 8.98 8.37
4.77 5.49 6.33 3.19 7.98
7.38 6.33 3.10 2.05 3.73
5.90 1.40 4.90 2.57 1.37
5.15 8.81 6.18 1.73 8.46
6.24 1.18 3.69 3.22 1.05
7.14 3.93 8.37 6.73 5.58
1.44 1.71 7.48 8.72 6.64
3.61 5.83 1.50 4.17 9.21
3.54 9.98 4.00 1.30 9.76
4.02 4.44 8.73 2.17 6.32
8.70 6.64 2.57 9.60 2.10
4.55 1.16 9.16 5.25 2.49
8.95 4.12 1.53 3.16 2.31
8.47 2.35 6.90 6.98 8.70
4.73 7.18 8.76 2.55 9.31
4.51 2.59 1.47 9.04 1.79
4.05 4.65 5.15 6.70 6.13
7.93 9.96 3.31 2.44 1.40
5.84 1.55 5.32 5.33 7.08
7.33 2.20 9.99 2.34 3.98
1.74 5.33 4.89 5.35 9.47
8.47 8.66 7.30 9.01 5.14
8.30 4.65 1.75 3.35 6.44
8.54 7.34 7.77 2.90 6.61
3.25 1.98 5.29 8.28 7.98
2.50 4.82 6.06 7.69 9.02
8.14 1.68 8.32 5.04 4.18
3.20 3.56 9.53 2.29 7.77
8.82 9.20 4.97 5.96 8.82
8.40 2.75 3.92 7.90 1.70
9.55 5.46 4.92 5.69 8.33
9.55 9.87 2.15 7.08 6.27
5.52 7.17 4.97 3.44 7.69
4.23 2.51 9.12 5.83 4.09
1.14 3.94 1.80 2.64 5.57
2.11 3.34 1.10 3.24 3.38
8.93 7.87 1.95 7.82 5.94
6.50 3.57 8.21 9.53 5.67
7.12 1.17 7.82 7.53 2.46
3.32 4.31 9.51 5.28 2.32
1.24 1.72 8.75 3.24 4.63
2.41 5.32 2.38 3.87 2.60
7.17 9.15 8.95 5.53 2.12
5.33 9.28 6.08 8.33 6.06
9.42 6.62 7.81 7.52 1.87
7.21 2.71 9.94 6.51 2.75
1.64 3.53 2.23 6.09 2.05
6.94 1.20 3.61 1.75 2.75
5.17 2.51 4.24 7.37 4.38
1.83 7.16 7.23 8.13 2.31
9.98 8.30 1.87 4.55 4.33
1.02 9.32 5.47 6.34 4.39
8.98 8.72 1.76 1.26 4.88
4.09 3.70 7.03 1.61 3.46
3.37 4.29 1.33 1.51 6.74
5.01 9.37 4.56 9.81 8.27
8.50 2.72 5.52 3.60 2.42
9.88 2.79 8.75 8.20 7.79
3.15 7.58 7.48 5.20 9.75
6.78 3.76 8.46 6.59 3.50
2.26 3.30 1.49 5.21 8.04
8.23 2.41 8.26 9.82 5.94
8.80 4.46 4.63 2.04 5.23
4.52 6.29 4.95 4.93 10.00
4.07 9.68 1.60 3.07 6.78
7.91 7.18 6.22 5.39 7.75
7.62 5.65 6.72 8.06 4.36
9.36 2.55 5.96 9.34 4.38
6.23 7.89 6.58 9.40 5.85
5.61 3.32 7.88 5.10 8.18
3.92 1.43 6.73 5.45 9.34
5.67 3.26 9.59 8.53 6.69
1.54 2.31 1.87 4.36 9.66
7.33 3.37 3.26 9.09 4.34
4.54 6.87 6.34 5.64 5.71
1.88 1.99 2.86 6.70 2.38
6.12 9.67 3.80 9.48 6.03
7.37 3.59 1.31 2.10 4.34
4.87 6.57 2.67 6.62 4.80
7.19 1.22 9.07 3.28 5.83
8.19 6.72 5.36 8.06 3.72
2.14 4.78 9.74 2.53 7.61
6.80 2.11 9.53 4.43 7.39
9.86 6.95 8.35 2.28 6.66
5.23 6.64 3.28 9.73 7.36
6.64 4.96 4.10 9.15 7.20
4.29 5.18 7.59 5.58 1.90
4.27 5.52 4.91 6.99 2.56
7.41 9.63 9.06 1.71 8.11
3.47 2.85 5.70 3.35 9.17
3.46 7.07 3.10 4.41 3.26
9.96 6.81 5.17 7.01 2.54
7.19 7.75 1.69 7.64 9.24
5.46 2.06 9.03 1.75 6.30
1.96 6.79 6.95 1.69 6.87
4.93 5.55 2.47 4.65 1.50
7.68 9.28 8.18 3.12 2.32
3.30 5.96 3.13 2.95 8.09
1.80 1.57 5.66 1.56 5.34
9.83 2.48 5.31 5.85 3.11
5.32 3.31 8.27 4.65 6.09
9.99 6.89 1.64 1.87 2.84
1.04 2.93 9.85 5.14 8.77
8.77 6.51 9.48 6.75 9.27
8.18 6.73 2.98 8.52 4.61
6.41 6.71 3.06 3.23 6.80
5.57 6.03 2.73 2.34 9.61
2.94 4.11 9.30 8.15 1.36
6.26 3.90 9.52 6.15 9.99
7.38 5.99 1.55 7.54 2.62
7.88 4.57 5.34 7.75 9.80
2.23 4.21 4.99 6.13 1.37
2.61 2.98 1.92 4.21 4.24
7.68 8.31 3.75 8.43 3.89
7.91 8.77 7.95 9.81 7.65
4.24 4.77 2.13 7.65 3.68
4.21 3.20 4.54 2.51 5.76
7.16 5.42 7.06 9.31 5.11
2.02 3.58 3.59 4.70 7.22
5.09 5.45 2.33 9.96 7.57
7.84 6.15 1.89 6.77 5.91
9.33 2.62 9.84 2.08 1.41
8.17 5.84 4.97 9.41 9.13
3.63 3.52 2.13 5.64 7.88
5.48 6.18 6.09 7.59 2.58
1.11 2.18 8.09 9.82 6.65
5.89 3.65 8.30 5.63 3.17
4.99 2.31 6.56 6.23 3.22
2.00 4.00 1.06 1.05 8.61
7.15 7.13 6.28 4.09 4.15
1.55 7.33 3.09 5.72 9.87
2.68 3.06 3.27 2.75 6.75
4.71 1.07 1.51 9.32 5.69
7.19 2.05 2.24 2.20 3.00
3.71 4.52 3.06 3.93 6.18
4.13 6.95 5.46 2.93 9.08
5.97 8.65 1.15 4.69 2.22
8.92 5.08 4.90 4.20 6.94
9.11 7.20 6.77 1.36 2.02
9.85 9.91 6.58 5.25 7.94
4.82 4.25 3.92 3.43 2.33
5.81 1.95 2.39 6.20 2.25
5.21 4.14 2.51 3.77 4.78
4.07 2.45 6.50 3.08 1.03
6.92 4.40 6.93 7.50 5.72
6.56 9.62 3.02 2.24 2.95
3.29 8.41 2.43 7.60 6.06
1.62 5.51 5.12 8.29 8.63
6.27 3.92 5.02 3.11 4.49
5.05 4.90 7.34 3.33 4.81
2.14 1.58 1.19 9.90 1.51
8.96 7.51 8.83 7.85 1.60
7.74 1.03 9.55 5.68 6.60
2.78 7.82 1.92 3.60 7.17
3.21 3.54 8.79 6.50 3.82
6.25 1.32 6.98 9.03 9.42
8.00 1.88 2.40 8.49 8.50
6.77 2.36 9.16 7.57 7.68
9.97 4.39 4.89 7.39 7.96
1.91 9.14 8.19 9.39 7.99
2.39 4.75 8.26 9.02 8.03
7.53 1.89 5.76 7.79 5.05
3.68 6.47 3.18 4.57 6.19
6.61 4.22 9.47 8.84 3.13
1.17 6.32 6.95 2.10 9.75
3.03 6.82 9.20 4.64 3.10
3.00 8.59 8.14 1.88 6.31
3.66 3.00 1.82 7.99 2.59
7.33 3.60 3.27 9.84 8.59
7.41 1.29 9.34 2.72 4.81
4.09 5.80 1.44 7.77 1.56
9.38 5.03 3.73 3.27 1.21
6.03 1.31 6.46 2.30 8.74
2.81 9.89 3.86 8.88 8.06
2.88 4.36 9.19 8.66 3.62
2.74 8.19 9.26 6.40 3.15
6.93 7.04 2.75 3.00 1.57
2.30 2.03 8.08 8.78 2.46
9.77 6.54 1.22 2.90 3.47
2.63 4.11 5.50 7.59 4.99
3.63 1.79 4.02 7.50 2.90
4.22 4.42 4.89 1.71 8.46
6.74 3.57 1.95 9.91 3.62
3.04 7.72 1.01 6.06 3.63
6.53 8.48 7.09 4.35 7.41
6.05 3.57 9.55 6.42 1.79
3.34 3.63 9.69 7.47 6.79
1.40 8.73 8.48 2.16 8.35
1.37 4.52 7.85 2.36 7.93
2.98 3.53 9.88 3.57 6.25
4.03 4.08 4.03 2.87 5.18
8.68 3.10 4.28 3.97 1.25
5.71 4.40 2.47 3.90 6.63
8.71 4.36 3.27 2.93 8.79
9.82 6.48 5.38 2.70 6.10
1.11 3.18 9.93 1.43 2.57
9.93 8.39 7.48 4.10 9.87
6.53 3.43 3.16 8.75 4.92
6.92 2.44 5.99 5.04 7.84
8.14 5.07 7.76 2.94 5.46
8.71 2.91 3.50 8.05 5.98
1.95 7.42 8.83 7.23 5.29
1.03 2.73 6.66 1.53 4.11
6.33 4.26 1.82 3.87 6.34
2.77 8.25 4.36 2.67 2.60
4.45 1.82 3.88 4.47 7.30
6.88 3.40 3.61 1.61 6.10
8.06 3.93 2.46 8.74 2.04
4.95 7.27 2.19 9.45 7.58
9.87 1.44 9.60 1.14 3.61
4.65 6.50 1.54 3.97 8.79
3.26 5.71 3.81 2.32 2.99
6.14 6.41 5.70 3.27 7.46
6.29 3.12 2.95 2.79 3.00
7.47 3.36 6.09 7.67 2.15
2.05 3.81 2.11 5.28 7.13
4.32 7.78 7.74 6.41 3.06
2.43 9.63 9.52 3.71 4.16
1.67 5.69 7.24 8.15 7.40
8.30 9.32 5.36 8.34 3.78
2.69 8.92 6.27 2.63 7.85
8.44 2.40 1.65 1.22 6.88
6.39 8.17 4.21 2.09 7.97
9.74 4.85 7.80 3.22 2.44
9.78 1.32 4.72 6.63 1.99
9.16 2.49 1.45 9.49 9.61
2.33 2.22 5.98 4.04 1.10
9.59 6.54 8.01 1.97 6.98
4.23 7.08 2.16 6.28 7.92
2.78 8.85 9.08 5.33 8.77
9.23 8.21 1.81 1.32 4.84
6.54 7.49 4.71 5.06 1.94
2.81 4.96 8.31 1.64 8.14
1.45 3.05 1.56 1.71 1.68
5.32 8.88 7.17 4.71 2.62
9.19 8.60 9.10 7.84 3.81
3.77 2.63 6.88 1.11 7.92
1.56 9.68 8.12 6.58 7.53
8.37 8.42 9.98 7.09 7.75
6.46 5.38 5.00 6.66 8.18
6.80 3.02 4.21 9.50 1.00
5.80 7.94 4.30 3.76 9.54
8.36 5.72 5.34 4.44 1.05
8.88 8.78 2.80 7.27 7.89
9.94 2.10 1.70 3.39 6.72
1.06 7.75 1.75 2.64 6.43
6.71 3.54 8.93 5.29 3.51
8.94 3.95 7.96 4.76 6.16
1.31 7.76 2.04 9.52 5.53
3.96 6.57 4.19 1.11 5.15
9.68 5.62 2.65 9.86 3.71
2.64 2.60 3.50 2.32 2.64
4.20 3.34 7.48 2.29 5.63
6.33 2.00 8.05 3.02 6.50
6.32 7.97 4.93 4.88 8.25
7.85 4.27 3.75 5.12 6.12
2.97 7.51 5.93 6.98 1.15
7.89 6.34 4.38 5.69 2.76
8.97 9.08 3.98 9.76 6.14
9.54 6.50 5.81 9.47 9.39
6.43 8.15 6.67 7.38 1.57
8.78 9.65 4.49 9.45 2.36
1.43 9.36 7.96 8.99 2.33
8.72 6.17 8.00 3.50 3.68
8.89 4.09 4.72 1.57 7.30
1.69 4.67 9.44 3.18 1.67
2.13 6.14 8.07 8.70 9.87
4.13 8.64 5.88 1.51 3.79
8.00 6.92 1.14 7.84 5.82
7.78 8.96 7.13 6.82 1.99
2.21 9.02 4.09 7.79 2.91
2.21 7.22 8.74 3.43 4.75
4.31 7.62 9.79 9.94 3.59
4.67 2.97 7.32 2.95 6.38
9.41 1.28 7.20 6.19 5.53
6.46 3.97 2.34 8.60 4.97
3.11 8.91 7.80 9.50 4.72
2.56 3.01 1.32 1.25 9.03
5.69 4.21 5.03 7.43 7.90
6.96 4.37 9.56 6.64 5.22
2.29 3.88 4.40 8.19 1.58
4.45 1.32 5.87 6.50 8.68
1.34 4.66 6.26 9.08 9.60
6.36 3.06 7.41 9.72 6.38
6.67 4.71 6.35 3.29 8.39
5.07 2.79 3.63 7.70 9.37
1.37 7.39 1.52 2.20 7.31
2.41 4.43 4.69 6.54 3.93
5.02 9.04 7.54 3.35 2.81
3.66 3.85 8.04 3.65 5.30
6.13 6.18 6.82 3.63 3.42
1.21 2.69 7.87 3.46 4.67
7.40 1.36 7.40 4.37 9.64
8.04 2.51 2.10 6.57 7.51
4.48 6.39 4.34 2.18 4.59
6.48 5.31 9.98 3.09 1.04
2.81 5.53 4.21 5.91 8.31
9.13 6.07 7.09 7.42 2.04
7.91 3.33 8.12 3.97 9.40
1.27 6.78 7.24 7.26 9.26
9.68 5.53 1.63 7.93 2.68
1.74 4.83 7.22 6.29 1.51
2.04 9.99 5.90 3.12 8.63
2.52 8.00 9.78 9.09 8.56
4.90 6.94 4.40 4.01 6.75
8.39 1.90 3.29 4.88 2.67
1.02 2.71 5.46 8.19 4.91
8.14 8.62 3.58 6.80 4.32
2.93 1.62 1.91 3.79 2.30
6.11 3.37 6.65 6.83 7.04
8.65 4.70 3.75 3.33 1.94
6.59 1.10 3.70 9.82 5.93
5.85 9.95 6.69 1.84 7.74
3.32 2.75 8.20 5.09 4.27
5.39 9.62 1.18 1.50 8.51
2.66 5.23 4.69 8.92 7.70
5.62 7.14 5.67 4.28 4.27
3.37 6.05 9.97 3.56 1.63
4.55 6.35 2.15 5.69 5.19
5.27 7.49 8.75 9.81 7.68
6.52 3.62 7.07 9.90 2.97
9.74 1.44 9.30 1.82 3.76
8.65 5.22 4.27 5.43 5.59
8.35 1.58 4.60 5.86 8.48
3.11 4.45 8.63 8.79 1.88
1.09 9.28 7.43 7.57 7.71
2.78 2.19 2.02 4.69 10.00
2.44 6.25 8.15 8.75 4.83
2.72 2.07 6.65 8.54 5.00
2.68 4.22 8.77 6.90 1.25
1.90 3.98 3.26 8.86 5.18
3.51 9.42 4.69 6.41 1.91
7.60 5.93 9.47 1.83 4.69
8.66 8.66 4.36 5.34 5.67
3.45 7.92 9.46 2.72 4.56
4.80 3.27 1.74 3.71 3.05
4.22 8.07 2.04 2.22 5.92
5.38 4.05 7.61 7.12 7.45
6.46 2.33 3.36 5.93 7.20
9.37 6.98 8.89 1.05 9.80
2.65 5.61 6.19 8.96 3.88
5.61 5.99 8.04 7.64 8.77
9.93 9.34 3.87 5.87 7.73
7.03 4.50 8.95 2.55 1.89
5.53 1.53 3.97 4.15 5.96
3.62 7.70 2.74 9.93 1.57
8.90 4.40 4.84 9.17 8.48
4.54 5.50 3.90 1.96 1.69
7.00 7.91 4.03 7.39 7.30
1.65 1.45 5.63 4.73 8.97
4.94 2.71 2.07 3.40 6.23
8.46 9.29 7.81 5.15 3.85
7.48 2.36 7.19 5.13 7.46
3.57 1.94 6.22 7.40 4.51
4.49 4.43 6.91 1.91 7.29
3.25 2.71 7.97 6.35 4.87
3.66 4.37 4.56 3.58 7.29
9.95 4.34 3.77 5.34 2.78
7.46 8.64 8.84 1.92 3.81
8.89 9.84 4.95 9.94 5.53
9.06 7.38 8.79 1.17 3.79
4.93 9.89 4.93 5.73 8.03
6.87 5.52 8.68 2.63 6.83
3.60 7.57 4.83 3.09 1.79
9.56 5.13 4.36 5.52 3.69
8.66 1.04 9.45 3.45 5.73
3.02 6.52 9.93 3.93 4.12
2.98 5.39 5.08 5.14 3.11
2.16 8.60 1.19 8.90 7.29
8.53 1.95 8.43 3.74 3.47
2.23 3.83 5.74 4.60 2.98
6.64 2.77 6.13 9.94 9.35
9.90 7.20 5.29 8.78 3.30
6.51 5.00 1.62 3.73 1.02
9.20 2.33 3.76 5.28 1.92
7.24 3.76 9.43 9.50 7.22
8.91 8.16 7.52 2.07 6.53
3.92 1.58 2.32 6.05 7.80
3.67 5.54 6.13 4.44 4.41
2.22 2.89 8.22 3.99 3.90

Demandas:
0 0 0 0 0 1 0 0
0 1 0 0 0 0 0 0
0 0 0 0 0 0 0 1
0 0 1 0 0 0 0 0
0 0 0 0 0 0 1 0
0 0 0 1 0 0 0 0
0 1 0 0 0 0 0 0
0 0 0 0 0 1 0 0
0 0 0 0 0 1 0 0
0 0 1 0 0 0 0 0
0 0 0 0 0 1 0 0
0 0 0 0 1 0 0 0
0 0 1 0 0 0 0 0
0 0 0 0 0 0 0 1
0 0 0 0 0 0 0 1
0 1 0 0 0 0 0 0
1 0 0 0 0 0 0 0
0 0 0 1 0 0 0 0
0 0 0 1 0 0 0 0
0 0 0 0 1 0 0 0
0 0 0 0 0 1 0 0
0 0 0 1 0 0 0 0
0 1 0 0 0 0 0 0
0 1 0 0 0 0 0 0
0 0 0 0 0 1 0 0
0 0 0 0 0 0 1 0
0 1 0 0 0 0 0 0
0 0 0 1 0 0 0 0
0 0 0 1 0 0 0 0
0 0 0 0 0 1 0 0
0 0 0 0 0 0 0 1
0 0 0 1 0 0 0 0
0 0 1 0 0 0 0 0
0 0 1 0 0 0 0 0
0 0 0 0 0 0 0 1
0 0 0 0 0 0 0 1
1 0 0 0 0 0 0 0
0 0 0 0 0 0 0 1
0 1 0 0 0 0 0 0
0 0 0 0 1 0 0 0
0 1 0 0 0 0 0 0
1 0 0 0 0 0 0 0
0 0 0 0 0 0 0 1
1 0 0 0 0 0 0 0
0 0 1 0 0 0 0 0
1 0 0 0 0 0 0 0
0 0 0 1 0 0 0 0
0 0 0 0 1 0 0 0
0 0 0 0 0 1 0 0
0 0 1 0 0 0 0 0
0 0 1 0 0 0 0 0
0 0 0 0 0 1 0 0
0 0 0 0 0 1 0 0
1 0 0 0 0 0 0 0
0 0 1 0 0 0 0 0
0 0 1 0 0 0 0 0
0 0 0 0 0 1 0 0
1 0 0 0 0 0 0 0
0 0 0 1 0 0 0 0
0 0 0 1 0 0 0 0
0 0 0 0 0 1 0 0
0 0 1 0 0 0 0 0
0 0 0 0 0 0 1 0
0 0 0 0 0 0 1 0
0 0 0 1 0 0 0 0
0 0 0 0 0 0 0 1
0 1 0 0 0 0 0 0
0 0 0 0 0 0 1 0
0 0 0 0 0 1 0 0
0 0 0 0 1 0 0 0
0 0 0 1 0 0 0 0
0 0 0 0 0 0 1 0
0 0 0 0 0 0 0 1
0 0 0 1 0 0 0 0
0 0 0 0 0 0 1 0
0 0 0 0 0 0 1 0
0 0 1 0 0 0 0 0
1 0 0 0 0 0 0 0
0 0 0 1 0 0 0 0
0 0 0 0 1 0 0 0
0 0 0 0 0 0 1 0
0 1 0 0 0 0 0 0
0 0 0 1 0 0 0 0
0 0 0 0 1 0 0 0
1 0 0 0 0 0 0 0
1 0 0 0 0 0 0 0
0 1 0 0 0 0 0 0
0 0 0 0 0 0 1 0
0 0 0 0 0 0 1 0
0 0 0 0 1 0 0 0
0 0 0 1 0 0 0 0
0 0 0 0 0 0 0 1
0 0 1 0 0 0 0 0
0 0 0 0 0 1 0 0
0 0 0 0 0 0 0 1
0 1 0 0 0 0 0 0
0 0 0 1 0 0 0 0
0 0 0 1 0 0 0 0
0 0 0 0 0 0 0 1
0 0 0 0 0 0 1 0
0 0 0 0 1 0 0 0
0 0 0 0 1 0 0 0
0 0 1 0 0 0 0 0
0 0 0 0 0 1 0 0
1 0 0 0 0 0 0 0
1 0 0 0 0 0 0 0
0 1 0 0 0 0 0 0
1 0 0 0 0 0 0 0
0 1 0 0 0 0 0 0
0 0 0 0 0 0 1 0
0 0 0 0 0 1 0 0
0 0 0 0 1 0 0 0
0 0 0 0 0 0 1 0
0 0 0 1 0 0 0 0
0 0 0 0 0 0 0 1
0 0 0 0 0 0 0 1
0 0 0 0 0 1 0 0
0 0 0 0 0 0 1 0
0 0 1 0 0 0 0 0
0 0 0 0 0 0 0 1
0 1 0 0 0 0 0 0
0 0 0 1 0 0 0 0
0 0 0 0 0 0 0 1
0 0 0 0 0 1 0 0
1 0 0 0 0 0 0 0
0 0 0 0 0 0 1 0
0 0 0 0 0 0 0 1
0 0 0 0 1 0 0 0
0 0 1 0 0 0 0 0
0 0 0 1 0 0 0 0
0 0 0 0 0 1 0 0
1 0 0 0 0 0 0 0
0 0 0 0 0 0 0 1
0 0 0 0 0 0 1 0
0 0 1 0 0 0 0 0
0 0 0 0 0 0 1 0
0 0 0 0 0 1 0 0
0 0 0 0 0 1 0 0
0 0 0 0 1 0 0 0
0 0 0 1 0 0 0 0
1 0 0 0 0 0 0 0
0 0 0 0 1 0 0 0
0 1 0 0 0 0 0 0
1 0 0 0 0 0 0 0
0 0 0 1 0 0 0 0
0 1 0 0 0 0 0 0
0 0 1 0 0 0 0 0
0 0 0 0 0 0 1 0
0 0 0 0 0 0 0 1
0 0 0 0 1 0 0 0
0 0 0 0 1 0 0 0
0 1 0 0 0 0 0 0
0 0 0 0 0 0 0 1
0 0 1 0 0 0 0 0
1 0 0 0 0 0 0 0
0 0 0 1 0 0 0 0
0 0 0 0 0 1 0 0
0 0 0 0 0 1 0 0
0 1 0 0 0 0 0 0
0 0 0 0 0 0 0 1
0 0 0 0 0 1 0 0
0 0 0 0 0 0 0 1
0 0 0 0 0 1 0 0
0 0 1 0 0 0 0 0
0 0 0 0 0 0 1 0
0 0 0 0 0 0 0 1
0 0 0 1 0 0 0 0
0 0 0 1 0 0 0 0
0 0 1 0 0 0 0 0
0 0 0 0 0 0 0 1
0 0 0 1 0 0 0 0
1 0 0 0 0 0 0 0
0 1 0 0 0 0 0 0
0 0 0 0 0 1 0 0
0 1 0 0 0 0 0 0
0 0 1 0 0 0 0 0
0 1 0 0 0 0 0 0
1 0 0 0 0 0 0 0
0 1 0 0 0 0 0 0
0 0 0 0 0 0 0 1
0 0 0 1 0 0 0 0
1 0 0 0 0 0 0 0
0 0 0 0 0 1 0 0
0 0 0 0 1 0 0 0
0 0 0 1 0 0 0 0
1 0 0 0 0 0 0 0
0 0 0 0 1 0 0 0
0 0 1 0 0 0 0 0
0 0 0 1 0 0 0 0
1 0 0 0 0 0 0 0
0 0 0 0 0 0 0 1
0 0 0 0 0 0 0 1
0 0 0 0 0 1 0 0
1 0 0 0 0 0 0 0
0 0 0 0 0 0 0 1
0 0 0 0 0 0 0 1
0 0 0 1 0 0 0 0
0 0 0 0 0 0 0 1
0 0 0 0 0 0 1 0
0 0 0 0 0 0 0 1
1 0 0 0 0 0 0 0
0 0 0 0 0 0 0 1
0 0 0 0 0 0 0 1
0 0 0 1 0 0 0 0
0 0 0 0 0 0 0 1
0 1 0 0 0 0 0 0
0 0 0 0 1 0 0 0
0 1 0 0 0 0 0 0
0 0 0 0 0 0 0 1
0 0 1 0 0 0 0 0
0 0 0 0 0 1 0 0
0 1 0 0 0 0 0 0
1 0 0 0 0 0 0 0
0 1 0 0 0 0 0 0
0 1 0 0 0 0 0 0
1 0 0 0 0 0 0 0
0 0 0 1 0 0 0 0
0 0 0 0 0 0 1 0
0 0 0 0 0 0 0 1
0 0 0 0 1 0 0 0
0 0 0 0 0 0 0 1
0 0 0 0 0 1 0 0
0 0 0 1 0 0 0 0
0 0 1 0 0 0 0 0
0 0 0 0 0 0 1 0
0 1 0 0 0 0 0 0
0 0 0 0 0 0 0 1
0 0 0 0 0 0 0 1
0 0 1 0 0 0 0 0
1 0 0 0 0 0 0 0
1 0 0 0 0 0 0 0
0 0 0 0 0 0 1 0
0 0 0 1 0 0 0 0
0 0 0 0 0 0 0 1
0 0 1 0 0 0 0 0
0 0 0 1 0 0 0 0
0 0 0 0 0 0 0 1
0 0 1 0 0 0 0 0
0 0 0 0 0 1 0 0
0 0 0 0 0 1 0 0
0 0 0 0 0 0 1 0
0 0 0 0 1 0 0 0
0 1 0 0 0 0 0 0
0 0 0 0 0 0 0 1
0 1 0 0 0 0 0 0
0 0 0 0 1 0 0 0
1 0 0 0 0 0 0 0
0 0 0 0 1 0 0 0
0 0 0 0 0 0 0 1
0 0 0 0 0 0 0 1
0 0 0 1 0 0 0 0
0 0 0 0 0 1 0 0
0 0 1 0 0 0 0 0
0 0 0 0 0 0 0 1
1 0 0 0 0 0 0 0
0 0 0 0 0 0 1 0
0 0 1 0 0 0 0 0
0 0 1 0 0 0 0 0
0 0 1 0 0 0 0 0
0 1 0 0 0 0 0 0
0 0 0 0 0 0 0 1
0 0 1 0 0 0 0 0
1 0 0 0 0 0 0 0
0 0 1 0 0 0 0 0
0 0 0 0 0 0 1 0
0 0 0 0 0 0 0 1
0 0 0 0 0 0 1 0
0 0 0 0 0 1 0 0
0 1 0 0 0 0 0 0
0 0 0 0 1 0 0 0
0 1 0 0 0 0 0 0
0 0 0 0 0 0 1 0
0 1 0 0 0 0 0 0
0 0 0 1 0 0 0 0
0 0 0 0 0 1 0 0
0 0 0 0 1 0 0 0
0 0 1 0 0 0 0 0
0 0 0 0 0 1 0 0
0 0 0 0 0 0 1 0
0 0 0 0 0 0 1 0
0 1 0 0 0 0 0 0
0 1 0 0 0 0 0 0
0 0 0 0 1 0 0 0
0 0 0 0 0 1 0 0
1 0 0 0 0 0 0 0
0 0 1 0 0 0 0 0
1 0 0 0 0 0 0 0
0 0 0 0 0 0 1 0
0 0 0 1 0 0 0 0
0 1 0 0 0 0 0 0
1 0 0 0 0 0 0 0
0 0 0 0 0 1 0 0
0 0 1 0 0 0 0 0
0 0 0 0 0 1 0 0
0 0 0 0 0 1 0 0
0 0 1 0 0 0 0 0
1 0 0 0 0 0 0 0
0 0 0 1 0 0 0 0
0 0 1 0 0 0 0 0
0 0 0 0 0 0 1 0
1 0 0 0 0 0 0 0
0 0 1 0 0 0 0 0
0 1 0 0 0 0 0 0
0 0 0 1 0 0 0 0
0 1 0 0 0 0 0 0
0 0 0 0 0 0 0 1
0 0 1 0 0 0 0 0
0 0 0 0 1 0 0 0
0 0 0 0 1 0 0 0
0 0 0 0 0 1 0 0
0 0 0 0 1 0 0 0
0 0 1 0 0 0 0 0
0 1 0 0 0 0 0 0
0 0 0 1 0 0 0 0
0 1 0 0 0 0 0 0
0 0 0 0 0 0 0 1
0 0 0 0 1 0 0 0
0 1 0 0 0 0 0 0
0 0 0 0 1 0 0 0
1 0 0 0 0 0 0 0
0 1 0 0 0 0 0 0
0 0 0 0 0 0 1 0
0 0 0 0 0 1 0 0
0 1 0 0 0 0 0 0
0 0 0 0 0 0 0 1
0 0 0 1 0 0 0 0
0 0 0 1 0 0 0 0
1 0 0 0 0 0 0 0
0 0 1 0 0 0 0 0
0 0 0 0 1 0 0 0
0 0 0 0 0 0 1 0
0 1 0 0 0 0 0 0
0 0 0 0 0 0 0 1
0 0 0 0 1 0 0 0
0 1 0 0 0 0 0 0
1 0 0 0 0 0 0 0
0 0 0 0 1 0 0 0
0 0 0 0 0 1 0 0
0 1 0 0 0 0 0 0
0 0 0 1 0 0 0 0
0 0 0 0 0 0 1 0
1 0 0 0 0 0 0 0
0 1 0 0 0 0 0 0
0 0 0 0 0 0 0 1
0 1 0 0 0 0 0 0
0 0 0 0 0 1 0 0
0 0 0 1 0 0 0 0
0 0 0 0 0 1 0 0
0 1 0 0 0 0 0 0
0 0 1 0 0 0 0 0
0 0 0 0 1 0 0 0
0 0 0 0 0 0 1 0
0 0 0 0 0 1 0 0
0 1 0 0 0 0 0 0
0 1 0 0 0 0 0 0
0 0 1 0 0 0 0 0
0 1 0 0 0 0 0 0
0 0 1 0 0 0 0 0
1 0 0 0 0 0 0 0
1 0 0 0 0 0 0 0
0 0 0 0 0 0 1 0
0 0 0 1 0 0 0 0
0 0 0 1 0 0 0 0
0 1 0 0 0 0 0 0
0 0 1 0 0 0 0 0
0 0 0 0 1 0 0 0
0 0 0 0 0 0 1 0
0 1 0 0 0 0 0 0
0 1 0 0 0 0 0 0
0 0 0 0 1 0 0 0
0 0 1 0 0 0 0 0
0 0 1 0 0 0 0 0
0 0 0 1 0 0 0 0
0 0 0 0 0 1 0 0
0 0 0 1 0 0 0 0
0 0 0 0 0 0 1 0
0 0 1 0 0 0 0 0
0 0 1 0 0 0 0 0
0 0 0 0 0 0 1 0
0 0 0 0 1 0 0 0
1 0 0 0 0 0 0 0
0 0 0 0 0 0 0 1
0 0 0 1 0 0 0 0
0 1 0 0 0 0 0 0
0 0 0 1 0 0 0 0
0 0 0 0 0 0 1 0
0 0 0 0 1 0 0 0
0 0 1 0 0 0 0 0
0 0 1 0 0 0 0 0
1 0 0 0 0 0 0 0
0 1 0 0 0 0 0 0
0 0 0 0 0 1 0 0
0 0 1 0 0 0 0 0
0 0 1 0 0 0 0 0
1 0 0 0 0 0 0 0
0 0 0 0 0 0 1 0
0 0 0 1 0 0 0 0
0 0 0 0 0 0 0 1
0 0 0 0 0 1 0 0
0 0 0 0 0 1 0 0
0 0 0 0 0 1 0 0
1 0 0 0 0 0 0 0
1 0 0 0 0 0 0 0
0 0 0 0 0 0 0 1
0 0 0 1 0 0 0 0
1 0 0 0 0 0 0 0
0 0 0 1 0 0 0 0
0 0 0 0 0 1 0 0
0 0 1 0 0 0 0 0
0 0 0 0 1 0 0 0
0 0 0 0 0 0 0 1
0 0 1 0 0 0 0 0
0 0 0 0 0 0 0 1
0 0 1 0 0 0 0 0
0 0 0 0 0 0 0 1
0 0 0 1 0 0 0 0
0 1 0 0 0 0 0 0
0 0 0 0 0 0 1 0
0 0 0 0 0 0 1 0
0 0 0 0 0 0 1 0
1 0 0 0 0 0 0 0
0 0 0 0 0 0 1 0
0 0 0 1 0 0 0 0
0 0 0 0 0 0 1 0
0 0 0 0 0 0 0 1
0 0 0 1 0 0 0 0
0 0 0 0 1 0 0 0
0 0 0 0 0 1 0 0
0 0 0 1 0 0 0 0
1 0 0 0 0 0 0 0
0 0 0 0 0 0 0 1
0 0 0 0 1 0 0 0
0 0 0 1 0 0 0 0
0 1 0 0 0 0 0 0
0 0 0 0 0 0 1 0
0 1 0 0 0 0 0 0
0 0 1 0 0 0 0 0
1 0 0 0 0 0 0 0
0 1 0 0 0 0 0 0
0 0 0 0 0 1 0 0
0 0 0 1 0 0 0 0
0 0 1 0 0 0 0 0
0 0 0 0 0 1 0 0
0 1 0 0 0 0 0 0
0 0 0 0 0 0 1 0
0 1 0 0 0 0 0 0
0 0 0 0 0 1 0 0
0 0 0 0 0 0 0 1
0 0 0 0 0 0 1 0
0 0 0 0 0 0 1 0
0 0 0 0 1 0 0 0
0 0 0 0 0 0 0 1
0 0 1 0 0 0 0 0
0 0 1 0 0 0 0 0
0 0 0 0 0 0 0 1
0 0 1 0 0 0 0 0
0 0 0 0 0 1 0 0
0 0 0 0 0 0 0 1
0 0 0 0 0 1 0 0
0 1 0 0 0 0 0 0
0 0 1 0 0 0 0 0
0 0 1 0 0 0 0 0
0 0 0 0 0 0 1 0
0 0 0 0 0 0 1 0
1 0 0 0 0 0 0 0
0 0 0 0 0 0 0 1
0 0 0 0 1 0 0 0
0 0 0 0 0 0 0 1
0 0 1 0 0 0 0 0
0 0 1 0 0 0 0 0
1 0 0 0 0 0 0 0
0 1 0 0 0 0 0 0
0 0 0 0 0 0 0 1
0 0 0 0 0 0 1 0
0 1 0 0 0 0 0 0
0 0 0 0 1 0 0 0
0 0 1 0 0 0 0 0
0 0 0 0 0 0 0 1
0 0 0 0 0 0 1 0
0 1 0 0 0 0 0 0
0 0 0 0 0 0 1 0
0 0 0 0 0 0 0 1
0 0 1 0 0 0 0 0
0 0 0 0 0 0 0 1
0 0 0 1 0 0 0 0
0 0 1 0 0 0 0 0
1 0 0 0 0 0 0 0
0 0 0 0 0 0 1 0
0 1 0 0 0 0 0 0
0 0 0 0 0 1 0 0
0 0 0 1 0 0 0 0
0 0 0 1 0 0 0 0
0 0 0 0 0 0 1 0
0 0 0 1 0 0 0 0
0 0 0 0 0 1 0 0
0 0 0 0 0 0 1 0
0 0 1 0 0 0 0 0
0 0 0 1 0 0 0 0
0 0 0 0 0 1 0 0
0 0 0 0 1 0 0 0

Capacidades:
54 59 0 43 52 0 0 32
37 0 40 28 45 51 23 28
45 0 28 44 23 27 32 45
55 29 31 20 27 0 39 52
26 46 25 28 23 52 42 50
