m: 1000
n: 10
p: 7

Distancias:
8.05 4.82 6.38 3.79 1.90 3.84 9.42 4.84 7.19 1.38
3.24 4.88 5.58 9.69 4.19 2.87 9.67 6.55 4.56 5.23
1.13 2.81 6.68 7.81 7.46 4.12 6.50 9.05 8.57 4.57
6.55 7.51 9.53 6.33 6.81 1.98 2.14 2.47 5.82 9.43
9.89 9.73 3.01 8.91 2.49 2.36 7.72 9.99 3.10 9.30
8.31 8.15 2.77 2.95 1.59 3.43 5.21 4.48 5.31 3.04
7.12 2.60 1.76 2.69 1.21 2.09 1.97 1.65 2.07 2.83
1.05 6.85 4.86 5.96 6.83 9.73 5.29 7.83 4.86 8.55
1.20 4.12 3.19 1.37 7.90 2.05 5.54 2.54 2.87 8.01
4.81 8.16 2.44 9.57 8.62 7.75 7.34 4.24 4.98 2.84
8.97 5.63 2.68 3.31 9.23 4.80 1.22 7.42 4.66 4.02
9.42 2.78 2.34 4.73 5.88 2.92 9.96 1.89 8.67 2.26
1.41 9.17 3.46 5.65 6.87 2.76 8.11 8.18 2.05 2.94
7.19 7.78 3.45 7.17 8.52 4.07 3.66 9.87 6.89 1.40
4.21 9.99 5.11 5.26 8.53 8.84 2.60 1.12 5.55 1.61
9.61 3.62 3.77 9.26 2.15 5.95 1.27 1.24 1.84 6.19
5.66 3.87 2.06 7.31 2.93 1.89 7.77 6.15 1.27 7.05
1.68 6.96 3.54 7.53 3.96 4.94 8.35 9.34 4.74 9.90
9.82 1.96 5.26 6.07 3.71 9.40 3.32 9.77 4.23 6.57
9.97 1.52 3.44 6.22 1.82 8.90 7.12 9.19 3.71 1.92
7.40 2.40 6.77 4.36 7.26 1.76 4.49 4.76 8.61 7.31
8.44 3.06 9.39 5.14 6.05 3.31 4.10 8.16 5.01 4.11
5.85 3.31 7.27 6.42 6.29 4.76 6.60 8.31 7.51 4.79
2.05 2.53 5.30 9.41 7.64 1.23 5.54 6.82 3.45 9.80
7.22 1.25 1.61 4.85 8.34 3.76 7.58 7.38 5.35 5.88
2.79 8.14 1.90 4.30 3.02 4.89 9.45 9.76 6.86 8.47
4.90 5.48 4.47 6.65 3.74 2.09 8.63 3.64 1.04 5.78
8.36 3.79 5.99 2.51 5.97 1.63 3.70 4.94 3.67 9.40
4.12 5.75 2.13 8.48 5.46 6.77 2.92 6.66 6.22 6.07
8.99 6.53 3.33 9.32 8.45 8.88 7.25 1.18 1.02 1.40
4.52 5.17 2.53 8.38 4.09 6.49 8.04 2.31 4.60 4.05
4.92 5.33 4.96 8.70 9.35 5.17 7.76 6.36 2.78 2.35
3.27 4.52 4.85 6.58 6.93 3.45 3.65 7.05 3.22 9.64
7.97 9.79 8.76 7.48 4.89 3.18 7.55 5.18 1.72 1.74
1.33 6.28 4.18 6.45 8.04 3.74 5.99 7.76 8.60 4.48
8.47 7.30 9.76 1.76 1.25 3.33 4.11 9.63 3.02 5.73
9.64 4.97 2.37 3.78 6.64 4.96 7.83 9.33 4.27 4.19
1.78 1.53 9.72 3.22 6.99 4.01 1.29 2.10 6.53 4.47
4.40 7.18 7.57 6.42 2.08 2.63 4.40 9.21 7.90 1.57
8.60 4.20 3.63 5.82 3.11 5.52 9.10 9.46 2.48 5.59
9.27 7.41 3.33 1.48 2.38 1.46 1.46 6.29 8.40 5.16
6.00 4.60 3.21 8.55 8.54 1.99 5.03 3.86 5.54 7.45
5.78 6.25 9.66 8.75 4.06 8.30 4.06 7.69 3.13 7.20
5.20 2.68 2.11 6.07 5.49 3.96 5.26 4.46 6.92 3.22
6.80 7.16 5.72 8.10 1.84 5.15 5.53 6.47 1.88 9.63
8.17 3.08 3.92 1.48 5.08 4.68 7.29 7.87 6.91 8.88
1.91 7.08 1.22 6.32 9.99 8.28 9.93 1.24 6.40 2.23
5.75 9.87 9.61 6.30 9.78 1.76 4.29 9.81 2.14 5.08
1.20 9.76 9.88 3.79 3.37 4.13 5.29 4.93 8.62 8.36
8.86 2.83 4.59 6.17 6.83 7.34 3.01 8.78 9.18 6.77
6.32 4.04 4.50 2.01 7.42 6.75 4.91 1.09 5.56 8.70
6.14 9.59 8.89 8.20 7.52 5.74 4.12 9.40 1.86 5.69
9.98 1.62 5.27 4.13 5.15 8.98 8.87 7.12 8.45 8.53
5.82 5.26 3.13 9.93 2.00 8.15 9.60 6.60 1.51 1.10
1.72 3.16 7.98 5.13 4.69 1.97 4.25 4.80 7.65 3.31
7.95 4.59 6.35 5.79 5.99 7.05 2.16 4.58 7.78 5.50
5.88 3.82 6.90 4.47 4.58 6.75 5.38 3.95 8.89 1.46
2.26 6.70 3.14 9.22 4.50 8.21 8.97 7.33 6.30 9.08
2.08 9.88 8.46 8.92 5.60 1.75 1.99 8.71 5.39 1.72
9.23 2.91 2.27 9.47 6.07 6.63 4.98 3.14 6.33 7.68
5.33 7.44 1.25 2.52 5.37 2.99 5.29 3.34 8.00 6.02
5.58 2.90 3.67 5.74 4.90 2.10 9.08 3.95 8.84 3.47
5.93 9.88 4.72 4.11 1.88 9.55 9.73 3.56 5.25 9.40
9.50 5.35 4.83 9.62 7.47 8.41 6.80 6.68 7.25 1.92
7.17 7.43 5.83 5.79 8.00 1.24 2.81 8.82 3.64 9.83
6.36 3.67 4.09 5.02 6.59 1.44 3.89 2.27 4.07 6.67
4.57 7.58 6.69 3.30 1.81 3.20 1.35 5.73 3.86 1.62
5.39 3.78 7.77 4.03 9.96 4.33 1.62 4.67 1.85 3.47
4.86 3.68 9.27 8.50 5.52 8.67 7.48 8.42 7.33 2.27
7.27 2.05 5.87 3.59 3.66 4.92 8.94 8.08 1.65 5.03
7.80 1.67 7.82 4.10 8.59 1.17 5.90 4.87 2.93 9.13
3.25 3.14 1.03 9.45 1.96 6.77 9.72 6.50 7.49 4.00
1.02 3.06 4.97 5.21 3.90 1.10 8.06 3.36 6.84 5.43
8.65 8.42 9.45 7.71 5.30 4.87 4.14 1.27 5.50 3.72
7.33 3.31 7.60 1.05 6.55 2.91 5.92 8.96 9.95 9.72
4.14 8.73 6.12 6.54 7.40 2.18 8.46 2.19 7.17 4.63
6.05 8.39 5.97 5.45 7.80 3.38 6.30 5.32 4.22 7.99
2.07 7.17 3.67 3.24 1.38 9.52 9.73 3.79 8.32 7.30
5.95 1.77 1.06 3.16 7.04 2.98 4.97 8.55 9.69 5.33
8.32 4.62 3.00 5.47 5.02 2.92 3.29 1.47 5.61 8.38
8.64 7.28 7.01 1.12 9.57 6.70 7.90 1.45 8.66 6.23
3.08 3.83 2.32 2.73 3.55 4.44 1.96 6.30 4.76 4.45
1.50 3.70 1.39 7.19 4.50 7.31 2.08 1.20 6.32 6.57
9.45 9.35 5.43 3.97 8.88 4.05 7.71 8.08 2.92 7.59
3.12 5.83 2.74 3.20 1.15 5.80 2.42 6.91 8.66 8.00
1.31 5.30 3.83 5.37 9.63 7.03 7.92 9.62 9.92 6.48
6.12 8.25 5.21 4.94 9.94 1.21 2.46 2.77 5.03 6.06
6.61 3.90 6.37 8.00 6.90 1.95 6.33 4.53 1.12 8.10
2.76 2.22 4.65 3.21 7.53 8.13 9.02 3.11 7.99 5.28
8.16 1.77 4.40 2.96 3.94 4.87 1.74 7.21 3.34 8.62
8.73 2.11 5.79 5.91 8.97 1.66 6.75 4.18 8.56 1.30
1.07 6.64 5.67 4.97 2.56 5.86 8.74 5.37 4.53 3.92
7.46 6.73 8.20 6.86 5.13 8.48 9.89 5.12 3.97 2.91
9.09 6.68 4.55 5.83 3.57 3.87 2.07 9.54 6.47 1.57
3.79 2.43 6.56 2.66 2.75 4.86 5.81 1.30 7.04 5.35
9.74 3.67 2.21 3.58 6.55 3.02 6.86 2.61 6.44 1.65
5.15 1.17 2.24 5.96 7.99 3.88 1.61 2.54 1.32 9.89
8.37 7.05 5.49 6.09 8.13 7.65 8.62 7.48 8.83 1.50
8.09 5.81 7.85 2.81 3.31 6.37 7.85 3.08 2.64 4.51
6.12 9.04 2.37 6.86 1.03 9.89 8.98 5.28 9.19 8.61
4.02 4.31 5.04 9.71 7.40 3.73 6.32 6.91 3.54 4.83
3.12 1.40 8.45 7.78 3.69 2.04 5.27 9.66 2.19 3.41
6.80 1.91 6.84 6.88 9.57 6.05 7.37 4.49 5.62 6.14
7.92 2.12 4.13 2.81 5.80 3.15 2.21 4.13 4.78 3.91
8.07 2.80 1.41 9.43 2.89 9.74 7.84 6.09 7.95 8.81
8.66 5.38 9.42 2.17 6.06 6.56 4.87 5.66 5.26 7.49
5.65 4.08 8.57 9.92 5.25 6.68 9.47 4.04 9.74 7.58
8.94 4.77 4.88 5.71 3.86 1.05 7.01 1.03 4.79 3.25
9.93 7.79 7.82 6.77 6.00 2.67 1.82 3.57 7.94 7.58
9.46 7.38 5.85 7.70 7.80 6.21 6.52 1.06 8.79 7.24
1.98 7.26 8.06 8.23 1.33 8.78 2.54 3.81 8.36 4.85
5.01 2.52 7.62 1.39 3.88 3.41 1.37 4.12 2.06 8.00
6.76 5.75 9.27 9.16 6.34 5.37 3.30 4.92 9.84 9.69
4.66 9.67 5.74 4.36 9.22 1.17 9.22 9.23 8.10 8.87
5.05 7.64 9.63 4.54 1.81 1.00 8.88 1.11 3.38 2.46
5.22 4.91 2.04 5.07 9.61 7.93 6.54 3.43 4.37 5.45
5.11 1.89 1.23 7.39 8.74 6.32 6.00 6.27 7.94 6.32
1.09 9.43 6.40 6.90 1.10 9.05 5.99 1.05 3.13 4.60
9.33 2.89 9.27 3.43 3.17 2.23 8.29 7.46 7.34 6.49
3.14 9.31 9.35 3.70 3.90 7.28 2.17 3.18 2.85 5.77
6.61 4.29 5.19 5.90 5.48 4.45 1.80 4.41 2.31 8.61
9.20 2.42 4.20 7.39 5.77 7.25 8.54 8.87 6.83 1.35
6.80 4.92 8.85 3.44 1.94 8.58 2.49 5.82 7.76 3.46
2.86 5.89 9.87 8.42 4.65 7.60 8.66 3.90 1.42 6.47
7.79 7.22 6.44 8.18 4.68 8.86 7.66 4.39 9.88 3.66
8.78 7.62 3.38 9.47 6.32 9.57 3.15 9.98 4.46 8.88
9.26 1.00 1.65 4.50 6.43 4.02 8.22 3.25 6.10 6.37
5.29 6.56 2.43 1.43 2.38 1.04 5.01 7.11 9.36 7.22
8.86 8.30 5.40 7.23 5.98 2.38 8.51 3.99 4.12 6.75
5.32 2.24 5.61 8.04 6.05 9.02 3.49 5.42 7.45 6.01
8.43 8.70 5.11 3.58 8.64 4.67 9.38 9.48 2.88 6.15
2.04 4.08 1.75 1.53 2.43 1.98 3.49 3.88 5.75 8.93
7.31 5.42 8.77 6.63 8.06 6.66 5.91 7.18 3.09 5.22
5.53 3.23 7.13 9.61 8.89 1.35 7.71 6.09 5.77 7.40
1.93 6.26 2.72 7.19 6.46 5.40 7.84 4.87 9.14 7.63
4.52 4.38 5.42 6.45 3.78 3.80 7.05 8.92 1.48 5.90
7.91 5.99 4.70 2.19 2.82 4.94 3.49 5.32 5.06 1.74
2.28 1.64 4.83 4.67 7.21 9.88 1.45 5.50 4.09 9.20
2.32 7.45 1.28 7.35 3.63 8.42 3.59 3.52 5.29 1.45
8.21 7.22 1.53 1.68 5.13 5.81 9.57 5.08 5.06 5.24
9.39 8.26 5.54 1.19 3.14 5.42 8.44 2.84 7.04 6.87
1.64 8.21 2.76 2.98 1.36 3.59 4.33 9.98 6.26 7.63
5.02 1.70 7.77 8.36 6.05 6.30 9.23 4.40 6.84 8.18
8.01 4.58 6.44 4.55 1.82 5.67 7.91 8.13 4.62 9.62
2.41 4.81 3.35 7.41 5.45 6.08 5.57 1.75 9.62 9.31
1.62 5.38 2.11 3.05 8.06 3.67 3.67 8.87 3.94 4.02
6.98 7.63 1.70 6.82 6.66 6.32 1.19 6.19 7.73 6.10
9.67 6.69 7.64 2.58 7.29 8.98 4.05 2.47 2.27 6.79
8.89 1.86 8.93 5.07 9.76 9.88 2.77 2.38 3.98 5.81
2.15 1.33 3.75 7.30 7.43 8.40 8.61 6.14 5.68 1.95
2.47 4.40 7.10 4.39 9.83 5.14 9.60 5.26 6.13 8.88
9.61 8.36 5.45 3.21 7.21 6.03 4.53 1.47 1.80 4.66
9.42 8.25 3.82 5.41 5.29 6.17 2.46 5.82 7.98 1.85
1.04 7.31 3.07 2.70 8.95 3.71 8.70 7.16 1.25 2.20
5.29 9.71 1.25 8.52 5.72 5.53 3.86 7.14 8.30 8.02
4.54 5.19 8.08 1.24 3.36 7.51 6.53 1.77 4.70 4.36
2.27 9.42 5.98 1.68 6.22 5.48 6.80 7.52 1.66 2.48
2.74 1.45 9.36 7.54 3.88 6.02 5.55 2.44 9.96 6.13
8.17 5.63 5.52 3.11 1.05 4.31 2.90 9.10 9.10 6.71
3.61 8.96 1.58 8.56 5.54 1.72 8.08 9.93 3.43 5.03
8.78 8.02 9.64 5.16 4.62 2.93 9.55 6.25 5.53 1.44
8.95 6.66 5.59 5.37 6.82 3.44 9.80 3.73 2.19 9.57
9.19 2.12 7.25 8.92 5.03 9.68 9.27 4.06 8.62 3.36
8.49 2.11 1.97 2.02 8.55 8.48 2.46 6.45 2.07 4.79
7.15 8.65 9.82 8.30 4.08 4.77 9.13 9.60 7.20 8.73
7.77 1.89 1.04 4.51 2.15 5.67 5.43 6.30 6.81 5.49
1.17 3.52 5.25 1.11 5.85 7.40 2.37 3.40 2.34 7.31
6.61 1.65 5.00 5.60 1.02 8.87 7.68 2.78 5.46 7.55
4.60 6.58 4.04 9.56 1.00 8.61 2.03 1.39 1.95 1.47
8.40 1.94 6.47 1.26 4.20 6.25 1.06 5.84 4.05 3.03
7.82 5.36 2.49 7.56 9.36 7.98 7.33 5.38 5.26 6.33
7.85 7.77 3.77 7.45 5.99 8.90 6.30 4.61 4.66 6.42
7.88 6.70 1.76 9.95 4.15 5.40 3.55 7.39 7.77 3.02
5.06 7.57 5.00 3.39 9.78 2.85 2.95 8.33 7.42 6.25
4.48 7.40 7.20 6.21 2.72 3.39 6.26 8.16 7.74 5.25
4.17 7.05 7.96 7.82 8.34 8.07 7.89 1.49 1.11 5.86
1.73 4.22 9.79 5.38 4.53 7.52 4.00 5.08 2.99 5.68
5.12 3.94 1.18 3.59 1.47 1.44 5.72 2.27 2.68 1.56
8.54 7.86 9.33 3.27 6.52 9.48 6.15 7.88 1.57 4.01
6.88 1.13 6.45 5.21 1.84 9.71 8.81 5.91 7.40 2.37
9.14 5.86 5.45 3.50 8.28 2.29 6.40 8.75 8.96 5.30
1.50 1.23 7.14 2.18 5.99 3.74 7.11 9.67 5.32 6.57
6.39 3.94 7.95 8.85 3.38 7.44 4.51 5.74 6.39 6.27
2.64 9.66 3.69 8.03 6.48 8.49 1.51 7.27 3.32 9.30
6.40 9.48 1.28 8.84 6.26 8.32 4.04 5.32 3.98 6.44
5.78 1.20 7.55 8.39 6.68 6.78 8.25 6.86 5.11 7.22
2.65 3.30 2.86 8.94 2.71 9.41 6.34 5.40 4.38 8.12
8.35 6.99 9.94 9.64 8.21 5.56 1.78 8.56 5.28 2.20
4.86 5.65 2.97 5.08 4.47 8.43 1.43 9.82 5.57 3.37
7.98 2.80 7.27 5.23 2.85 8.53 2.74 2.32 1.24 5.66
3.84 3.56 7.89 5.08 5.59 5.75 3.82 1.66 5.47 2.97
1.76 2.68 1.97 3.67 9.44 4.06 2.93 3.31 3.06 4.09
6.25 4.21 8.27 8.32 1.40 7.52 6.20 6.37 3.76 6.32
3.66 1.11 3.19 9.69 1.32 9.18 6.45 1.32 6.82 3.54
5.49 3.11 5.74 7.39 7.53 7.08 8.72 7.93 1.33 7.83
9.21 1.48 6.65 5.29 7.43 9.11 3.22 8.73 5.46 2.64
2.41 6.68 7.64 4.73 9.39 2.57 7.77 3.36 8.74 2.71
9.47 3.33 6.16 1.61 2.54 2.33 9.46 9.92 6.06 6.93
3.80 6.83 2.25 7.62 6.69 6.64 3.63 2.84 2.60 4.34
8.03 6.42 4.56 1.46 5.97 2.29 6.78 4.93 2.68 9.97
6.23 7.13 4.95 3.51 3.34 1.29 4.48 3.59 8.94 3.31
3.68 1.78 4.48 6.82 3.80 1.97 1.76 7.67 9.73 5.19
7.19 4.17 8.87 8.43 7.45 5.69 6.36 5.94 7.77 9.10
6.25 7.23 9.08 1.23 7.18 9.20 6.93 4.64 1.64 8.01
1.19 5.83 8.93 2.46 1.02 6.03 6.67 5.16 5.08 9.80
4.13 7.40 1.32 1.79 1.90 2.32 7.01 8.20 9.92 4.89
7.92 5.86 2.63 6.83 8.67 3.47 8.08 9.47 8.77 9.97
4.82 8.65 9.99 1.15 1.24 6.17 4.16 3.65 7.05 4.32
3.83 5.82 1.59 4.65 2.07 7.75 6.28 8.97 5.65 1.50
9.04 6.98 4.53 1.35 2.15 4.44 7.67 8.05 7.16 2.76
2.96 8.44 8.06 4.48 2.66 5.51 7.98 2.75 1.46 7.30
4.48 6.58 8.71 7.43 6.70 7.19 7.78 8.26 3.86 7.38
1.21 6.19 4.29 2.64 3.61 3.04 1.70 2.22 1.77 5.05
6.73 4.97 7.52 6.12 6.77 9.79 8.99 8.33 4.49 8.94
8.98 5.84 9.37 2.20 8.68 4.12 7.87 2.21 9.17 9.65
5.28 7.77 1.16 4.68 2.68 5.34 1.76 2.15 2.38 4.38
8.37 3.59 5.22 8.07 1.22 7.94 6.82 4.09 7.70 9.46
5.17 2.78 9.00 1.87 7.40 2.40 1.78 3.97 3.23 9.79
1.82 6.27 4.51 8.10 9.87 7.09 2.92 8.68 4.62 7.99
9.14 4.52 9.68 1.33 4.59 3.72 7.24 8.38 5.12 5.80
4.99 7.81 1.95 4.64 5.14 3.61 5.59 7.98 2.81 5.43
6.75 4.17 5.55 2.95 2.08 3.19 6.19 7.57 7.18 8.15
4.79 3.07 3.72 1.37 5.19 7.34 5.70 9.83 2.06 4.15
5.26 9.17 2.26 3.28 3.51 4.88 3.31 7.01 6.30 7.14
5.49 3.58 8.42 2.91 1.58 7.52 4.47 8.16 3.78 9.64
2.98 3.10 2.72 6.80 2.97 3.93 1.84 6.86 4.09 2.55
1.78 8.80 7.25 2.38 2.66 1.00 7.60 6.12 3.87 2.48
7.79 6.85 3.83 7.52 9.50 1.56 4.32 2.30 2.50 1.64
8.67 3.22 1.80 7.28 4.71 3.60 8.11 5.67 3.61 3.65
5.96 5.85 9.57 5.31 9.31 1.50 4.49 6.37 4.47 6.04
1.16 3.96 1.61 6.99 7.28 9.12 6.19 9.69 3.60 2.13
8.16 4.66 9.44 2.44 9.54 4.62 2.97 3.18 4.09 9.52
7.58 3.14 8.74 7.50 7.73 8.07 8.51 1.67 1.96 8.48
8.62 7.21 5.52 8.09 9.88 4.29 7.20 8.71 1.75 7.53
4.03 8.32 2.04 7.07 6.33 3.96 2.38 1.77 1.95 1.83
2.27 2.64 8.64 7.38 6.20 9.26 7.12 5.01 8.21 1.87
1.42 8.40 7.46 2.49 5.85 5.18 1.19 4.01 9.42 4.03
1.73 4.45 8.51 4.10 4.97 3.72 7.36 9.87 4.34 8.84
5.29 7.48 6.08 1.43 4.04 2.71 8.64 2.05 4.18 9.38
6.15 5.45 4.82 5.41 9.09 9.98 5.46 6.85 5.14 3.87
8.79 4.05 6.60 8.13 7.36 4.67 3.72 1.22 6.25 1.68
8.66 6.83 6.08 3.89 8.22 9.07 7.85 9.07 6.41 8.82
6.84 9.04 4.22 6.34 4.52 7.18 7.92 8.15 8.16 4.73
9.71 5.01 8.58 3.54 1.27 4.47 7.97 2.38 7.41 9.29
2.34 1.20 3.94 9.84 3.94 4.37 2.80 2.64 7.73 3.53
8.22 3.97 2.25 6.35 2.28 5.36 9.63 2.39 9.79 9.27
3.46 6.69 5.72 2.42 3.86 8.60 1.41 7.07 3.59 2.42
7.02 9.56 9.91 2.74 6.53 4.45 1.91 2.42 6.44 1.68
5.80 9.15 6.98 5.16 8.95 5.64 9.55 4.23 2.72 5.61
7.90 3.28 3.16 3.65 4.82 5.25 9.05 9.62 1.77 5.06
9.32 2.73 7.32 5.30 3.55 5.90 5.50 2.97 6.74 9.48
4.64 8.65 9.31 5.59 8.97 1.68 7.88 2.86 4.86 9.97
9.55 1.93 4.72 2.29 3.55 8.55 9.90 1.41 1.44 5.98
7.26 6.46 2.42 4.86 9.81 9.95 2.85 7.66 5.78 5.69
1.82 9.99 8.35 5.26 8.18 7.47 9.79 3.01 5.04 5.30
5.91 3.90 2.49 9.01 5.92 5.54 4.80 1.13 1.96 4.08
2.29 5.15 6.66 9.07 4.03 1.92 2.42 1.43 2.81 5.70
8.19 7.32 3.13 1.26 4.92 5.39 1.63 1.12 1.38 3.67
1.93 7.20 4.97 6.18 5.57 2.05 2.14 9.53 3.81 1.57
7.97 5.02 2.86 5.90 3.89 1.79 7.74 2.67 8.47 4.07
9.15 1.73 7.71 5.27 2.61 8.02 3.05 1.58 7.27 2.46
1.82 4.41 9.23 3.95 6.35 7.70 8.35 3.58 3.26 2.42
9.32 2.14 8.99 3.02 6.52 3.05 9.43 9.03 5.22 9.43
8.18 2.75 6.98 5.00 6.14 1.42 6.07 4.08 5.84 5.66
6.71 4.44 5.75 7.28 5.28 9.67 3.98 2.29 2.79 4.17
6.45 8.46 5.07 2.35 7.64 7.79 3.81 4.11 9.67 2.75
7.10 7.68 2.48 6.70 5.27 9.55 3.52 1.31 4.24 2.19
5.29 3.31 4.63 8.74 7.50 7.71 4.68 2.78 5.70 5.77
9.60 1.02 7.43 4.83 6.07 1.16 8.02 3.91 9.62 2.96
1.38 3.15 8.90 5.78 9.72 4.32 7.97 1.30 8.58 3.58
2.97 3.51 5.55 9.66 6.47 5.69 3.09 9.74 3.43 5.75
3.52 4.93 4.71 3.37 3.26 7.78 8.53 8.12 4.52 5.10
6.42 4.35 5.32 1.15 7.33 3.79 8.20 8.82 2.96 7.91
3.75 9.82 2.80 8.51 8.73 1.03 1.56 1.22 5.85 6.16
2.42 5.18 5.02 1.65 7.99 2.64 9.48 7.86 6.92 2.51
2.69 3.87 9.71 2.41 1.15 6.64 7.46 9.49 3.30 8.76
5.24 9.42 9.18 5.58 2.54 9.96 9.91 1.23 1.58 2.86
9.28 3.66 9.52 4.93 6.70 2.45 9.16 4.85 3.57 1.73
1.38 4.01 8.91 2.24 1.55 5.88 2.13 7.41 5.56 6.71
3.00 4.78 7.92 3.77 6.20 1.96 5.45 5.91 7.12 8.34
4.53 9.79 7.91 6.09 9.85 1.93 3.65 2.14 9.53 5.21
2.56 7.77 3.54 7.72 8.38 8.27 3.26 5.46 4.19 7.20
8.31 6.48 7.33 6.59 8.69 6.04 5.03 4.44 4.16 4.28
1.29 6.51 7.62 7.94 5.48 5.73 2.01 8.84 7.57 4.65
8.70 9.50 4.68 5.50 6.64 8.18 1.94 9.32 6.18 8.55
8.54 1.14 1.29 4.60 7.24 2.17 1.23 8.00 1.84 2.77
9.21 6.59 2.05 9.30 1.32 9.18 6.77 6.70 6.18 7.44
2.69 5.18 9.29 7.65 8.93 6.33 8.03 8.22 4.84 3.98
8.61 4.97 2.53 6.28 9.34 2.92 2.29 3.04 2.18 1.88
7.59 6.94 7.67 8.25 9.29 8.53 2.49 2.06 4.51 7.88
8.90 4.65 9.69 8.34 3.62 2.92 3.69 4.19 7.10 8.30
2.05 1.33 9.26 2.03 4.17 8.24 4.65 6.51 6.30 6.92
1.88 6.35 7.72 9.15 8.33 2.65 6.74 2.53 6.87 3.35
6.64 2.07 6.75 9.55 2.01 8.35 8.14 6.60 1.07 1.51
8.74 3.87 6.56 6.11 7.62 5.20 3.30 7.12 2.34 9.10
4.23 4.75 3.82 4.42 2.24 8.35 1.46 8.96 6.27 6.23
2.01 3.11 3.80 4.16 3.51 2.79 8.06 4.34 9.89 7.76
3.36 8.54 7.03 4.93 9.14 3.62 8.78 7.59 1.26 9.55
9.80 9.56 7.59 9.21 6.85 5.17 4.45 5.80 7.71 9.63
6.08 7.79 2.69 6.71 8.54 3.08 6.07 3.92 4.51 3.37
6.15 8.45 4.24 9.22 1.85 5.84 7.33 9.79 3.11 3.45
6.62 1.48 8.65 7.23 4.63 9.90 5.13 7.95 9.54 4.50
2.00 2.46 7.48 8.14 9.13 2.61 5.41 7.25 8.51 7.52
1.21 4.03 2.67 1.49 9.56 6.49 2.79 9.05 1.40 9.11
5.24 3.35 1.79 4.32 9.21 1.61 7.77 5.87 7.99 6.80
9.54 4.91 1.67 9.58 2.39 2.26 9.48 5.99 2.65 9.32
7.15 3.74 7.22 4.14 5.23 3.41 2.51 5.12 3.50 1.37
1.52 4.71 1.96 8.25 7.26 8.24 8.84 6.56 1.87 7.17
8.00 4.46 9.40 8.21 9.66 8.11 6.40 8.27 9.30 8.90
6.05 1.23 7.03 7.59 7.97 9.71 6.40 6.60 3.11 1.19
1.70 5.33 7.37 7.73 4.36 3.87 5.47 9.61 2.67 7.55
4.40 3.54 8.82 9.98 6.34 1.36 2.85 9.38 3.17 2.46
7.39 3.73 5.12 1.96 2.37 5.09 8.50 6.63 8.86 7.99
9.01 7.74 1.86 4.17 9.43 8.93 4.59 7.39 3.58 7.40
8.61 7.31 5.91 6.13 9.98 4.04 4.41 7.64 6.25 6.35
7.69 3.23 9.46 8.08 5.35 9.23 8.21 9.40 9.37 2.45
8.78 9.13 6.49 5.93 4.84 5.06 1.87 1.21 7.68 9.59
5.91 9.03 6.35 6.69 5.09 8.17 6.53 4.45 1.20 4.61
6.82 7.06 2.46 5.59 3.32 6.98 3.18 8.15 9.14 1.23
8.73 2.53 7.33 8.98 7.65 4.44 3.44 4.88 5.02 7.11
1.83 8.14 8.91 6.91 2.05 2.71 2.54 9.49 7.45 3.86
5.29 7.39 4.28 6.84 1.10 1.83 6.89 7.90 2.69 3.93
4.59 4.05 4.21 4.84 5.01 8.42 5.20 1.97 7.41 5.98
2.45 1.01 4.29 7.51 9.42 2.92 7.72 9.79 7.27 8.18
6.16 1.45 5.99 3.48 7.61 3.99 8.94 5.11 6.87 6.44
4.28 3.57 3.11 8.36 8.45 9.29 3.87 5.95 5.51 9.75
1.60 9.40 1.36 4.90 2.46 4.50 2.58 7.62 3.32 7.02
6.77 4.96 4.32 8.10 4.67 7.88 3.78 4.56 9.86 8.86
2.50 1.56 4.60 2.67 5.83 7.48 8.75 1.37 8.57 2.50
7.75 3.72 1.09 1.06 1.88 8.05 4.52 1.08 5.91 3.35
7.53 3.28 4.07 2.53 1.15 8.03 3.00 2.98 6.61 5.05
6.68 1.40 8.24 9.52 7.46 3.13 6.84 2.87 5.84 2.38
5.61 3.39 9.96 6.61 5.03 5.25 8.60 4.59 7.24 3.08
2.22 3.10 6.56 2.40 5.25 2.26 4.38 5.83 7.10 8.59
2.39 1.78 4.39 6.64 6.10 7.75 9.14 6.54 3.08 3.86
7.62 5.01 3.41 9.91 4.63 9.08 9.08 3.42 6.71 9.65
2.66 1.16 8.43 1.32 6.94 7.88 7.55 1.81 7.59 2.43
5.71 5.17 5.10 8.79 1.24 6.63 9.85 6.40 8.31 8.97
5.66 3.99 5.49 5.13 1.76 8.65 7.78 8.65 4.02 4.64
3.09 4.30 1.88 6.23 3.25 6.04 2.89 5.21 2.68 9.70
9.63 9.79 3.32 8.35 8.58 7.98 6.34 2.75 4.66 9.93
2.01 3.37 5.44 7.58 8.27 3.24 5.91 5.64 6.74 3.56
8.29 7.10 7.64 7.05 7.52 6.77 6.57 3.59 6.15 3.34
5.87 3.56 8.74 7.56 6.65 5.53 1.08 5.27 1.71 3.97
5.99 1.66 7.08 9.06 8.52 4.98 4.70 7.49 4.62 6.05
6.20 2.48 1.48 6.57 8.79 6.29 3.52 9.05 4.37 1.63
3.18 2.40 8.02 4.12 6.88 1.82 9.36 3.71 5.21 3.37
4.73 7.17 9.79 3.41 4.46 5.49 9.19 7.08 9.49 5.73
6.81 6.69 5.80 2.21 7.99 8.72 4.44 6.82 8.82 2.28
2.18 4.69 6.58 4.81 5.99 8.50 8.35 3.43 2.54 6.90
4.71 6.66 8.41 4.51 3.01 4.04 5.38 3.41 3.31 2.66
2.57 7.72 4.34 8.07 4.92 7.14 1.90 3.45 9.85 8.16
7.02 7.70 7.96 9.87 1.39 1.71 2.82 8.71 6.12 2.47
1.95 3.26 7.69 5.83 1.84 9.69 6.08 4.77 2.49 8.92
9.03 6.62 4.94 5.35 6.13 5.85 8.50 5.60 6.50 2.71
8.33 6.84 4.10 1.84 4.86 2.12 4.10 3.90 5.29 2.68
7.96 5.79 6.58 2.93 3.70 9.29 5.32 3.01 8.31 2.87
5.29 9.39 7.92 9.49 4.68 3.57 2.99 8.80 1.53 9.98
2.08 9.04 2.35 2.37 4.35 8.51 7.04 9.35 2.52 5.91
7.50 1.53 3.07 7.58 6.41 8.69 6.81 3.81 9.81 8.25
1.20 3.24 5.74 6.26 3.14 7.30 1.92 2.71 7.95 9.75
6.69 5.91 9.69 9.05 3.53 7.91 5.72 9.96 4.80 9.57
4.14 2.03 5.53 6.09 1.04 7.63 3.97 5.19 5.17 9.07
7.31 8.97 5.49 2.06 4.94 6.23 8.35 6.23 8.13 1.05
3.01 5.55 2.86 6.52 1.16 7.15 3.74 9.48 5.89 6.29
4.16 5.05 7.96 2.67 2.62 4.54 6.08 6.58 6.30 2.99
2.10 4.74 2.76 8.68 2.94 1.70 5.04 6.52 7.81 3.57
6.93 3.11 8.70 5.71 4.37 5.86 7.29 2.20 2.28 9.91
3.54 8.52 1.13 9.22 9.99 7.02 1.35 4.94 3.88 1.58
2.20 2.29 5.44 3.30 7.03 4.86 6.42 1.07 2.39 3.63
6.28 5.28 8.04 3.56 1.72 2.49 7.13 5.89 9.67 3.22
7.71 4.55 9.45 8.27 8.92 6.54 3.45 6.97 5.15 2.22
8.11 2.27 8.59 7.66 4.52 9.05 4.27 5.61 4.21 7.70
3.82 2.84 7.49 8.57 4.88 9.24 1.91 9.58 4.59 4.64
8.93 3.33 3.65 1.99 3.65 8.73 2.74 8.69 9.95 8.12
8.58 6.02 9.83 6.11 8.18 6.01 2.84 1.27 8.76 9.23
1.93 7.81 6.67 4.88 9.80 4.99 6.87 9.75 6.14 9.53
4.01 9.32 1.27 1.80 2.05 4.62 6.31 9.30 8.68 3.03
5.64 7.13 3.34 2.25 3.02 4.46 7.57 5.93 9.11 2.09
9.97 7.74 2.86 8.15 1.53 4.31 3.94 1.19 6.78 9.43
6.97 4.47 8.31 5.37 7.34 2.72 7.26 8.71 6.01 3.65
3.91 8.84 2.97 3.63 7.42 1.15 6.29 6.80 7.00 1.16
7.75 3.69 2.43 2.53 4.72 8.71 4.67 5.17 7.78 5.58
2.11 4.06 3.65 4.51 2.88 8.73 7.97 6.03 7.89 4.31
5.87 9.81 7.04 5.95 5.43 5.53 7.40 4.63 3.39 4.86
2.76 8.15 2.76 2.60 5.94 8.21 6.08 4.99 4.14 4.59
4.08 4.98 7.53 9.78 4.45 2.78 2.79 5.05 4.14 5.27
7.18 3.43 3.11 5.95 1.45 8.89 3.07 3.48 7.72 4.57
5.47 6.41 6.60 3.60 3.75 4.42 6.44 5.54 1.77 6.25
8.53 7.22 4.52 1.07 1.67 3.13 5.74 5.09 7.91 4.03
6.90 2.03 5.78 4.61 6.23 5.81 8.39 2.03 2.25 2.13
8.79 1.13 5.05 3.03 7.33 6.71 3.82 9.49 4.98 3.06
7.67 6.08 6.82 3.17 5.14 9.03 8.81 5.61 6.26 6.19
3.62 5.55 3.51 3.60 7.41 1.21 4.03 2.93 7.51 8.43
2.57 2.29 9.16 2.26 2.79 6.85 9.64 2.47 8.08 3.84
8.83 9.96 6.33 7.25 9.39 9.60 5.72 9.81 3.28 7.19
4.16 6.70 7.77 5.37 1.47 1.85 7.14 8.85 1.56 1.68
7.20 1.32 7.41 6.19 6.20 7.05 3.73 6.76 2.91 7.72
8.68 3.86 5.61 1.51 7.65 9.38 6.64 4.97 9.40 8.46
9.56 7.33 7.95 3.81 5.18 5.24 9.55 4.96 2.92 6.61
7.08 4.23 1.16 4.46 2.15 8.12 8.53 3.85 4.90 6.10
9.32 9.08 7.15 7.02 7.23 4.14 5.10 4.06 2.14 1.31
5.32 3.20 1.46 7.17 4.88 7.63 7.54 7.79 7.66 6.08
1.92 4.07 3.42 4.15 2.81 5.68 6.81 3.65 8.59 4.87
1.19 5.35 3.18 8.88 6.85 8.88 7.96 4.06 4.03 2.42
6.79 3.01 7.86 7.11 7.59 5.75 2.37 8.25 9.42 2.47
7.36 1.38 4.64 8.53 1.37 6.28 7.10 2.61 4.96 8.07
4.53 2.00 4.06 6.04 6.88 9.64 7.33 1.35 5.16 4.21
9.40 2.51 5.35 3.28 8.77 4.29 6.77 4.72 7.18 4.00
8.36 4.89 6.28 8.77 1.37 8.91 8.01 5.70 2.31 4.16
2.02 1.67 9.93 3.77 6.30 7.58 8.19 9.08 9.43 3.88
1.77 6.31 1.82 3.02 1.43 8.89 1.91 7.79 3.10 4.63
5.08 7.14 2.90 1.75 1.27 6.96 4.17 6.90 2.12 3.09
8.06 4.72 3.11 5.94 2.14 7.32 8.67 3.43 4.06 7.54
1.36 3.47 3.53 7.72 4.06 9.14 2.43 2.03 8.11 6.00
8.78 9.77 8.33 3.03 8.86 1.21 4.14 5.82 6.26 3.70
2.75 5.33 1.33 5.78 1.95 2.00 2.46 9.09 1.44 7.52
3.33 7.95 5.01 2.25 8.52 2.51 6.71 9.62 7.31 3.79
6.96 6.33 7.90 9.53 4.61 5.58 7.17 1.30 4.59 7.35
6.49 1.38 5.08 8.02 9.46 9.50 7.47 1.36 2.61 2.56
8.28 6.94 8.90 8.03 8.07 5.05 4.07 5.31 5.05 6.91
2.91 6.77 1.64 4.92 5.50 6.64 9.81 3.52 1.98 2.26
8.06 9.07 7.67 7.84 7.01 4.45 6.35 3.45 2.32 7.87
5.76 5.49 2.67 9.84 1.99 7.87 8.96 3.75 1.36 6.99
2.74 2.47 5.54 8.18 7.68 8.56 6.21 7.75 9.82 5.09
9.87 6.13 7.76 4.60 3.45 3.73 7.59 4.69 3.37 3.95
1.21 2.82 3.34 2.43 3.60 7.56 9.51 4.40 7.29 7.24
1.93 4.80 7.97 2.55 8.90 8.37 3.69 6.69 7.42 3.23
6.94 7.99 6.97 7.54 7.32 5.81 4.25 6.82 2.52 5.55
8.08 1.46 8.25 8.40 1.54 8.13 9.78 7.96 9.91 8.79
8.58 2.77 9.26 2.40 7.22 5.61 6.25 3.37 7.61 4.21
9.93 8.22 4.52 4.30 3.73 4.09 7.34 5.58 6.35 8.95
4.97 8.71 4.83 7.33 2.27 6.62 1.35 1.35 6.80 8.46
9.17 9.28 8.64 6.97 3.99 2.37 8.38 1.70 1.57 7.92
9.18 7.17 9.11 5.93 5.69 9.89 1.73 3.53 7.47 9.50
5.59 1.27 3.19 1.08 1.76 5.83 8.57 3.22 4.53 3.69
3.44 8.22 4.88 2.87 6.10 9.41 8.59 1.32 6.43 7.88
5.26 3.70 9.80 2.30 1.26 1.54 7.25 8.84 1.11 3.60
7.47 4.67 8.32 3.09 7.05 3.01 6.94 8.55 8.97 2.68
4.61 6.80 1.04 2.69 9.88 5.08 2.65 8.81 9.43 1.18
7.99 3.15 1.00 2.68 1.85 1.25 6.05 5.26 3.80 1.43
5.51 7.57 9.64 4.09 3.26 5.50 8.95 5.62 7.83 5.37
9.91 7.68 3.63 9.75 2.63 1.42 6.44 2.09 3.67 1.95
5.64 2.07 5.56 9.54 9.97 8.86 9.33 3.33 9.51 5.71
7.14 2.33 3.34 8.12 5.08 9.65 3.96 1.32 4.82 5.16
5.28 8.18 4.46 5.01 4.86 2.98 8.10 4.42 4.30 9.14
5.55 1.31 6.95 5.82 4.05 1.38 8.07 8.64 2.34 9.03
4.78 9.10 9.16 6.28 8.34 1.11 9.92 1.13 4.77 6.34
1.70 8.17 8.75 9.20 7.62 9.10 7.07 7.92 9.57 5.17
6.46 4.85 4.31 1.06 2.40 9.67 6.62 2.55 4.58 1.09
2.50 4.41 6.94 7.60 5.43 7.54 8.03 1.10 7.54 5.77
3.23 9.78 9.18 2.71 7.43 6.63 8.08 3.03 9.18 9.48
2.59 1.22 4.11 1.72 9.02 1.20 4.27 1.93 8.18 3.28
2.53 2.53 5.90 1.88 5.19 6.32 5.43 9.71 1.65 9.84
3.22 1.25 9.69 5.58 2.31 9.27 1.67 9.46 2.18 5.00
8.95 7.06 1.51 6.05 9.86 2.23 7.87 2.06 2.01 5.84
5.02 7.43 8.56 4.97 6.43 5.87 5.81 9.85 9.38 6.17
8.03 3.62 1.91 5.28 5.38 6.97 2.38 5.02 3.73 6.45
8.71 4.35 6.66 7.18 4.09 8.30 5.92 4.76 8.82 1.08
6.33 6.83 4.31 7.77 2.89 9.38 9.79 9.48 8.33 1.35
3.80 5.12 6.15 1.21 6.74 2.88 1.51 5.39 3.85 9.38
4.83 3.25 3.19 7.95 9.20 6.62 8.81 2.82 1.49 1.46
2.57 5.74 4.46 4.78 1.25 4.08 9.25 5.83 6.58 9.71
3.37 3.79 7.97 1.08 8.51 7.80 9.21 8.33 4.01 3.32
7.05 5.17 1.24 1.63 9.62 4.01 7.65 6.54 4.19 4.33
5.52 9.69 8.65 1.68 8.50 6.58 3.14 1.56 7.74 3.58
3.35 9.99 1.54 5.50 5.05 2.68 8.69 2.28 3.21 8.72
4.73 2.66 9.07 7.35 3.88 5.49 4.26 5.45 4.67 4.67
3.10 4.13 5.11 2.06 6.34 6.24 7.06 7.31 7.54 6.48
4.98 4.40 4.04 2.10 1.69 2.53 9.75 5.36 5.45 1.03
9.66 5.73 4.15 6.91 3.44 4.02 8.96 9.37 8.34 8.50
4.16 6.79 8.48 1.30 3.82 3.60 9.02 6.39 8.86 7.53
7.84 2.95 1.51 8.05 6.50 6.15 7.01 6.29 2.81 1.93
2.94 6.98 8.21 3.82 4.58 7.02 5.29 3.39 6.91 5.69
3.03 8.44 4.40 3.34 9.45 9.36 2.03 7.17 7.40 2.24
1.78 7.72 4.48 5.02 8.35 2.65 6.08 6.32 6.38 1.39
8.85 6.45 2.90 2.92 4.89 5.76 1.27 1.12 9.95 2.97
5.21 5.54 2.91 9.17 6.91 2.84 6.61 6.02 2.90 5.15
1.23 3.41 9.53 9.95 6.80 7.48 5.18 8.97 1.20 8.35
3.00 2.51 2.03 9.03 2.10 1.35 7.15 1.88 3.82 1.51
6.48 5.98 2.93 4.90 8.76 4.91 4.61 5.37 5.00 2.58
4.64 5.96 5.46 2.56 7.54 7.48 8.37 6.41 9.43 1.91
1.19 8.22 7.24 3.39 6.85 5.29 7.67 7.13 6.28 9.53
5.40 8.32 3.62 5.71 2.09 4.80 2.06 5.58 7.42 9.22
5.63 4.74 5.00 4.55 1.36 4.13 4.49 9.22 7.02 4.39
6.08 5.07 9.98 9.44 9.69 3.76 1.45 6.82 1.00 1.74
7.42 6.15 9.59 9.68 9.07 9.33 9.76 5.76 3.56 9.34
2.68 1.03 5.98 6.68 3.01 1.84 1.42 5.08 3.09 9.26
4.57 8.21 8.29 8.47 2.56 7.41 5.59 5.91 7.54 4.65
3.39 8.66 6.56 2.70 5.66 2.57 1.42 2.62 6.49 3.07
2.35 6.46 4.53 7.39 9.22 5.57 9.29 8.25 6.38 3.80
1.13 4.41 1.89 5.95 6.68 5.40 3.83 4.16 6.46 4.56
7.13 6.99 1.40 9.97 2.29 5.36 1.14 5.89 5.78 6.00
3.92 5.09 7.13 5.09 7.44 4.43 2.87 9.07 7.89 5.58
7.96 5.24 7.10 4.35 6.22 9.35 6.22 5.29 3.98 4.21
3.83 3.97 9.32 6.71 9.54 4.04 3.10 3.57 1.20 7.79
5.87 5.50 3.77 6.64 5.32 5.76 3.55 8.81 8.60 1.90
3.90 3.56 8.69 5.40 3.59 4.64 3.09 9.52 9.07 7.40
1.54 3.50 7.15 3.71 2.60 8.13 9.21 5.98 5.05 6.23
6.36 8.04 4.66 7.71 2.04 8.23 9.42 2.88 6.53 3.59
8.45 7.62 7.83 7.52 5.13 8.86 2.99 8.98 3.42 9.29
2.26 9.77 3.47 7.68 6.29 4.98 2.96 1.28 9.25 6.65
6.03 8.53 9.94 7.82 1.12 9.74 9.54 6.17 3.49 2.42
6.58 1.07 6.21 5.20 9.59 2.10 2.20 8.43 2.13 7.48
2.26 5.52 3.23 4.99 6.00 5.19 4.99 7.54 5.00 6.93
9.80 7.24 2.89 8.77 5.11 5.52 8.85 9.73 8.91 9.33
4.89 7.50 3.81 3.62 3.92 2.96 3.65 3.16 7.44 6.73
9.21 2.57 2.82 9.59 9.71 4.96 8.90 7.79 6.55 2.00
5.60 8.53 2.99 8.83 2.58 9.08 6.75 1.42 9.09 4.49
1.47 9.07 2.00 7.56 6.90 2.54 3.50 4.24 8.69 3.58
3.27 6.98 6.44 7.73 3.71 2.22 6.07 3.26 3.78 4.25
8.31 6.45 2.89 2.74 8.57 6.89 7.47 6.03 8.76 3.20
9.01 6.94 1.78 3.21 7.03 7.51 5.74 9.11 5.25 4.07
6.67 2.42 8.67 2.38 9.80 4.07 5.17 2.27 4.91 7.29
8.44 9.79 2.15 4.08 3.21 8.42 9.78 8.43 1.62 2.30
1.44 9.04 6.16 6.31 3.94 4.11 1.40 7.14 7.87 9.63
8.26 9.07 2.57 3.58 6.41 2.28 4.56 7.74 1.40 3.49
9.06 6.06 8.65 3.21 8.37 3.60 2.55 3.27 4.38 3.87
3.80 4.12 2.52 8.68 3.25 3.65 3.61 7.94 9.00 3.21
7.83 2.44 6.84 1.42 7.50 7.81 8.70 7.39 3.37 4.61
3.96 8.29 4.27 4.17 3.57 5.60 3.54 3.42 3.76 9.81
8.29 7.19 6.61 6.64 3.92 7.11 4.91 6.85 1.92 9.70
3.67 8.62 6.23 7.78 1.34 8.05 4.76 2.50 9.55 6.32
4.65 6.39 4.26 4.79 4.00 8.68 9.93 8.71 8.01 1.05
6.19 1.58 1.91 2.16 5.84 8.94 5.23 5.39 8.10 7.00
7.27 4.46 6.27 7.72 9.37 5.56 4.17 5.21 2.89 1.21
2.93 2.01 7.82 1.19 8.01 7.71 9.72 7.17 3.99 3.63
1.87 9.58 1.68 9.00 7.88 4.82 4.74 3.73 6.90 7.42
8.92 8.45 8.32 7.91 9.25 5.19 1.65 9.05 9.73 8.89
9.11 8.59 1.26 3.28 1.26 3.99 8.23 3.03 8.08 8.19
5.58 8.48 6.66 1.69 3.69 6.66 4.19 7.91 2.96 2.14
3.75 3.16 7.83 6.25 2.84 3.07 5.19 9.37 9.61 2.00
1.73 5.21 7.83 3.43 8.70 5.41 6.65 9.00 7.99 4.46
5.26 7.23 4.76 4.01 7.11 5.84 3.81 7.09 3.39 3.20
1.42 5.79 6.50 1.75 4.98 1.31 6.88 3.12 9.06 7.12
6.06 4.88 2.18 7.69 9.98 4.23 2.43 7.31 1.40 6.75
9.20 4.17 6.25 2.74 5.46 7.67 6.73 3.22 4.87 5.79
1.37 6.37 8.25 8.67 7.31 8.17 2.55 2.48 7.91 6.09
1.85 9.34 7.62 1.24 3.78 4.70 9.83 4.44 9.18 2.93
4.37 9.46 1.28 6.15 3.67 2.22 7.52 1.69 6.36 8.79
3.07 4.91 8.77 2.21 5.38 6.53 4.17 9.04 7.04 4.84
4.35 7.88 9.00 5.95 9.14 4.73 7.74 5.82 3.26 3.06
6.98 5.44 6.30 1.18 8.40 9.09 3.86 1.28 1.40 1.30
8.33 8.83 1.70 9.16 7.00 8.30 7.55 8.75 3.53 9.88
8.45 8.82 2.73 7.48 4.62 9.64 2.86 9.48 5.68 6.83
9.13 5.47 3.48 7.62 8.82 7.68 2.35 5.56 6.41 7.03
9.07 5.04 1.95 3.18 4.59 4.28 8.87 8.95 8.77 4.18
8.05 9.06 5.43 8.63 9.20 8.50 7.70 5.27 7.69 9.36
8.44 1.91 2.75 7.13 9.45 9.45 4.08 4.47 9.62 6.93
1.53 1.28 8.50 2.77 8.52 2.98 3.05 1.61 4.03 4.17
1.78 6.84 5.02 6.83 9.77 7.09 2.22 2.67 7.68 9.92
3.65 5.00 6.70 5.83 2.58 6.36 2.47 9.60 6.81 6.26
3.94 8.21 7.00 7.75 7.19 5.98 5.25 9.50 9.07 4.09
2.72 9.27 2.51 5.75 9.96 4.83 9.58 7.02 5.40 5.45
4.39 9.44 7.22 9.78 1.18 1.91 4.68 3.46 8.36 1.98
7.20 7.68 6.95 7.68 6.56 1.96 9.50 8.27 6.78 3.08
5.60 9.21 2.22 2.52 7.06 6.09 1.03 1.61 5.38 7.03
5.32 9.20 6.87 1.61 1.82 8.46 9.57 2.50 9.37 5.54
8.33 9.09 3.67 1.29 4.16 4.29 4.03 9.32 2.38 5.36
5.28 3.44 7.82 8.34 3.42 5.85 1.05 1.99 3.13 1.10
1.55 3.15 4.47 8.50 1.89 6.04 9.18 6.76 9.70 8.49
5.87 5.09 3.47 1.01 5.72 3.73 5.84 6.38 3.44 9.79
5.46 2.79 2.71 8.54 5.14 5.07 5.09 7.82 7.10 7.73
8.95 7.90 2.29 8.61 5.00 1.25 8.16 5.27 7.87 5.89
7.26 7.50 1.08 5.45 7.28 6.87 7.92 1.48 4.84 7.89
8.15 1.63 1.21 7.41 8.43 6.04 8.37 8.79 2.84 8.49
7.58 7.87 8.58 7.68 6.72 1.01 3.81 1.87 3.30 3.51
1.14 2.04 2.45 1.12 9.35 9.19 7.43 1.42 5.62 4.65
2.94 2.08 6.05 6.62 8.94 1.95 8.00 1.98 4.77 4.93
2.15 5.50 2.32 5.30 9.05 9.84 4.09 1.00 4.92 8.03
3.94 6.73 3.36 9.33 4.12 6.41 4.72 1.49 2.76 9.83
8.18 7.84 7.32 9.22 3.89 8.81 6.07 9.81 2.07 6.10
6.92 4.77 3.38 7.27 7.25 7.40 7.08 4.85 5.91 6.37
5.51 9.30 9.78 5.64 1.05 4.95 8.56 3.51 6.33 9.50
9.84 2.71 9.37 7.99 8.94 2.23 5.98 3.95 6.12 7.42
2.22 2.39 9.55 5.14 6.55 9.44 2.19 4.42 8.63 3.11
5.80 2.21 4.38 8.93 8.45 1.25 9.12 1.82 2.93 1.92
7.19 6.93 6.34 3.65 8.11 9.81 4.04 3.11 8.13 2.42
9.53 9.77 2.43 8.23 9.08 2.94 4.26 4.53 8.13 1.98
9.94 4.72 5.30 6.28 7.74 1.34 4.57 7.81 4.45 7.68
1.67 9.30 5.83 5.91 9.32 1.10 5.68 8.03 9.39 2.06
7.46 4.13 7.31 6.39 1.42 7.83 3.42 2.63 3.72 7.71
9.56 1.49 9.57 2.44 8.67 1.53 3.28 3.66 4.83 7.39
5.33 7.41 3.18 2.25 3.29 4.25 3.83 7.49 1.82 9.09
7.04 6.10 7.64 6.03 6.63 9.40 4.72 8.63 5.84 3.52
8.20 6.65 7.41 3.24 1.37 1.19 6.03 4.12 6.91 2.93
1.79 8.33 7.04 6.48 3.43 8.82 7.90 1.92 2.37 2.11
2.43 3.31 9.29 1.21 7.61 3.65 7.64 4.25 4.95 9.23
3.17 7.95 5.77 2.42 6.03 7.87 3.65 3.33 8.09 9.18
3.19 1.26 7.01 4.95 3.37 7.41 8.36 2.37 8.84 1.78
8.75 7.10 1.08 5.68 1.05 6.27 1.86 5.14 6.44 5.03
3.21 9.80 1.25 2.01 9.86 2.80 4.21 7.79 6.63 8.97
7.22 2.95 3.01 2.10 9.19 4.40 8.93 7.14 9.30 4.46
5.04 4.55 8.33 9.39 4.16 9.84 5.06 5.19 3.82 1.80
1.37 6.32 8.67 6.96 5.13 9.84 5.39 1.46 5.24 5.11
5.90 4.95 3.66 8.30 1.64 4.74 2.53 2.99 4.91 6.44
4.26 5.05 8.18 4.26 5.86 1.28 6.41 5.33 7.93 7.52
8.86 8.48 8.52 6.60 5.86 5.62 8.52 4.11 6.82 1.76
3.67 4.43 4.04 1.83 4.46 4.20 9.65 9.14 1.32 3.20
3.86 1.01 7.70 9.13 5.73 8.01 1.82 6.81 6.20 4.74
1.04 3.69 8.70 1.50 1.16 6.49 6.01 8.56 4.57 3.67
3.63 6.71 7.76 9.57 3.75 1.17 1.73 4.71 9.70 4.68
3.61 6.14 1.19 1.40 6.02 9.43 7.65 8.81 5.83 6.53
4.23 5.92 8.43 2.87 9.21 7.00 9.24 1.59 6.53 3.45
8.21 1.83 8.04 3.07 4.06 2.08 6.65 1.25 6.01 7.49
6.22 8.32 2.54 4.28 2.50 5.40 9.37 9.39 1.53 3.64
3.63 6.17 7.33 1.76 5.32 9.64 2.54 6.38 8.95 2.38
4.89 5.31 3.80 8.03 6.27 5.68 7.18 9.28 8.32 4.45
4.46 2.44 6.69 2.35 8.76 3.61 5.74 1.65 9.26 8.92
9.66 9.38 4.81 1.13 8.09 5.31 1.56 3.42 2.67 4.23
4.54 6.63 4.72 9.46 3.79 1.12 2.12 2.18 1.77 5.86
9.92 7.10 2.88 3.58 5.49 3.44 4.39 3.41 8.62 6.37
3.30 2.61 4.88 1.60 9.96 4.38 5.17 9.64 7.35 2.94
2.43 4.48 3.57 4.01 5.84 8.84 7.34 3.65 5.26 7.19
5.74 2.48 1.52 5.77 1.97 7.05 6.28 2.79 4.27 4.82
5.78 9.84 1.93 9.04 7.81 6.89 6.79 5.59 9.17 1.04
3.88 4.38 2.34 5.91 8.13 1.05 6.89 4.20 3.88 3.59
1.95 7.36 3.18 1.54 4.00 7.31 7.38 3.32 4.13 2.01
2.90 6.52 2.76 3.87 1.82 1.15 5.75 4.05 7.69 5.36
9.61 3.68 4.39 2.75 2.36 4.51 9.95 6.77 5.77 8.54
1.71 6.30 6.08 5.30 1.55 2.46 6.62 8.24 9.13 6.10
3.04 7.11 6.18 1.46 2.86 3.05 3.15 7.99 8.01 4.42
7.07 9.07 5.37 8.89 1.28 7.19 1.57 5.48 5.81 2.82
2.91 6.95 7.97 5.15 9.14 4.22 1.91 1.20 6.19 9.44
4.90 5.18 9.43 3.49 2.70 2.30 3.87 8.21 9.32 7.52
9.05 9.19 4.31 8.42 7.96 5.87 6.76 5.76 3.95 3.64
1.76 8.49 3.63 7.39 8.27 2.09 7.32 2.10 5.08 7.64
2.24 1.17 8.92 8.91 7.25 7.33 2.59 1.83 7.59 9.16
3.82 7.48 9.16 5.84 8.13 9.95 8.04 4.12 2.65 6.86
3.82 3.81 3.52 9.87 7.15 1.58 9.69 2.38 6.51 6.49
1.13 7.19 7.05 7.23 3.49 9.19 8.81 4.26 8.76 8.92
1.63 2.28 8.78 2.12 9.15 9.33 2.05 6.27 1.39 8.93
7.24 3.31 3.74 8.42 5.87 8.47 4.35 2.04 9.04 7.37
5.80 2.88 6.36 1.83 4.91 7.80 3.84 6.75 1.21 6.21
2.14 2.10 7.06 9.19 8.94 4.17 3.16 4.92 5.90 5.99
1.19 5.25 8.49 4.70 2.07 2.99 3.38 3.03 8.33 3.68
9.22 5.01 4.27 4.86 4.90 1.59 5.79 3.72 8.66 5.77
5.81 3.57 8.04 1.14 9.05 6.38 2.70 4.49 4.34 2.03
4.70 9.42 4.65 9.89 5.83 2.09 5.80 4.19 7.69 2.80
6.34 3.16 8.89 8.16 2.87 2.89 9.54 5.51 7.65 5.81
9.73 6.91 6.40 9.09 5.18 7.39 6.77 3.68 3.90 3.29
4.89 8.85 2.11 2.87 2.70 9.88 2.16 8.69 3.03 3.98
1.95 6.18 3.33 2.63 5.40 5.78 2.63 7.28 1.65 4.38
9.74 1.41 1.77 1.48 5.17 1.03 4.49 3.68 9.83 4.16
9.41 1.98 4.08 9.07 8.57 2.00 6.73 6.57 6.07 8.47
6.31 2.37 1.76 7.17 9.90 5.66 2.22 1.44 3.78 2.57
8.75 9.73 4.25 2.27 9.32 8.29 9.54 6.10 3.39 6.72
3.23 9.49 4.72 3.11 4.77 3.33 4.87 6.31 9.56 2.59
4.12 1.06 1.48 7.53 6.22 2.16 8.71 4.06 4.60 5.28
2.04 8.47 9.35 7.37 2.74 4.25 5.44 4.16 6.75 1.54
8.65 5.13 2.36 6.40 1.17 1.86 6.87 3.47 7.65 8.32
9.89 7.58 3.00 3.14 8.61 3.46 6.93 6.83 2.98 5.12
3.09 9.56 4.50 6.42 3.68 9.22 4.25 9.71 8.98 4.97
9.49 9.13 4.33 5.43 2.63 5.36 3.28 1.88 5.95 6.27
9.51 9.02 9.08 2.03 3.03 1.74 4.19 3.24 3.26 5.49
8.16 8.49 6.44 7.98 2.99 3.80 9.43 4.80 2.72 9.38
8.43 4.16 2.07 4.66 5.59 1.65 1.33 7.23 6.09 4.15
7.33 7.41 2.04 4.06 1.67 4.06 8.32 4.67 9.28 8.97
6.70 1.35 2.58 2.73 6.63 2.93 6.21 5.53 7.55 7.36
1.28 6.44 9.64 9.27 6.27 7.68 7.31 8.03 7.34 6.41
1.35 3.94 1.28 7.53 3.10 1.66 8.18 1.12 9.65 8.97
4.25 1.79 6.87 2.06 4.53 8.57 5.44 5.99 6.21 8.35
7.82 5.20 3.52 3.11 2.97 5.13 4.89 5.64 1.85 7.53
6.53 6.67 1.74 8.36 9.22 9.37 2.81 3.85 1.91 6.86
1.94 2.75 2.12 7.71 9.90 4.64 4.24 8.63 9.56 5.15
7.18 1.62 5.30 4.42 4.97 7.37 8.60 2.10 9.40 9.04
6.67 9.86 1.00 7.28 9.51 9.36 1.17 5.54 1.88 1.65
10.00 2.88 3.74 8.30 6.43 5.48 1.53 7.29 7.72 2.43
4.29 4.24 6.09 7.04 3.83 2.53 9.12 3.16 1.04 4.47
4.92 5.58 7.66 3.54 6.96 3.92 9.75 2.74 6.47 7.94
3.76 8.91 1.87 9.10 5.62 2.42 1.35 5.25 1.38 9.30
9.98 2.82 8.98 1.46 6.59 9.44 9.32 6.23 8.72 5.14
9.61 6.16 4.30 6.28 9.42 6.20 1.78 6.58 5.97 9.92
3.25 5.28 1.62 7.00 9.32 2.40 3.59 3.21 2.02 4.54
7.44 5.72 9.55 1.31 5.21 1.73 1.30 3.76 6.73 9.70
1.74 5.76 7.76 5.05 1.52 9.00 3.34 6.12 6.42 3.42
1.64 4.02 1.30 2.66 1.89 9.93 5.67 3.66 4.47 4.63
8.94 1.00 7.48 8.67 5.45 9.94 6.60 9.28 7.33 9.00
8.93 8.12 3.41 1.59 9.76 3.62 7.07 9.76 5.09 6.11
3.87 8.15 6.36 9.50 4.05 5.48 5.86 3.16 2.97 9.29
1.53 1.76 5.47 9.90 9.83 3.54 4.26 8.99 4.37 7.48
8.30 4.62 2.65 2.33 2.20 3.57 7.97 3.34 2.09 4.93
4.81 9.09 3.49 6.25 4.92 1.41 1.98 1.41 3.86 2.08
6.95 3.71 1.65 8.86 9.53 4.10 1.47 8.72 7.86 4.86
4.54 4.44 6.01 7.84 5.29 8.99 2.72 4.53 1.10 4.08
5.58 5.98 1.06 7.77 2.71 5.83 7.15 8.82 7.09 1.29
1.91 5.18 4.87 1.65 4.80 7.34 1.10 7.60 2.41 4.84
5.74 7.75 5.08 5.56 1.54 5.18 6.25 8.89 4.19 1.67
8.40 9.66 8.44 7.14 3.39 7.01 4.49 2.80 1.64 1.62
1.64 2.86 9.09 7.56 5.40 7.11 6.09 8.47 3.60 4.96
5.09 3.00 6.37 8.69 7.35 5.26 8.41 8.26 5.07 5.00
3.71 6.29 2.98 3.52 8.50 1.64 5.97 6.93 5.06 9.73
3.70 2.73 1.56 2.85 7.33 2.66 8.02 3.68 8.96 6.35
7.43 4.19 7.56 7.19 1.67 7.70 1.19 7.99 5.75 2.53
9.25 6.48 1.36 7.96 9.67 6.09 1.63 7.41 9.25 1.74
9.49 3.55 2.65 6.34 5.87 9.41 1.49 7.44 1.95 6.96
3.12 1.92 1.76 1.53 6.03 8.34 6.14 6.05 7.63 9.54
9.02 9.03 2.49 1.66 4.38 1.26 9.79 2.11 4.77 5.60
3.34 9.03 10.00 9.20 1.57 8.86 6.66 5.01 1.34 4.87
4.05 1.84 2.87 5.21 7.40 7.17 2.52 4.16 2.10 2.14
4.39 2.69 5.93 2.93 4.14 5.41 1.62 6.94 8.93 4.29
4.82 6.30 4.29 6.07 3.09 1.10 2.47 6.49 4.06 6.42
3.84 7.09 5.24 5.01 9.14 4.07 8.08 7.44 4.44 9.42
2.12 9.34 9.94 1.84 4.65 8.11 2.15 3.68 1.94 3.02
6.96 5.10 1.91 3.21 8.02 8.17 3.95 5.49 9.01 2.46
6.66 1.25 3.13 3.74 4.00 9.47 2.18 4.44 7.99 1.61
4.39 7.35 5.63 8.76 3.90 2.14 3.15 2.36 8.63 9.45
3.71 6.53 4.96 6.82 8.07 3.71 1.62 6.61 4.25 5.05
1.58 2.18 1.70 4.22 2.69 5.34 9.57 5.72 5.03 6.76
5.68 8.34 8.31 9.01 2.72 9.91 7.48 1.61 1.29 4.26
6.69 9.76 7.07 1.78 2.98 6.03 8.29 1.65 8.15 8.02
2.72 8.59 8.36 2.29 1.84 5.88 3.87 8.30 3.51 8.50
2.80 3.64 1.46 1.79 3.97 4.11 5.81 4.58 6.34 2.28
7.34 9.17 3.84 3.17 8.75 5.76 4.66 2.64 3.62 2.51
8.52 5.13 5.64 7.44 7.14 9.87 3.71 8.29 9.38 8.93
3.88 6.14 8.95 7.33 5.93 1.16 8.14 6.18 6.94 7.59
5.49 5.75 2.86 4.60 8.92 8.71 2.59 2.44 7.69 3.79
9.47 3.16 4.71 8.01 6.23 1.99 4.16 7.89 8.62 8.00
8.57 5.26 1.66 6.25 5.52 7.64 1.36 9.02 4.19 4.26
7.41 4.60 3.48 2.07 5.36 6.14 9.21 3.72 6.18 9.40
7.98 8.70 1.27 2.36 2.28 8.70 2.76 4.16 6.17 6.21
8.57 5.49 5.96 9.18 6.68 6.10 4.97 8.46 7.59 3.56
5.22 2.69 9.16 5.08 5.03 6.56 4.76 9.54 1.93 3.42
9.61 1.16 4.46 1.81 8.12 4.89 2.45 6.02 6.23 6.28
5.65 6.30 1.25 5.62 1.86 5.77 3.07 3.16 9.09 4.44
6.62 8.90 1.47 9.66 2.19 6.95 3.80 4.03 8.89 2.24
9.69 1.90 4.38 6.26 6.39 2.89 7.26 1.77 2.56 1.81
4.18 5.89 2.73 1.96 2.95 9.09 2.99 4.16 10.00 9.56
1.02 1.84 7.88 5.52 5.83 3.19 3.37 3.39 3.12 5.33
5.00 8.29 1.28 5.83 5.24 1.37 5.79 4.70 3.44 9.21
2.72 1.86 7.44 1.63 8.48 5.59 6.61 7.66 9.29 3.41
5.60 2.98 5.70 2.32 1.14 1.60 5.31 5.92 7.14 8.41
2.44 1.24 4.96 5.42 7.70 8.46 2.53 4.26 8.63 5.88
2.60 7.73 5.03 8.01 1.56 5.27 8.89 5.31 3.93 3.89
7.62 3.90 5.32 7.55 6.64 3.46 6.24 5.09 1.30 9.39
6.97 9.82 3.17 8.75 7.59 9.49 9.78 2.01 8.42 9.63
7.75 4.17 4.63 6.25 9.49 6.26 8.27 2.32 5.06 8.08
9.60 7.55 1.57 8.82 9.52 5.57 2.60 3.68 1.84 6.00
6.65 3.29 4.46 1.03 7.70 3.92 9.05 4.30 3.68 4.44
2.04 1.53 1.68 4.27 7.12 2.71 2.33 7.40 5.91 8.28
8.12 3.84 8.50 6.58 8.46 9.14 5.92 1.23 2.18 3.23
8.01 7.93 8.43 7.11 1.47 8.24 9.04 2.46 2.78 3.44
4.24 3.02 4.79 5.31 8.94 7.89 2.55 9.74 5.80 1.27
4.21 4.72 4.12 4.59 5.67 8.78 8.98 3.68 5.12 2.49
6.93 4.69 9.32 5.06 2.73 9.29 6.15 2.34 6.14 8.55
7.66 4.87 3.54 4.45 1.74 4.29 2.66 6.60 3.31 7.07
3.08 5.65 7.98 6.97 8.13 6.95 7.71 4.87 5.39 9.52
5.90 9.74 3.29 7.68 1.42 1.77 5.17 4.22 2.89 4.87
9.44 2.25 2.11 5.86 7.96 3.80 4.35 2.71 8.39 9.26
4.35 7.44 4.25 4.42 7.04 4.58 4.51 1.66 3.65 5.80
3.38 1.17 3.31 6.45 1.40 1.95 9.94 3.42 1.59 9.38
3.11 8.06 6.15 9.49 6.43 2.30 1.78 9.59 9.48 4.63
3.18 6.31 2.76 7.93 3.92 5.26 4.54 8.49 4.20 3.24
3.46 3.05 2.95 5.38 8.77 8.66 2.35 6.12 4.96 9.20
9.15 9.27 7.10 2.24 2.70 9.26 8.22 8.71 2.35 8.58
3.92 8.28 2.61 5.66 6.87 8.86 6.01 7.64 6.30 9.28
3.93 9.71 8.32 9.90 6.30 4.44 9.59 4.42 7.63 5.01
2.24 3.25 7.65 8.11 1.28 4.68 9.48 5.70 1.08 9.32
3.54 3.79 6.98 9.42 1.73 6.79 2.05 8.66 1.96 2.44
6.84 5.71 4.70 5.37 5.07 5.83 5.63 4.53 4.19 7.34
3.56 4.65 2.79 7.78 9.90 1.28 1.30 7.81 4.57 7.77
7.18 6.43 8.71 6.51 9.81 9.74 5.55 7.63 3.83 3.79
9.20 4.22 2.92 7.37 2.07 2.67 1.52 9.20 6.89 4.09
4.87 2.60 8.63 9.02 1.93 3.27 1.57 7.14 3.25 5.04
4.36 2.65 8.16 1.98 7.09 9.44 9.49 2.34 6.25 4.08
3.31 3.17 9.08 2.69 4.38 9.45 5.75 2.04 9.82 8.65
2.36 9.54 5.76 4.34 2.25 2.63 2.30 7.55 5.34 8.91
8.00 7.04 9.06 5.16 2.57 4.22 9.33 8.26 6.30 3.00
1.59 2.45 7.65 2.21 3.97 1.19 7.05 8.03 1.35 5.37
7.77 8.93 4.57 3.72 8.96 6.06 8.67 3.52 3.79 8.84
2.31 6.34 3.34 9.61 2.23 5.40 8.91 7.82 4.87 5.67
1.55 5.13 7.31 9.49 2.39 2.38 3.26 8.01 5.58 3.28
9.87 1.82 5.40 5.01 7.32 4.29 6.43 7.57 2.38 7.35
8.92 1.83 5.27 8.86 4.72 8.14 7.71 9.12 6.43 6.17
7.04 7.22 2.87 7.77 6.00 7.18 5.88 4.20 2.27 7.27
1.01 5.08 6.38 1.32 9.18 9.25 2.52 6.44 7.00 3.22
8.96 6.98 7.58 7.30 6.20 5.67 4.24 2.66 1.86 7.54
2.76 5.80 5.60 9.21 2.42 2.91 2.77 2.69 7.66 4.51
7.41 9.71 1.78 2.71 7.55 9.99 6.79 3.29 2.18 9.00
3.99 4.08 2.36 3.01 3.15 1.11 8.11 1.73 2.22 4.52
1.93 4.95 4.67 8.90 4.55 6.40 2.73 9.55 9.73 1.06
3.87 4.48 8.74 9.94 9.28 9.93 9.83 5.11 4.21 3.54
8.61 4.83 7.77 8.56 9.72 1.32 9.44 6.99 1.09 5.21
8.22 2.43 8.08 1.57 3.31 2.45 2.43 6.70 5.74 2.95
2.46 7.89 4.22 4.55 8.41 1.18 2.82 7.65 1.49 2.98
8.05 1.94 9.92 4.00 9.28 9.66 1.35 5.29 5.62 1.54
4.21 1.91 1.92 6.27 8.58 9.03 4.53 8.83 9.71 4.40
4.74 7.04 6.36 5.73 4.40 2.14 4.68 2.74 9.79 8.01
7.49 6.72 6.73 2.19 5.98 1.83 1.32 9.47 3.45 5.31
8.92 4.45 7.87 3.93 1.40 7.75 6.56 7.15 6.44 4.32
5.55 7.13 6.53 8.76 4.90 1.08 5.67 4.99 1.98 6.42
3.66 9.79 6.51 2.85 5.33 2.42 4.27 7.46 3.62 7.67
5.68 1.31 3.31 5.52 4.62 8.27 3.75 5.92 6.79 1.72
4.41 8.62 5.05 6.30 3.12 9.86 7.08 4.36 6.82 5.32
1.03 8.95 5.16 2.14 8.67 9.06 1.69 4.79 9.47 7.29
7.90 9.66 8.42 6.46 9.83 2.59 6.95 8.63 8.94 8.44
4.38 9.34 4.48 7.26 9.19 8.06 2.93 7.90 8.10 7.59
3.18 9.19 2.65 4.55 4.07 9.74 9.92 3.84 8.07 9.86
1.80 4.16 8.84 6.72 1.68 8.91 7.95 7.18 6.77 6.57
3.80 7.07 9.75 6.67 2.66 6.73 6.13 9.80 4.74 5.47
2.20 5.98 6.39 9.14 5.73 8.72 6.02 1.85 6.01 8.34
5.90 3.87 9.72 5.58 2.95 7.34 4.02 2.71 6.65 1.82
6.28 3.49 6.32 2.03 4.81 4.06 7.48 8.99 1.45 1.49
8.53 8.70 2.60 4.90 1.38 4.41 6.80 7.65 7.20 5.42
2.13 5.51 4.69 3.79 8.59 4.43 7.11 2.29 3.98 1.15
5.57 4.11 7.07 1.37 1.72 3.66 7.66 6.73 5.37 7.69
8.26 8.10 5.18 7.80 1.18 8.57 4.45 8.76 3.53 3.71
8.07 6.46 3.23 5.89 3.96 4.30 6.60 7.75 9.40 4.11
8.51 2.42 4.50 8.58 7.63 8.19 9.76 9.24 7.03 8.85
3.68 8.50 5.45 7.41 1.14 3.25 1.55 4.01 7.64 6.50
5.66 5.74 7.42 4.11 1.23 7.12 8.75 7.05 3.41 7.90
8.25 9.99 6.65 3.54 3.81 7.59 8.09 7.13 8.01 3.20
5.95 8.86 3.38 2.95 8.96 4.34 1.04 4.43 3.18 7.27
6.51 2.26 4.10 2.89 9.47 8.70 5.25 9.17 9.60 7.59
7.38 1.68 9.06 8.49 9.94 9.92 8.95 5.80 4.15 7.27
2.66 5.78 1.56 9.17 1.28 3.22 7.41 5.60 8.87 1.41
5.60 3.41 5.23 4.89 6.37 3.56 9.60 1.98 6.25 3.20
6.94 8.52 1.44 7.44 8.92 1.47 9.54 6.40 1.81 4.98
1.91 5.87 8.62 3.47 4.02 9.74 6.50 3.13 5.65 9.67
9.75 7.42 9.72 6.34 9.91 7.51 2.43 4.63 9.76 6.28
1.53 7.01 9.29 7.34 9.23 8.25 4.70 1.93 6.84 3.83
7.05 8.73 7.30 7.22 1.98 1.56 8.77 7.19 2.78 2.34
4.05 7.72 9.38 2.15 1.13 8.21 5.81 7.95 3.19 3.59
1.75 3.59 4.68 1.68 4.10 9.85 2.09 9.17 7.85 7.24
3.55 8.48 4.82 8.60 2.57 5.38 4.23 5.59 7.57 3.75
7.98 7.12 1.01 5.89 8.62 1.99 3.13 1.43 2.62 2.81
9.67 5.51 7.46 6.40 9.32 8.26 5.59 7.49 2.88 9.92
9.80 3.54 8.57 1.89 7.64 4.08 3.10 3.13 9.77 5.79
5.54 2.44 2.32 3.48 1.63 8.26 6.51 2.85 4.63 2.13
8.21 9.96 9.79 5.87 4.41 3.80 4.95 5.60 4.39 3.64
9.45 9.36 8.96 3.79 6.00 8.63 7.01 5.56 7.44 3.30
7.91 8.76 3.16 5.11 1.69 6.68 6.38 2.57 9.23 5.45
8.96 3.77 1.68 8.10 1.20 3.90 8.68 6.69 5.84 6.53
4.96 9.14 7.67 5.46 8.74 2.90 2.78 2.00 2.54 6.12
3.28 3.75 1.93 2.60 8.93 3.61 1.35 6.84 4.45 7.14
8.64 3.49 4.69 8.63 5.18 7.03 8.83 3.18 8.62 3.73
4.90 6.28 2.59 5.27 7.55 9.16 9.73 9.64 5.15 9.47
7.60 9.40 5.25 8.42 4.76 9.84 8.45 7.39 3.94 3.55
9.38 9.48 8.19 1.22 3.99 7.95 7.65 5.29 7.52 5.84
9.26 5.20 2.95 5.51 7.18 4.69 2.31 4.70 6.93 9.21
9.42 2.23 5.35 4.14 7.07 7.44 1.06 7.71 3.02 9.93
8.84 3.65 4.33 7.19 9.92 8.18 4.82 3.54 1.46 5.59
9.05 4.30 2.31 7.65 8.53 4.42 3.43 7.74 2.23 9.61
3.78 8.97 4.25 1.80 3.98 4.42 3.68 8.28 2.57 6.66
9.86 5.16 2.57 7.97 8.82 6.27 1.08 7.61 2.39 3.44
1.93 9.73 9.44 5.61 5.00 8.81 7.73 9.81 5.56 5.69
1.21 4.21 3.95 4.43 5.89 6.14 3.95 7.85 2.81 2.28
4.60 4.88 6.25 1.22 1.81 2.14 7.62 3.26 2.14 7.72
4.25 9.10 7.80 2.83 6.99 8.82 8.45 2.42 9.57 2.01
6.66 6.08 7.85 9.35 3.06 3.25 8.19 9.94 1.13 1.93
5.84 3.92 4.36 8.34 2.52 9.23 4.50 4.21 9.17 7.78
2.22 6.31 1.15 7.86 5.47 4.32 4.08 4.53 4.11 8.65
1.25 6.52 5.73 7.31 1.62 7.32 4.04 3.62 6.39 7.70
6.87 9.33 8.42 1.29 7.36 4.94 2.63 8.14 1.11 5.38
6.81 1.90 8.81 5.63 2.54 2.65 8.86 5.46 1.38 9.34
5.88 3.81 4.73 9.77 6.09 8.83 2.39 1.41 3.15 3.42
1.86 1.71 3.63 9.40 5.95 7.08 2.65 7.08 4.95 3.73
6.67 2.40 5.59 3.06 2.22 7.59 2.37 3.41 9.01 8.22
2.28 2.13 2.96 1.15 6.94 2.26 8.87 5.14 5.31 4.76
8.24 9.89 1.52 9.54 2.83 9.09 2.23 3.20 4.79 7.02
9.91 9.35 9.75 7.96 1.96 2.54 2.09 8.22 8.04 9.87
5.37 1.47 2.99 5.87 4.23 5.80 8.11 2.16 7.67 9.08
7.94 2.59 6.12 5.99 6.51 2.19 8.52 8.62 6.01 2.64
7.47 9.45 2.79 4.15 3.80 2.26 7.60 6.23 4.18 8.18
2.32 5.53 4.70 3.65 2.71 1.18 2.94 1.35 5.91 1.21
7.74 9.55 9.71 6.94 4.04 8.10 2.23 4.82 8.29 1.53
8.29 4.79 9.36 7.98 4.66 6.93 4.80 3.54 5.31 1.45
2.38 5.58 1.56 4.63 3.89 4.08 2.88 8.83 7.90 9.58
9.64 2.79 6.63 8.66 3.30 2.80 1.96 9.94 7.79 6.82
3.78 9.70 6.03 3.56 2.93 8.37 9.60 9.32 4.00 5.55
5.30 1.89 5.73 9.01 9.53 5.09 1.35 7.93 9.86 6.73
3.73 1.59 6.30 10.00 4.64 3.61 3.67 8.88 8.13 4.77
1.03 4.01 4.74 6.12 7.62 9.68 7.88 9.42 9.06 3.77
3.53 7.19 3.14 5.77 5.17 8.87 3.41 9.68 9.83 3.33
9.50 7.72 6.36 3.05 4.11 1.08 5.93 8.02 8.56 7.65
2.21 8.72 9.13 1.74 3.60 7.87 4.61 9.52 3.38 1.58
5.50 2.35 3.74 3.65 2.69 1.38 6.21 7.04 6.99 1.05
8.75 4.81 6.53 2.12 8.90 9.99 9.57 8.35 8.03 1.86
4.43 3.39 8.76 3.94 6.34 4.72 5.39 7.37 8.45 1.40
1.66 9.92 7.91 3.82 1.90 9.78 5.52 5.69 7.74 9.98
2.75 8.43 8.17 9.35 6.94 7.10 1.04 8.87 6.16 5.36
3.79 6.66 4.65 2.69 1.48 6.78 2.38 6.11 3.56 4.98
2.59 5.99 9.42 5.51 9.42 2.54 5.92 4.45 2.99 2.53
1.95 8.57 8.62 4.80 4.69 8.14 5.25 4.73 2.22 7.49
1.23 3.10 4.74 7.56 2.74 5.49 6.55 3.13 6.71 8.16
9.99 8.75 9.76 5.64 4.06 2.28 3.84 3.34 5.73 9.36
9.76 9.45 3.12 6.51 9.57 9.91 2.63 3.05 7.40 1.49
7.34 1.48 4.07 8.93 1.23 2.42 7.22 5.26 9.69 4.78
7.36 1.65 6.58 5.77 1.29 6.78 4.85 2.49 2.04 2.34
1.11 9.62 6.14 9.41 8.07 5.72 1.79 7.72 7.07 6.11
7.73 10.00 7.84 5.33 4.59 2.72 4.28 8.42 3.62 3.80
2.59 2.57 2.88 7.68 6.72 3.21 4.57 8.15 6.80 9.69
2.40 3.74 3.22 2.82 4.92 3.73 2.20 4.63 2.29 9.60
7.01 8.42 8.01 1.46 7.36 4.70 3.66 4.22 8.14 5.92
3.40 6.35 5.76 3.33 5.78 7.72 9.18 6.09 2.07 7.43
5.16 5.28 6.03 7.96 7.82 4.67 5.53 1.94 4.64 9.11
2.36 8.56 6.31 1.62 6.71 2.70 3.70 8.73 2.76 8.06
3.03 5.99 9.28 6.88 2.80 6.45 7.73 5.59 8.27 4.79
3.41 3.02 6.42 9.88 7.50 9.71 9.27 2.90 6.81 8.08
5.41 8.63 2.13 4.05 5.56 9.80 1.29 1.14 6.17 9.23
6.12 1.06 3.27 2.67 1.39 7.19 3.21 5.69 6.84 5.02
2.42 1.49 2.92 4.55 7.69 4.48 5.09 5.41 2.84 8.08
2.52 1.97 5.45 7.62 6.12 1.41 5.28 5.96 4.05 1.20
9.95 5.43 4.73 6.14 4.45 7.66 2.29 2.74 3.79 7.62
8.35 4.70 2.31 2.69 9.97 9.92 9.21 4.35 7.88 5.97
2.08 5.76 6.70 8.55 1.98 2.79 5.32 6.59 2.22 2.02
6.94 4.61 8.80 9.15 6.06 4.16 5.38 1.89 3.52 1.72
1.38 9.08 8.99 7.89 3.29 9.19 4.30 2.99 6.04 8.16
4.79 6.34 1.80 9.81 9.54 6.82 4.65 9.04 1.59 8.35
3.99 5.97 3.70 7.25 8.81 6.76 1.58 9.78 5.98 1.58
1.27 8.20 9.90 1.59 4.10 9.60 3.60 9.50 4.03 2.01
2.02 3.92 3.03 2.24 8.99 3.51 5.69 5.83 1.79 8.82
6.74 3.99 9.51 9.87 7.77 9.15 7.07 7.35 9.01 1.05
7.47 1.69 2.47 3.67 6.74 5.23 7.71 4.64 9.75 9.59
9.34 6.01 8.84 3.73 3.51 3.51 8.11 5.48 2.31 2.96
6.10 4.94 3.94 9.23 8.93 3.09 4.85 5.98 7.16 9.12
4.23 7.23 2.84 3.73 6.37 5.13 7.75 4.87 5.95 3.12
2.93 9.58 8.64 4.99 9.70 1.59 5.85 2.74 3.26 4.56
3.06 6.79 8.28 6.15 5.93 5.44 1.37 4.85 1.90 1.90
9.98 5.13 4.96 9.67 1.64 6.80 7.15 6.14 3.54 2.13
5.64 5.79 2.21 6.04 7.39 9.18 2.87 6.29 6.48 4.02
2.07 8.12 1.59 1.92 4.62 5.26 1.30 9.26 5.39 9.05
6.89 8.68 9.87 7.04 9.40 2.30 7.26 2.23 3.36 1.69
1.14 7.79 1.44 3.18 8.70 5.53 6.34 9.00 3.46 5.28
5.68 5.41 7.07 4.00 5.28 8.57 4.42 5.94 5.68 8.94
5.08 5.04 3.99 7.69 2.80 5.29 3.27 5.44 6.95 1.31
2.15 3.97 2.36 1.95 7.25 7.21 4.95 7.28 1.88 2.31
9.26 4.77 1.81 3.27 2.11 2.36 8.85 2.39 4.92 8.12
2.09 6.37 2.11 1.10 6.77 4.96 5.40 4.38 1.44 5.69
7.27 9.40 2.91 1.64 6.17 7.87 7.19 3.59 7.95 5.50
1.23 3.14 2.59 9.83 6.37 8.16 4.83 4.69 8.61 6.75
4.79 2.32 2.83 1.25 6.97 5.77 1.80 6.08 4.53 5.70
4.41 9.71 2.51 5.72 3.33 4.50 6.86 7.47 8.57 1.42
9.56 9.91 1.53 5.04 5.76 5.43 7.99 9.21 3.60 2.12
2.03 7.65 2.33 4.92 3.49 3.87 1.42 2.26 9.88 7.38
6.95 4.98 10.00 3.44 8.07 2.49 4.18 5.38 9.71 3.18
6.30 5.23 9.24 9.82 5.71 2.50 4.40 3.22 2.43 8.85
1.82 5.16 5.32 8.30 1.81 9.80 6.11 4.21 6.31 9.05
8.33 9.09 3.60 2.93 6.78 3.41 5.36 5.84 3.40 6.77
2.44 2.50 3.13 7.53 4.18 8.15 1.32 2.43 6.41 5.92
6.52 3.72 6.39 5.43 5.57 9.39 9.55 5.31 2.63 3.29
8.39 3.62 1.41 2.15 9.26 4.35 4.00 2.39 7.90 2.96
1.10 4.09 1.32 9.86 7.50 7.22 1.36 8.25 8.09 2.34
8.90 5.56 2.86 2.45 2.89 9.54 9.13 3.00 1.89 10.00
9.20 3.65 9.79 1.75 6.21 9.52 7.23 2.18 6.49 2.49
9.10 1.94 3.67 4.05 7.11 6.87 6.48 2.70 7.59 9.64
7.82 4.60 6.00 1.76 6.75 1.02 1.78 4.30 6.22 2.83
2.24 2.82 3.70 8.00 5.49 5.69 7.37 4.32 1.02 6.12
6.03 6.85 4.32 6.56 1.04 2.84 3.69 4.34 4.23 2.37
1.71 4.07 7.33 5.52 2.41 5.64 3.76 5.79 1.62 2.52
2.82 7.20 3.94 1.31 9.90 8.07 4.20 6.24 8.22 3.66
5.29 4.24 6.22 2.38 4.94 2.94 4.24 5.83 3.61 1.78
2.04 3.29 3.74 8.62 2.92 7.92 1.01 4.31 1.37 2.72
2.53 3.19 2.10 4.60 6.25 8.87 4.98 1.94 1.39 6.20
2.37 1.89 3.51 5.02 9.39 4.48 7.33 6.89 2.81 6.09
2.48 9.76 3.10 1.31 4.25 5.98 8.04 3.45 3.06 3.49
9.53 2.01 3.92 8.06 7.99 4.69 1.25 6.91 1.22 2.85
4.93 5.51 7.01 5.48 2.38 8.29 7.03 2.75 1.74 7.24
7.53 2.35 9.19 6.68 3.39 2.68 6.23 8.76 5.16 8.85
2.50 9.43 6.00 5.21 3.38 1.61 6.66 8.02 9.07 3.27
8.79 1.92 3.28 6.75 3.80 3.90 9.41 2.71 7.50 5.75
3.02 8.13 9.01 3.95 4.67 6.60 3.33 2.10 1.13 2.89
5.70 3.98 9.42 2.65 6.55 6.24 3.97 8.84 5.26 5.79
3.92 9.74 4.93 2.37 3.53 2.19 2.99 2.24 4.20 9.62
6.47 4.61 4.30 9.80 5.96 8.42 2.41 4.24 6.01 3.23
4.82 4.29 6.04 3.79 5.77 6.70 5.97 2.85 7.07 8.57
6.77 1.27 1.55 8.62 8.47 1.95 5.92 1.94 1.77 7.21
1.19 9.66 2.11 2.61 8.11 1.57 8.08 7.91 3.20 8.03
6.71 7.49 2.77 1.80 2.99 8.74 1.65 6.80 1.21 6.35
4.29 7.16 9.50 6.71 5.36 9.90 6.88 8.41 8.09 7.20
2.00 7.67 2.70 7.75 3.90 5.28 5.93 4.92 1.24 4.71
2.52 4.00 3.72 8.04 5.24 1.52 7.35 4.28 3.53 4.00
4.50 1.88 9.59 4.06 2.11 2.43 5.02 6.42 6.73 9.38
8.09 5.56 6.52 4.11 3.67 6.26 6.52 4.58 9.18 6.62
5.26 2.34 4.48 6.48 6.95 6.01 9.39 7.08 5.14 8.53
4.35 1.40 3.69 4.81 4.72 4.97 8.74 3.55 9.78 8.28
1.88 6.80 1.87 9.51 6.56 2.03 1.47 9.39 3.86 3.63
4.29 8.52 9.49 8.06 3.63 8.25 6.02 6.79 8.73 9.47
3.94 5.22 1.83 8.13 9.43 2.00 2.87 4.29 8.21 8.55
2.47 1.08 8.06 1.33 1.97 6.14 9.64 9.60 4.62 1.12
6.08 5.26 3.39 1.99 2.14 6.89 3.40 1.77 6.59 4.79
4.77 2.73 5.86 9.94 8.52 3.88 9.21 9.99 1.78 9.76
9.71 9.26 9.07 3.80 4.37 7.50 1.66 9.22 3.89 3.60
8.35 7.08 9.72 2.53 8.29 4.79 1.37 7.50 5.84 5.30
7.73 1.06 9.41 1.88 9.36 5.00 1.34 4.03 2.78 7.97
2.98 3.36 2.83 6.05 9.81 6.44 2.75 2.38 2.55 1.25
9.19 9.54 1.26 3.88 8.46 5.58 1.94 6.08 3.34 2.59
7.99 8.99 5.62 8.61 9.56 1.65 6.83 7.82 9.01 8.44
1.70 9.70 6.57 4.61 2.19 1.15 3.77 7.24 5.71 4.71
3.65 3.73 4.52 5.47 9.34 5.43 2.37 7.12 9.93 1.69
4.91 6.27 6.40 6.36 6.74 3.86 7.27 5.49 4.34 3.41
9.54 8.86 3.74 3.23 8.06 7.32 9.99 8.51 1.39 5.90
8.96 8.70 3.47 1.14 5.57 9.19 6.61 3.87 9.33 6.13
4.74 9.73 9.40 6.68 4.71 9.52 8.27 3.62 2.22 8.65
4.31 8.23 8.36 6.81 4.19 6.13 3.91 3.22 9.28 4.35
9.01 4.60 3.53 6.73 5.62 8.78 4.31 9.33 4.70 8.95
1.36 8.55 4.81 4.01 4.82 8.43 9.23 7.85 2.10 2.59
8.90 8.06 1.60 1.73 3.29 7.19 7.87 2.39 5.85 1.45
2.25 3.03 8.55 2.42 7.65 4.35 6.85 7.88 9.05 9.54
4.08 9.27 3.59 8.26 4.07 6.03 5.83 9.74 5.13 6.73

Demandas:
0 0 0 1 0 0 0
0 0 0 0 1 0 0
0 0 1 0 0 0 0
0 1 0 0 0 0 0
1 0 0 0 0 0 0
0 0 0 1 0 0 0
1 0 0 0 0 0 0
0 0 0 1 0 0 0
0 0 0 0 1 0 0
0 1 0 0 0 0 0
0 0 0 0 0 0 1
0 1 0 0 0 0 0
0 0 1 0 0 0 0
0 0 0 1 0 0 0
0 0 0 0 0 1 0
0 0 0 0 0 0 1
0 0 0 0 0 0 1
0 0 0 0 0 1 0
1 0 0 0 0 0 0
0 1 0 0 0 0 0
0 0 0 0 1 0 0
0 0 0 0 0 0 1
0 0 0 0 1 0 0
0 0 0 0 1 0 0
0 0 0 0 0 1 0
0 0 0 0 1 0 0
0 0 0 0 0 0 1
0 0 0 0 0 0 1
0 0 0 0 0 1 0
0 0 0 1 0 0 0
0 0 1 0 0 0 0
0 0 0 0 1 0 0
1 0 0 0 0 0 0
0 0 1 0 0 0 0
0 0 0 1 0 0 0
0 0 1 0 0 0 0
0 1 0 0 0 0 0
0 0 0 1 0 0 0
0 0 0 0 0 0 1
0 0 0 1 0 0 0
1 0 0 0 0 0 0
1 0 0 0 0 0 0
1 0 0 0 0 0 0
0 0 1 0 0 0 0
0 0 0 0 0 0 1
0 1 0 0 0 0 0
0 0 0 0 1 0 0
0 0 0 0 0 1 0
0 0 0 1 0 0 0
0 0 0 0 0 1 0
0 1 0 0 0 0 0
0 0 0 0 1 0 0
0 0 0 0 0 0 1
0 0 0 0 0 0 1
0 0 0 0 0 1 0
0 0 0 0 0 0 1
0 0 0 0 0 0 1
1 0 0 0 0 0 0
0 0 0 0 1 0 0
0 1 0 0 0 0 0
1 0 0 0 0 0 0
0 0 0 0 0 1 0
0 0 0 0 0 1 0
1 0 0 0 0 0 0
0 0 0 0 0 0 1
0 0 0 1 0 0 0
0 0 0 0 0 1 0
1 0 0 0 0 0 0
1 0 0 0 0 0 0
0 0 0 0 0 1 0
0 0 0 1 0 0 0
0 0 0 1 0 0 0
0 0 0 0 1 0 0
0 0 0 0 1 0 0
0 0 1 0 0 0 0
0 0 0 1 0 0 0
1 0 0 0 0 0 0
1 0 0 0 0 0 0
0 0 0 0 1 0 0
0 0 0 0 0 0 1
0 0 0 0 0 1 0
0 1 0 0 0 0 0
0 1 0 0 0 0 0
1 0 0 0 0 0 0
0 0 1 0 0 0 0
0 0 0 0 1 0 0
0 0 0 1 0 0 0
0 0 0 0 0 0 1
0 0 0 0 0 0 1
0 0 0 0 1 0 0
0 0 0 0 0 1 0
0 0 1 0 0 0 0
0 1 0 0 0 0 0
1 0 0 0 0 0 0
0 1 0 0 0 0 0
0 0 0 0 0 0 1
0 1 0 0 0 0 0
0 0 0 0 1 0 0
0 0 1 0 0 0 0
0 0 1 0 0 0 0
0 0 0 1 0 0 0
0 0 1 0 0 0 0
0 0 0 0 0 0 1
0 0 0 1 0 0 0
0 1 0 0 0 0 0
0 0 0 0 0 0 1
0 0 1 0 0 0 0
0 0 0 0 0 1 0
0 1 0 0 0 0 0
0 0 0 0 0 0 1
0 0 0 1 0 0 0
0 1 0 0 0 0 0
0 0 1 0 0 0 0
0 0 0 1 0 0 0
0 0 1 0 0 0 0
0 0 0 0 0 1 0
1 0 0 0 0 0 0
0 0 0 0 0 0 1
0 0 0 0 0 0 1
0 0 0 0 0 1 0
0 0 0 0 0 0 1
0 0 0 0 0 0 1
0 0 0 0 0 0 1
1 0 0 0 0 0 0
0 0 0 0 1 0 0
1 0 0 0 0 0 0
0 0 0 1 0 0 0
1 0 0 0 0 0 0
0 0 1 0 0 0 0
0 0 0 0 0 0 1
0 1 0 0 0 0 0
0 0 1 0 0 0 0
0 0 0 0 1 0 0
0 0 1 0 0 0 0
0 0 0 0 0 1 0
0 0 0 0 1 0 0
0 1 0 0 0 0 0
0 0 1 0 0 0 0
0 0 1 0 0 0 0
1 0 0 0 0 0 0
1 0 0 0 0 0 0
0 0 0 0 0 0 1
0 0 0 0 1 0 0
0 0 0 1 0 0 0
0 0 0 0 0 0 1
0 0 0 0 0 1 0
0 1 0 0 0 0 0
1 0 0 0 0 0 0
0 0 0 0 0 1 0
0 0 1 0 0 0 0
1 0 0 0 0 0 0
0 0 0 0 0 0 1
0 0 1 0 0 0 0
0 0 0 0 0 0 1
1 0 0 0 0 0 0
0 0 0 0 1 0 0
0 0 0 1 0 0 0
0 0 0 0 0 0 1
0 0 1 0 0 0 0
0 0 0 0 1 0 0
0 0 0 0 0 1 0
1 0 0 0 0 0 0
0 0 0 1 0 0 0
0 0 0 1 0 0 0
0 0 0 0 0 1 0
0 1 0 0 0 0 0
0 0 0 0 1 0 0
1 0 0 0 0 0 0
0 0 0 1 0 0 0
0 0 0 0 0 1 0
0 1 0 0 0 0 0
0 0 0 0 0 0 1
0 0 0 0 0 1 0
0 1 0 0 0 0 0
0 1 0 0 0 0 0
0 0 0 1 0 0 0
1 0 0 0 0 0 0
0 0 0 0 0 1 0
1 0 0 0 0 0 0
0 0 0 0 1 0 0
1 0 0 0 0 0 0
0 1 0 0 0 0 0
0 1 0 0 0 0 0
0 1 0 0 0 0 0
0 0 0 1 0 0 0
0 0 0 0 0 1 0
0 0 0 0 1 0 0
0 0 0 1 0 0 0
1 0 0 0 0 0 0
0 0 0 0 1 0 0
0 1 0 0 0 0 0
0 1 0 0 0 0 0
1 0 0 0 0 0 0
0 1 0 0 0 0 0
0 0 0 1 0 0 0
0 0 0 0 0 0 1
0 1 0 0 0 0 0
0 0 0 0 1 0 0
0 0 1 0 0 0 0
1 0 0 0 0 0 0
1 0 0 0 0 0 0
0 0 0 0 1 0 0
0 0 0 1 0 0 0
0 0 0 1 0 0 0
0 0 0 0 0 1 0
0 0 0 0 0 1 0
0 0 1 0 0 0 0
1 0 0 0 0 0 0
0 0 0 1 0 0 0
0 0 0 0 0 0 1
0 1 0 0 0 0 0
0 0 0 0 0 0 1
0 0 0 0 1 0 0
0 0 0 1 0 0 0
0 0 0 0 1 0 0
0 0 0 0 0 1 0
0 0 0 1 0 0 0
0 0 1 0 0 0 0
0 0 1 0 0 0 0
0 1 0 0 0 0 0
0 0 0 0 0 0 1
0 0 0 1 0 0 0
0 0 1 0 0 0 0
0 0 0 0 0 1 0
0 0 0 0 0 0 1
0 0 0 0 0 1 0
0 1 0 0 0 0 0
1 0 0 0 0 0 0
0 1 0 0 0 0 0
1 0 0 0 0 0 0
0 1 0 0 0 0 0
0 1 0 0 0 0 0
0 0 0 0 0 0 1
0 0 0 0 0 0 1
0 0 0 0 1 0 0
0 0 1 0 0 0 0
0 0 0 1 0 0 0
0 0 1 0 0 0 0
0 0 0 0 0 0 1
0 0 0 1 0 0 0
0 1 0 0 0 0 0
0 0 0 1 0 0 0
0 0 0 1 0 0 0
0 0 0 0 1 0 0
1 0 0 0 0 0 0
0 0 0 1 0 0 0
0 0 1 0 0 0 0
0 0 1 0 0 0 0
0 0 0 0 1 0 0
0 0 0 1 0 0 0
0 0 0 0 0 0 1
0 0 0 0 1 0 0
1 0 0 0 0 0 0
0 0 0 0 0 1 0
0 0 0 1 0 0 0
0 0 0 0 1 0 0
0 1 0 0 0 0 0
0 0 0 0 0 0 1
0 0 1 0 0 0 0
0 0 0 1 0 0 0
0 1 0 0 0 0 0
0 0 0 1 0 0 0
0 0 0 1 0 0 0
1 0 0 0 0 0 0
1 0 0 0 0 0 0
0 1 0 0 0 0 0
0 0 0 0 1 0 0
0 0 1 0 0 0 0
0 0 0 1 0 0 0
0 1 0 0 0 0 0
0 0 0 0 1 0 0
0 0 0 1 0 0 0
0 0 0 0 0 0 1
0 0 0 0 0 0 1
0 0 1 0 0 0 0
0 1 0 0 0 0 0
0 1 0 0 0 0 0
0 0 1 0 0 0 0
0 0 0 0 0 0 1
0 0 0 1 0 0 0
0 0 0 1 0 0 0
0 0 0 1 0 0 0
0 0 1 0 0 0 0
1 0 0 0 0 0 0
0 1 0 0 0 0 0
0 0 1 0 0 0 0
0 0 1 0 0 0 0
0 0 0 0 1 0 0
0 1 0 0 0 0 0
1 0 0 0 0 0 0
0 1 0 0 0 0 0
1 0 0 0 0 0 0
0 0 0 0 0 1 0
0 0 0 0 0 1 0
0 0 0 0 0 0 1
0 0 0 0 0 0 1
0 0 0 0 0 1 0
1 0 0 0 0 0 0
1 0 0 0 0 0 0
0 0 0 1 0 0 0
0 0 0 0 0 0 1
0 0 1 0 0 0 0
0 0 0 0 0 0 1
0 0 0 1 0 0 0
0 0 0 0 0 1 0
0 1 0 0 0 0 0
0 0 1 0 0 0 0
0 0 0 0 0 1 0
0 0 0 1 0 0 0
0 0 0 0 0 0 1
0 0 1 0 0 0 0
0 0 1 0 0 0 0
1 0 0 0 0 0 0
1 0 0 0 0 0 0
0 0 0 1 0 0 0
0 0 0 0 1 0 0
1 0 0 0 0 0 0
1 0 0 0 0 0 0
0 0 0 0 0 0 1
0 1 0 0 0 0 0
1 0 0 0 0 0 0
0 0 0 1 0 0 0
0 0 0 0 1 0 0
1 0 0 0 0 0 0
0 0 1 0 0 0 0
0 0 1 0 0 0 0
0 0 0 0 0 0 1
0 0 1 0 0 0 0
0 0 0 0 0 0 1
1 0 0 0 0 0 0
1 0 0 0 0 0 0
1 0 0 0 0 0 0
0 1 0 0 0 0 0
0 1 0 0 0 0 0
0 0 0 1 0 0 0
1 0 0 0 0 0 0
1 0 0 0 0 0 0
0 1 0 0 0 0 0
0 0 0 1 0 0 0
0 0 0 0 1 0 0
1 0 0 0 0 0 0
1 0 0 0 0 0 0
0 0 0 0 0 1 0
0 0 0 0 0 1 0
0 0 0 0 0 1 0
0 1 0 0 0 0 0
0 1 0 0 0 0 0
0 0 0 1 0 0 0
0 1 0 0 0 0 0
0 1 0 0 0 0 0
0 0 0 1 0 0 0
0 0 0 0 0 1 0
1 0 0 0 0 0 0
0 0 0 1 0 0 0
0 0 0 0 1 0 0
0 0 1 0 0 0 0
0 0 0 0 0 1 0
0 0 0 0 1 0 0
0 0 0 1 0 0 0
0 0 0 0 0 0 1
0 0 0 0 0 1 0
0 0 0 0 1 0 0
0 0 0 1 0 0 0
0 0 0 0 1 0 0
0 0 0 0 0 0 1
0 0 0 0 1 0 0
0 0 1 0 0 0 0
0 1 0 0 0 0 0
0 0 0 0 0 0 1
0 1 0 0 0 0 0
0 0 0 0 0 0 1
0 0 1 0 0 0 0
0 0 0 0 0 1 0
1 0 0 0 0 0 0
0 0 0 1 0 0 0
0 0 0 0 1 0 0
0 0 0 0 0 0 1
0 0 0 0 0 1 0
0 0 0 0 0 1 0
1 0 0 0 0 0 0
0 0 0 0 1 0 0
0 0 1 0 0 0 0
0 1 0 0 0 0 0
0 0 0 0 1 0 0
0 0 0 0 1 0 0
0 0 0 0 0 1 0
0 0 1 0 0 0 0
0 0 0 0 0 0 1
1 0 0 0 0 0 0
0 1 0 0 0 0 0
1 0 0 0 0 0 0
0 0 1 0 0 0 0
0 0 0 1 0 0 0
0 0 0 0 0 0 1
0 1 0 0 0 0 0
0 0 1 0 0 0 0
0 0 0 0 1 0 0
0 0 0 1 0 0 0
0 0 1 0 0 0 0
0 0 0 0 0 0 1
1 0 0 0 0 0 0
0 0 0 0 0 1 0
0 0 1 0 0 0 0
1 0 0 0 0 0 0
0 0 0 1 0 0 0
0 0 0 0 0 1 0
0 0 0 0 0 1 0
0 1 0 0 0 0 0
0 1 0 0 0 0 0
0 0 1 0 0 0 0
0 0 0 0 0 1 0
1 0 0 0 0 0 0
0 0 1 0 0 0 0
0 0 0 0 1 0 0
0 0 0 0 0 0 1
0 1 0 0 0 0 0
0 0 0 0 1 0 0
0 0 0 0 0 0 1
0 0 0 0 0 0 1
0 0 0 0 1 0 0
0 0 0 1 0 0 0
0 0 1 0 0 0 0
1 0 0 0 0 0 0
0 0 0 1 0 0 0
0 0 0 0 0 0 1
0 0 0 0 0 0 1
0 1 0 0 0 0 0
0 0 0 0 1 0 0
0 0 0 1 0 0 0
0 1 0 0 0 0 0
0 1 0 0 0 0 0
0 0 1 0 0 0 0
0 0 0 0 0 1 0
0 0 0 0 1 0 0
1 0 0 0 0 0 0
0 0 0 0 0 0 1
0 0 0 0 0 0 1
0 0 0 1 0 0 0
0 0 0 0 0 1 0
0 0 1 0 0 0 0
0 0 0 1 0 0 0
0 1 0 0 0 0 0
0 0 0 0 0 1 0
0 0 0 0 0 1 0
0 0 0 0 0 1 0
0 0 1 0 0 0 0
0 1 0 0 0 0 0
1 0 0 0 0 0 0
1 0 0 0 0 0 0
0 1 0 0 0 0 0
1 0 0 0 0 0 0
0 0 1 0 0 0 0
0 0 0 0 0 0 1
0 0 1 0 0 0 0
0 1 0 0 0 0 0
0 0 0 1 0 0 0
1 0 0 0 0 0 0
0 0 0 0 0 1 0
1 0 0 0 0 0 0
0 0 0 0 0 0 1
0 0 0 0 1 0 0
1 0 0 0 0 0 0
0 0 0 0 0 1 0
0 0 1 0 0 0 0
0 0 0 0 0 1 0
0 0 0 1 0 0 0
0 0 0 1 0 0 0
0 0 0 0 0 1 0
0 0 0 1 0 0 0
0 0 0 0 1 0 0
0 0 0 0 0 0 1
0 0 0 1 0 0 0
0 0 0 0 0 1 0
1 0 0 0 0 0 0
0 1 0 0 0 0 0
1 0 0 0 0 0 0
0 1 0 0 0 0 0
0 0 1 0 0 0 0
0 1 0 0 0 0 0
0 0 0 0 0 0 1
0 0 1 0 0 0 0
0 0 0 1 0 0 0
0 0 0 1 0 0 0
0 0 0 1 0 0 0
0 0 0 1 0 0 0
1 0 0 0 0 0 0
0 0 0 1 0 0 0
0 0 1 0 0 0 0
0 0 0 0 0 1 0
0 0 0 0 0 1 0
0 0 0 1 0 0 0
0 0 0 0 1 0 0
0 1 0 0 0 0 0
0 0 1 0 0 0 0
0 0 0 0 0 0 1
0 0 0 0 0 1 0
0 0 1 0 0 0 0
0 1 0 0 0 0 0
1 0 0 0 0 0 0
1 0 0 0 0 0 0
0 0 1 0 0 0 0
1 0 0 0 0 0 0
0 0 1 0 0 0 0
1 0 0 0 0 0 0
0 0 0 0 1 0 0
0 0 0 0 0 1 0
0 0 0 0 1 0 0
0 0 0 0 1 0 0
1 0 0 0 0 0 0
0 1 0 0 0 0 0
0 1 0 0 0 0 0
0 0 0 0 0 1 0
0 0 0 0 0 1 0
0 1 0 0 0 0 0
0 0 0 0 0 1 0
0 0 0 0 0 0 1
0 1 0 0 0 0 0
0 0 1 0 0 0 0
0 0 0 1 0 0 0
0 0 0 0 0 1 0
0 0 0 1 0 0 0
0 0 1 0 0 0 0
0 0 0 1 0 0 0
0 0 0 1 0 0 0
1 0 0 0 0 0 0
0 1 0 0 0 0 0
0 0 0 1 0 0 0
1 0 0 0 0 0 0
0 0 1 0 0 0 0
0 0 0 1 0 0 0
0 0 0 0 1 0 0
0 0 0 0 0 1 0
0 1 0 0 0 0 0
1 0 0 0 0 0 0
0 0 0 0 0 0 1
0 1 0 0 0 0 0
0 1 0 0 0 0 0
0 0 0 0 0 1 0
0 0 0 0 0 1 0
0 0 0 1 0 0 0
0 1 0 0 0 0 0
0 1 0 0 0 0 0
0 0 0 0 1 0 0
0 0 0 0 0 1 0
0 0 0 0 1 0 0
0 0 0 0 0 1 0
0 0 0 0 1 0 0
0 0 0 1 0 0 0
1 0 0 0 0 0 0
1 0 0 0 0 0 0
0 0 0 0 0 1 0
0 0 0 0 0 1 0
0 0 1 0 0 0 0
0 0 0 0 0 1 0
0 0 0 1 0 0 0
0 0 0 0 1 0 0
0 0 0 0 1 0 0
1 0 0 0 0 0 0
1 0 0 0 0 0 0
0 0 0 0 1 0 0
1 0 0 0 0 0 0
0 0 0 1 0 0 0
0 0 0 0 0 1 0
0 1 0 0 0 0 0
0 1 0 0 0 0 0
0 0 0 1 0 0 0
0 0 0 0 1 0 0
1 0 0 0 0 0 0
0 0 1 0 0 0 0
0 0 0 1 0 0 0
0 0 0 0 0 1 0
0 1 0 0 0 0 0
1 0 0 0 0 0 0
0 0 0 0 0 1 0
0 0 0 1 0 0 0
0 0 0 0 1 0 0
0 0 0 0 0 0 1
0 0 1 0 0 0 0
0 1 0 0 0 0 0
1 0 0 0 0 0 0
0 0 0 0 0 1 0
0 0 0 1 0 0 0
0 0 0 0 0 0 1
0 0 0 1 0 0 0
0 1 0 0 0 0 0
0 0 0 0 0 1 0
0 0 1 0 0 0 0
0 1 0 0 0 0 0
0 0 0 0 0 1 0
0 0 0 0 0 1 0
0 0 0 0 0 0 1
1 0 0 0 0 0 0
0 0 0 0 0 0 1
0 0 0 1 0 0 0
0 0 0 0 0 1 0
1 0 0 0 0 0 0
0 0 1 0 0 0 0
0 1 0 0 0 0 0
0 0 1 0 0 0 0
0 0 0 0 0 1 0
0 0 1 0 0 0 0
0 0 0 0 0 1 0
0 0 1 0 0 0 0
0 0 0 0 0 0 1
0 1 0 0 0 0 0
1 0 0 0 0 0 0
1 0 0 0 0 0 0
0 0 1 0 0 0 0
0 0 0 1 0 0 0
0 0 0 0 0 0 1
0 0 0 0 0 1 0
0 0 0 1 0 0 0
0 0 0 0 0 1 0
0 0 0 0 0 0 1
0 0 0 0 1 0 0
0 0 0 0 0 0 1
1 0 0 0 0 0 0
0 0 0 1 0 0 0
1 0 0 0 0 0 0
0 0 0 0 1 0 0
0 0 0 0 1 0 0
0 0 0 0 1 0 0
0 0 0 1 0 0 0
0 0 1 0 0 0 0
0 1 0 0 0 0 0
0 0 0 1 0 0 0
0 0 0 0 0 0 1
0 1 0 0 0 0 0
0 0 0 0 0 0 1
0 0 0 1 0 0 0
0 0 0 0 0 1 0
0 0 0 0 1 0 0
0 1 0 0 0 0 0
0 0 0 0 0 0 1
0 1 0 0 0 0 0
0 0 0 1 0 0 0
1 0 0 0 0 0 0
0 1 0 0 0 0 0
0 0 0 0 0 0 1
0 0 0 0 0 1 0
0 1 0 0 0 0 0
0 0 1 0 0 0 0
0 1 0 0 0 0 0
0 0 0 0 0 1 0
0 0 0 0 1 0 0
1 0 0 0 0 0 0
0 0 0 1 0 0 0
0 0 1 0 0 0 0
0 1 0 0 0 0 0
0 0 0 1 0 0 0
1 0 0 0 0 0 0
0 0 0 0 1 0 0
0 1 0 0 0 0 0
0 1 0 0 0 0 0
0 0 0 1 0 0 0
0 0 0 0 0 0 1
1 0 0 0 0 0 0
0 0 0 0 0 1 0
1 0 0 0 0 0 0
0 0 0 1 0 0 0
0 0 0 1 0 0 0
0 1 0 0 0 0 0
0 0 0 0 1 0 0
0 0 0 0 0 0 1
0 1 0 0 0 0 0
0 0 1 0 0 0 0
0 0 0 0 1 0 0
0 0 0 1 0 0 0
0 0 1 0 0 0 0
1 0 0 0 0 0 0
0 0 0 1 0 0 0
1 0 0 0 0 0 0
0 0 0 0 0 0 1
0 0 0 0 0 0 1
0 0 0 1 0 0 0
0 0 0 0 0 0 1
0 0 0 1 0 0 0
0 0 1 0 0 0 0
0 0 0 0 1 0 0
0 0 1 0 0 0 0
0 0 0 0 1 0 0
0 0 0 0 1 0 0
0 0 1 0 0 0 0
0 1 0 0 0 0 0
0 0 0 1 0 0 0
0 0 0 0 0 0 1
0 1 0 0 0 0 0
0 0 1 0 0 0 0
0 0 0 0 1 0 0
0 0 0 0 0 1 0
0 1 0 0 0 0 0
1 0 0 0 0 0 0
0 0 0 0 0 1 0
0 0 1 0 0 0 0
0 0 0 0 1 0 0
1 0 0 0 0 0 0
0 0 0 0 1 0 0
1 0 0 0 0 0 0
0 1 0 0 0 0 0
0 0 1 0 0 0 0
0 0 0 0 0 0 1
0 0 0 0 1 0 0
0 0 1 0 0 0 0
1 0 0 0 0 0 0
0 1 0 0 0 0 0
0 0 0 0 0 0 1
0 0 0 1 0 0 0
1 0 0 0 0 0 0
0 0 0 0 0 0 1
0 0 1 0 0 0 0
0 0 1 0 0 0 0
0 0 1 0 0 0 0
0 0 1 0 0 0 0
0 1 0 0 0 0 0
0 0 0 0 1 0 0
0 1 0 0 0 0 0
0 0 0 0 1 0 0
1 0 0 0 0 0 0
0 0 0 1 0 0 0
0 0 0 0 0 1 0
0 0 1 0 0 0 0
0 0 0 0 0 1 0
1 0 0 0 0 0 0
0 0 1 0 0 0 0
0 0 1 0 0 0 0
0 0 0 0 0 0 1
0 0 0 1 0 0 0
0 0 0 0 0 0 1
0 0 1 0 0 0 0
0 0 0 0 0 1 0
0 0 1 0 0 0 0
0 0 0 0 1 0 0
1 0 0 0 0 0 0
0 0 0 0 0 1 0
0 0 0 0 1 0 0
0 0 0 0 1 0 0
0 1 0 0 0 0 0
0 0 1 0 0 0 0
0 0 0 1 0 0 0
0 0 1 0 0 0 0
0 0 1 0 0 0 0
0 0 0 0 0 1 0
0 1 0 0 0 0 0
0 0 0 0 1 0 0
0 1 0 0 0 0 0
0 0 1 0 0 0 0
0 0 0 0 0 0 1
0 0 0 1 0 0 0
0 0 0 0 0 1 0
0 0 0 0 1 0 0
0 0 0 0 0 1 0
0 0 0 0 0 1 0
0 1 0 0 0 0 0
0 0 0 1 0 0 0
0 1 0 0 0 0 0
0 0 0 0 0 0 1
0 0 0 0 0 0 1
0 0 0 0 0 1 0
0 1 0 0 0 0 0
0 1 0 0 0 0 0
0 0 0 0 1 0 0
0 0 1 0 0 0 0
0 0 0 1 0 0 0
0 0 1 0 0 0 0
0 0 0 1 0 0 0
0 0 0 0 0 1 0
0 0 0 0 0 0 1
1 0 0 0 0 0 0
0 0 0 1 0 0 0
1 0 0 0 0 0 0
0 0 0 1 0 0 0
0 0 0 0 0 1 0
0 0 0 1 0 0 0
0 0 0 1 0 0 0
0 0 0 1 0 0 0
1 0 0 0 0 0 0
1 0 0 0 0 0 0
0 1 0 0 0 0 0
0 0 0 0 0 0 1
0 0 0 0 0 1 0
0 0 0 0 0 1 0
0 0 0 0 1 0 0
0 0 0 0 1 0 0
0 0 0 1 0 0 0
0 1 0 0 0 0 0
0 0 0 0 0 1 0
1 0 0 0 0 0 0
0 0 0 1 0 0 0
0 0 1 0 0 0 0
0 0 0 0 1 0 0
0 0 0 0 0 0 1
1 0 0 0 0 0 0
0 0 0 0 0 0 1
0 0 0 0 1 0 0
0 0 0 1 0 0 0
0 1 0 0 0 0 0
0 0 1 0 0 0 0
0 1 0 0 0 0 0
1 0 0 0 0 0 0
0 0 1 0 0 0 0
0 1 0 0 0 0 0
0 0 1 0 0 0 0
0 0 1 0 0 0 0
0 1 0 0 0 0 0
0 0 0 0 1 0 0
0 0 0 0 1 0 0
0 0 1 0 0 0 0
0 0 0 1 0 0 0
0 0 0 0 1 0 0
0 0 0 0 1 0 0
1 0 0 0 0 0 0
0 1 0 0 0 0 0
0 1 0 0 0 0 0
0 0 0 0 0 1 0
0 1 0 0 0 0 0
0 0 0 0 0 0 1
1 0 0 0 0 0 0
0 1 0 0 0 0 0
0 0 0 0 0 0 1
1 0 0 0 0 0 0
0 0 0 0 0 0 1
0 0 0 1 0 0 0
0 0 0 0 1 0 0
0 0 1 0 0 0 0
1 0 0 0 0 0 0
0 0 0 0 0 0 1
0 0 0 0 0 1 0
0 0 0 0 0 1 0
0 1 0 0 0 0 0
0 0 0 1 0 0 0
1 0 0 0 0 0 0
0 0 0 1 0 0 0
0 0 0 0 1 0 0
0 0 0 1 0 0 0
0 0 0 1 0 0 0
0 0 0 1 0 0 0
0 0 0 0 0 0 1
0 0 0 0 0 0 1
1 0 0 0 0 0 0
0 1 0 0 0 0 0
0 0 1 0 0 0 0
0 0 0 1 0 0 0
0 0 0 0 0 0 1
0 0 0 0 1 0 0
0 0 1 0 0 0 0
1 0 0 0 0 0 0
0 0 0 0 0 1 0
0 0 0 0 0 0 1
0 0 0 1 0 0 0
0 0 1 0 0 0 0
0 0 0 0 0 1 0
0 1 0 0 0 0 0
0 0 0 1 0 0 0
1 0 0 0 0 0 0
0 0 0 0 0 1 0
0 0 0 1 0 0 0
0 0 0 0 0 1 0
0 0 0 0 0 0 1
0 1 0 0 0 0 0
0 0 0 1 0 0 0
0 0 0 0 0 0 1
0 0 0 0 0 1 0
1 0 0 0 0 0 0
0 1 0 0 0 0 0
0 0 0 0 0 1 0
0 0 0 0 0 1 0
0 1 0 0 0 0 0
0 0 0 0 0 0 1
0 0 1 0 0 0 0
1 0 0 0 0 0 0
0 0 0 1 0 0 0
0 0 0 0 1 0 0
0 0 0 0 0 1 0
1 0 0 0 0 0 0
0 0 0 1 0 0 0
0 1 0 0 0 0 0
0 1 0 0 0 0 0
0 1 0 0 0 0 0
0 0 0 0 0 0 1
0 0 0 1 0 0 0
0 0 0 1 0 0 0
1 0 0 0 0 0 0
0 1 0 0 0 0 0
0 0 1 0 0 0 0
0 0 0 0 0 0 1
1 0 0 0 0 0 0
0 0 0 0 1 0 0
0 0 0 0 1 0 0
1 0 0 0 0 0 0
0 1 0 0 0 0 0
0 0 0 0 1 0 0
0 0 0 1 0 0 0
0 0 0 1 0 0 0
0 0 0 1 0 0 0
0 0 0 0 1 0 0
0 0 1 0 0 0 0
0 1 0 0 0 0 0
0 1 0 0 0 0 0
0 1 0 0 0 0 0
0 0 0 0 0 0 1
1 0 0 0 0 0 0
0 0 0 0 1 0 0
0 0 1 0 0 0 0
1 0 0 0 0 0 0
0 1 0 0 0 0 0
1 0 0 0 0 0 0
0 0 0 0 0 0 1
0 1 0 0 0 0 0
0 0 0 1 0 0 0
0 1 0 0 0 0 0
0 0 1 0 0 0 0
0 0 0 1 0 0 0
1 0 0 0 0 0 0
0 0 1 0 0 0 0
0 0 0 0 1 0 0
0 0 1 0 0 0 0
1 0 0 0 0 0 0
0 0 0 0 1 0 0
0 0 0 1 0 0 0
0 0 0 0 0 1 0
0 0 0 0 1 0 0
0 0 0 1 0 0 0
0 0 1 0 0 0 0
0 1 0 0 0 0 0
0 0 0 0 0 0 1
0 0 0 1 0 0 0
0 1 0 0 0 0 0
0 0 0 0 0 1 0
0 0 0 0 0 1 0
0 0 0 0 1 0 0
0 0 0 0 0 0 1
0 1 0 0 0 0 0
0 0 1 0 0 0 0
0 0 0 1 0 0 0
0 0 0 1 0 0 0
0 0 1 0 0 0 0
1 0 0 0 0 0 0
0 0 1 0 0 0 0
1 0 0 0 0 0 0
0 0 1 0 0 0 0
0 0 0 0 0 1 0
0 0 0 0 0 1 0
0 0 0 0 1 0 0
0 0 0 1 0 0 0
0 0 0 0 0 1 0
0 1 0 0 0 0 0
0 0 0 0 1 0 0
0 0 0 0 1 0 0
0 0 1 0 0 0 0
0 0 1 0 0 0 0
0 0 1 0 0 0 0
0 0 1 0 0 0 0
0 0 0 0 1 0 0
0 1 0 0 0 0 0
0 0 0 0 0 0 1
0 1 0 0 0 0 0
1 0 0 0 0 0 0
1 0 0 0 0 0 0
0 0 0 0 1 0 0
0 0 0 0 1 0 0
0 0 0 0 1 0 0
0 0 0 0 0 0 1
0 0 0 0 0 1 0
0 0 0 0 0 1 0
0 0 1 0 0 0 0
0 0 0 1 0 0 0
0 0 1 0 0 0 0
1 0 0 0 0 0 0
0 0 0 1 0 0 0
0 0 0 0 0 1 0
1 0 0 0 0 0 0
0 0 0 0 0 1 0
0 0 0 0 0 1 0
0 1 0 0 0 0 0
0 0 1 0 0 0 0
0 0 1 0 0 0 0
0 0 0 0 0 0 1
0 0 1 0 0 0 0
1 0 0 0 0 0 0
0 0 0 0 0 1 0
0 1 0 0 0 0 0
0 0 0 0 1 0 0
1 0 0 0 0 0 0
0 0 0 0 1 0 0
0 0 0 0 0 0 1
0 0 1 0 0 0 0
0 0 0 1 0 0 0
0 0 0 1 0 0 0
1 0 0 0 0 0 0
0 0 0 0 1 0 0
0 1 0 0 0 0 0
0 0 1 0 0 0 0
0 0 0 1 0 0 0
0 0 0 0 0 0 1
0 1 0 0 0 0 0
0 0 1 0 0 0 0
0 0 0 0 0 0 1
0 0 0 1 0 0 0
1 0 0 0 0 0 0
1 0 0 0 0 0 0

Capacidades:
50 35 47 43 38 53 52
29 37 30 32 28 55 54
41 57 24 59 26 32 28
23 21 0 55 25 39 59
31 53 55 22 32 0 46
0 32 42 51 51 26 34
30 23 40 47 0 54 45
0 53 25 28 43 0 28
35 51 0 0 34 26 27
47 0 50 48 37 41 52
