m: 500
n: 10
p: 7

Distancias:
9.40 3.31 3.58 8.03 5.28 1.70 9.57 9.19 9.77 4.78
5.37 2.74 3.64 2.18 8.57 2.99 8.95 7.72 4.62 8.98
5.60 1.02 2.77 1.80 8.74 5.16 6.12 9.24 3.33 6.98
6.84 5.82 7.26 6.85 2.86 3.68 5.21 6.00 9.94 1.80
4.96 6.81 2.04 1.97 1.47 7.20 5.79 5.68 3.42 6.43
8.38 2.04 5.76 1.13 8.01 9.43 2.59 1.78 9.89 9.71
1.84 3.98 8.32 2.70 1.80 1.27 5.80 5.56 3.15 9.66
9.92 8.45 9.67 4.44 6.56 5.99 5.16 6.95 7.94 9.57
7.02 7.18 7.33 2.01 2.16 6.68 6.67 1.17 8.43 6.34
8.93 9.29 7.87 4.48 9.75 8.91 4.41 1.75 3.15 9.75
9.24 9.02 7.49 8.27 8.42 2.99 4.82 1.65 6.28 7.12
5.73 4.57 4.38 9.09 3.28 9.82 8.35 4.72 5.38 9.74
2.86 1.50 4.26 8.62 1.65 2.24 6.59 9.13 5.77 9.06
2.79 2.85 4.89 8.30 4.68 7.04 9.96 2.82 7.29 8.24
5.35 7.08 3.22 4.13 6.38 4.63 8.69 6.95 4.90 5.23
1.95 5.94 9.06 1.02 1.36 8.12 2.44 7.28 9.31 1.81
1.11 6.58 9.39 9.94 6.67 3.74 4.09 8.04 1.90 5.87
3.28 6.93 4.61 6.87 9.81 6.44 5.96 5.99 8.92 7.09
5.54 8.69 9.15 1.70 4.94 9.04 5.28 5.87 7.13 8.43
7.50 2.60 8.83 2.45 4.31 9.27 7.86 3.36 9.65 6.50
1.94 9.09 3.90 4.40 5.55 7.41 1.03 1.72 8.55 5.08
6.24 2.75 4.18 6.35 2.40 6.59 1.51 4.31 2.58 2.18
5.60 1.16 6.34 1.77 6.64 6.48 6.67 9.51 2.26 5.83
9.01 9.20 3.51 4.53 1.70 4.05 6.78 9.55 1.90 1.05
7.67 5.63 8.50 9.02 5.01 5.14 7.34 1.79 4.95 3.26
6.21 7.80 7.79 8.70 1.49 9.78 8.62 2.58 8.74 6.41
6.38 8.84 9.43 1.82 2.26 7.22 6.35 7.81 8.43 4.70
5.27 8.83 2.12 7.32 2.78 1.03 2.04 5.89 7.97 8.58
5.56 3.21 6.96 3.18 7.78 2.40 3.90 6.57 4.07 8.74
9.93 6.43 4.20 9.83 5.01 8.19 7.14 4.15 1.99 8.99
3.85 5.99 7.82 5.49 7.21 6.10 6.95 9.80 1.12 7.03
3.89 1.76 9.81 1.61 4.27 5.55 5.34 3.27 9.09 3.97
9.84 2.03 7.20 3.95 7.88 8.91 5.49 2.09 2.23 7.86
4.60 5.67 3.31 1.65 8.66 7.49 7.48 5.59 5.32 1.45
8.16 2.61 5.14 2.00 9.48 4.24 9.40 7.80 5.92 1.75
5.94 1.19 4.81 1.30 1.45 1.41 5.33 9.86 9.66 4.89
7.77 7.18 6.66 5.82 3.43 3.78 2.25 9.63 8.23 1.09
6.34 3.18 1.73 1.68 4.12 3.82 1.04 7.45 2.50 3.93
2.75 6.15 8.81 2.42 9.77 2.24 9.80 8.97 4.90 6.70
4.55 4.63 2.11 1.89 3.93 4.32 2.86 4.87 5.46 5.01
3.74 1.05 4.55 4.94 3.59 4.12 8.02 2.71 2.78 8.61
7.18 8.83 8.84 5.81 9.29 3.46 3.65 8.02 1.65 1.62
4.52 2.45 4.63 6.04 1.25 3.87 1.72 3.55 9.38 9.61
4.49 9.58 9.11 4.92 3.00 4.61 7.15 9.01 3.19 6.03
9.89 3.91 7.85 9.31 5.78 7.49 7.41 5.10 3.39 8.14
2.25 8.82 6.57 9.10 1.74 7.28 8.61 2.33 5.52 9.99
5.80 3.26 7.74 9.30 6.66 3.88 8.59 9.33 5.88 8.55
3.88 4.51 7.12 5.13 9.52 4.64 2.02 6.78 2.46 3.28
7.22 9.32 7.46 7.07 7.61 8.92 8.59 6.03 8.02 2.71
2.26 6.85 8.17 6.09 2.63 1.21 9.08 2.42 5.09 8.98
2.21 2.63 4.32 2.12 7.87 7.01 7.86 1.97 5.34 7.11
9.09 3.55 4.25 5.74 9.01 4.12 3.58 6.25 9.42 3.95
7.83 1.32 3.83 1.16 5.66 3.72 8.16 5.73 4.20 2.39
4.43 1.35 7.56 7.19 2.69 7.94 9.05 6.17 4.76 9.98
8.21 6.53 6.96 9.89 8.21 9.49 4.14 9.96 1.74 4.41
1.93 4.99 6.62 8.82 9.22 2.10 8.33 1.04 5.88 8.41
9.34 2.72 6.48 2.60 7.34 5.99 1.30 8.36 6.43 6.46
1.05 5.01 5.32 2.82 3.11 8.76 6.99 8.68 7.21 2.39
5.08 7.19 3.21 8.80 2.24 4.14 7.54 5.78 2.57 3.05
2.82 9.85 6.75 3.04 5.74 1.37 8.64 5.77 1.70 3.36
3.81 8.18 3.05 6.52 4.40 3.03 8.69 8.12 6.09 9.51
5.73 6.01 7.23 2.82 7.55 7.13 4.19 9.87 8.06 1.09
3.35 4.99 1.68 1.56 7.95 3.60 4.19 6.24 6.34 8.30
3.49 6.00 8.40 7.20 5.67 7.07 5.83 4.14 5.73 1.07
5.29 7.87 9.03 7.07 2.14 8.00 5.51 7.70 1.46 9.76
4.17 8.52 4.56 5.79 1.96 9.58 2.70 8.17 8.71 1.33
6.70 5.53 2.38 9.95 5.58 4.72 7.65 4.39 2.01 2.95
5.68 1.78 2.23 4.34 3.26 1.12 5.75 4.86 9.54 7.76
8.48 5.39 4.36 5.37 4.22 6.65 9.29 2.93 3.12 7.46
4.24 4.13 2.19 6.83 5.58 7.58 3.37 3.00 6.79 4.88
5.01 6.40 3.41 5.49 4.25 7.78 6.77 7.83 4.12 6.02
6.53 6.97 9.89 6.32 3.44 4.37 9.67 5.14 6.83 2.05
7.24 4.17 3.96 5.39 8.62 5.08 4.56 6.60 7.08 5.15
7.51 2.52 1.13 6.91 9.80 3.18 9.18 1.82 3.37 6.76
3.18 5.59 2.87 3.53 3.19 6.74 4.04 6.80 9.77 5.10
9.92 8.15 1.90 2.92 7.10 5.06 4.79 9.18 6.23 4.20
4.75 9.74 3.10 1.19 4.05 8.45 4.76 3.90 4.26 6.61
2.85 3.67 5.76 2.06 6.89 1.63 8.72 3.43 4.64 7.00
4.26 5.96 2.13 7.20 9.97 6.67 1.42 9.57 6.80 2.62
7.11 2.35 9.84 6.53 8.66 9.76 7.17 2.06 9.77 9.72
2.07 3.41 2.31 2.66 5.43 3.55 9.67 5.93 9.83 5.92
5.54 3.78 3.71 3.46 1.70 7.28 4.35 5.41 9.87 8.92
6.17 1.87 5.31 3.58 6.72 4.79 8.49 8.66 6.24 6.00
1.10 2.54 3.29 5.10 4.45 4.41 1.32 3.56 3.02 4.37
7.27 6.12 3.78 2.90 5.76 6.49 1.72 9.85 2.54 6.91
1.27 4.61 6.08 1.32 5.58 2.73 5.74 3.27 7.59 3.97
4.42 2.57 6.54 2.49 1.25 6.93 9.14 2.17 2.86 1.52
9.01 6.63 8.40 3.88 9.62 3.74 7.91 8.80 8.91 3.28
9.33 9.83 3.14 6.16 7.47 2.32 5.32 9.48 6.18 7.49
6.63 1.72 7.10 9.52 6.88 9.05 1.65 7.31 3.52 8.15
8.57 1.85 3.82 4.83 7.73 3.61 8.11 9.85 2.64 3.17
6.63 8.02 4.04 8.14 4.55 2.69 4.90 3.11 7.72 9.03
5.46 1.14 8.70 7.16 8.12 5.21 9.35 8.62 6.00 6.50
2.87 7.66 6.68 5.48 1.39 8.95 5.25 9.02 4.52 6.15
3.01 5.89 1.46 6.93 7.22 2.49 3.93 2.04 9.76 1.07
2.82 5.43 9.99 3.03 8.40 7.68 5.16 3.61 8.23 1.24
3.50 1.28 2.04 7.68 9.93 6.47 9.56 8.54 4.31 1.97
6.38 5.10 5.91 3.24 4.32 2.30 5.15 4.15 8.87 8.71
3.20 3.48 9.03 8.69 8.04 6.74 7.89 9.13 6.91 1.20
3.76 1.06 9.55 7.88 2.23 3.01 9.31 7.94 1.60 7.84
3.17 6.17 8.75 8.30 8.74 8.71 3.00 4.64 2.27 9.51
4.24 8.91 9.89 8.55 8.47 4.83 5.45 5.08 8.00 6.78
5.74 4.49 3.40 9.56 2.01 5.89 5.75 1.11 3.38 1.03
5.72 7.90 5.72 5.64 8.46 9.79 1.88 3.48 9.57 8.32
1.39 7.88 5.97 1.30 9.07 9.67 6.82 8.94 1.06 2.36
5.21 4.90 4.57 4.80 7.98 3.83 7.65 2.05 7.54 2.72
7.73 9.85 4.74 7.00 6.15 7.28 8.87 3.83 6.96 8.91
4.01 7.18 5.34 2.83 7.69 1.15 2.38 8.71 1.22 8.99
6.22 5.17 5.69 1.89 7.53 5.88 4.09 4.97 9.92 4.82
1.47 5.60 4.68 2.07 8.88 4.59 4.24 6.53 8.35 1.89
3.31 3.14 4.64 5.85 3.40 7.31 8.00 1.69 4.28 9.64
8.92 1.44 6.84 5.74 8.38 2.32 1.11 9.97 8.49 6.67
7.10 1.40 6.54 5.04 2.82 8.46 7.04 3.72 6.39 3.81
1.85 4.30 2.78 6.95 2.61 5.42 6.06 8.72 9.69 3.36
4.49 2.65 4.34 6.97 8.55 9.90 9.70 2.39 9.06 6.54
8.77 8.74 8.27 2.22 9.88 3.54 4.25 9.42 6.13 9.78
1.38 4.37 8.09 9.93 3.41 1.49 9.35 7.84 6.76 4.57
3.63 1.00 1.88 3.25 8.86 9.59 5.38 8.83 3.25 2.10
8.93 3.04 6.97 3.55 3.88 2.35 4.82 9.32 7.02 4.49
7.53 3.37 7.04 3.95 2.36 2.62 1.88 1.20 7.45 6.37
6.16 2.07 1.86 7.84 3.00 2.16 5.35 4.06 9.69 6.51
1.17 6.52 1.60 2.88 3.16 2.31 5.58 2.54 8.62 3.13
6.82 4.72 2.22 6.58 5.73 3.28 4.19 1.18 3.79 2.94
5.90 4.44 3.78 1.74 3.70 5.20 6.41 5.23 4.54 1.16
4.46 5.59 7.29 7.92 6.39 9.30 8.71 4.25 2.25 6.34
3.32 2.97 5.04 4.25 9.42 4.98 6.63 5.05 7.44 9.93
5.72 7.12 8.63 3.29 7.95 8.15 4.82 1.46 1.75 5.19
6.66 2.05 5.58 8.13 7.88 3.92 2.67 2.20 8.29 2.67
5.73 1.03 8.19 5.67 6.79 7.44 5.61 3.23 4.73 3.49
4.34 6.02 3.39 3.21 6.54 3.36 1.07 4.84 4.86 2.78
2.59 1.40 5.40 4.56 5.40 7.08 9.82 1.89 4.69 8.43
1.23 6.97 2.13 6.86 8.40 8.95 4.11 9.13 9.42 2.28
7.06 9.88 9.50 6.63 3.49 1.88 9.81 1.22 7.12 3.80
4.24 6.23 6.61 2.69 4.34 9.62 1.13 6.42 7.24 2.14
4.57 2.64 2.70 4.01 8.54 9.71 6.82 4.95 2.94 3.44
3.63 6.72 9.26 2.10 6.65 6.66 2.06 3.34 6.36 5.67
1.43 2.59 2.81 4.79 9.94 9.22 4.38 6.16 2.60 8.07
2.55 2.13 3.38 6.23 5.70 9.26 7.75 2.09 5.20 1.09
6.45 5.90 9.98 6.25 8.12 5.85 3.41 7.52 3.55 9.71
5.26 9.65 8.67 8.62 4.86 9.41 6.40 1.35 2.06 8.25
6.38 9.07 5.85 5.20 2.35 2.31 6.69 6.97 7.27 4.58
1.75 6.01 9.51 7.97 1.54 4.90 6.05 6.53 9.85 8.34
7.82 7.52 3.18 7.65 1.35 7.18 2.23 4.83 2.85 3.67
5.00 5.89 7.52 6.57 8.00 7.21 4.13 7.86 2.11 4.88
2.88 2.67 2.80 6.49 8.12 2.31 3.00 5.08 6.35 2.11
5.18 8.55 8.09 7.49 4.88 1.61 1.71 2.40 9.77 8.60
4.12 6.40 2.57 2.34 9.01 3.41 5.04 9.30 8.64 6.82
5.94 9.49 2.18 9.26 5.37 9.96 1.75 6.90 3.93 8.88
5.95 1.44 2.51 3.05 3.05 3.15 4.02 9.08 5.93 5.81
6.03 3.18 9.66 9.91 7.11 7.89 3.51 2.18 1.32 8.42
5.55 5.16 2.28 4.58 3.02 7.70 2.71 8.12 4.01 2.78
5.02 3.93 7.38 5.41 6.92 1.87 7.63 8.86 3.08 8.31
9.34 7.26 3.35 6.71 3.45 6.92 6.47 9.69 6.31 8.08
2.76 2.76 8.06 9.24 2.29 4.13 9.28 6.41 8.07 5.90
3.16 8.03 9.51 9.43 9.88 3.01 9.16 5.39 3.58 1.09
6.75 9.65 7.10 7.31 9.48 3.14 2.55 1.63 5.08 7.61
3.80 6.96 6.17 2.26 3.92 1.57 7.70 5.72 5.95 4.93
2.45 4.14 7.43 6.27 6.34 7.04 6.48 4.85 7.81 9.10
6.61 2.47 3.70 7.30 7.64 8.73 9.57 7.88 8.20 6.94
6.85 8.98 4.77 3.35 6.89 2.02 6.84 9.75 5.54 5.17
7.80 9.09 1.42 8.56 7.10 7.22 5.24 9.73 9.66 1.49
2.42 7.10 5.63 6.67 4.67 4.00 8.79 8.93 7.11 6.95
1.80 9.15 9.98 8.28 6.97 3.55 4.83 3.90 2.43 3.82
4.53 5.63 8.24 7.48 2.91 3.32 6.64 6.96 6.90 1.70
1.26 8.25 3.49 4.93 8.87 8.95 2.84 2.56 7.91 7.41
5.37 4.30 6.89 1.21 7.49 4.41 2.07 5.47 4.26 7.99
3.36 1.73 1.03 6.13 3.35 8.64 1.61 2.49 8.03 1.20
1.31 6.50 1.94 7.01 3.55 7.98 9.48 2.92 5.87 8.96
9.34 4.67 5.36 6.41 6.75 8.40 6.68 4.00 8.75 5.34
6.86 3.22 2.45 1.68 8.74 7.30 8.43 3.57 4.80 7.62
1.83 3.71 7.80 7.93 3.80 4.99 9.01 8.13 5.24 5.95
5.60 3.13 4.62 8.92 6.32 2.34 7.17 2.58 7.76 1.61
7.61 9.27 2.44 8.78 1.95 5.51 8.63 8.47 7.51 2.21
1.34 5.12 1.42 7.99 1.93 6.99 8.52 6.07 5.79 4.09
6.34 2.85 9.67 7.73 7.11 4.87 1.64 4.03 2.34 5.48
8.41 1.66 1.99 2.87 4.08 9.85 5.59 8.02 1.71 7.24
4.76 6.93 2.08 5.10 6.36 1.33 6.93 3.23 5.68 5.97
5.04 4.31 9.95 3.27 1.32 2.39 5.51 7.06 3.30 8.12
6.82 6.68 7.06 7.64 7.64 8.86 2.60 8.34 8.39 2.67
7.10 1.63 2.39 5.81 2.98 7.55 3.13 5.94 3.49 3.08
5.18 2.77 4.84 6.00 5.42 1.05 9.85 8.27 8.18 3.98
2.93 1.83 2.80 2.74 5.64 1.26 3.58 4.51 2.79 1.05
4.36 3.76 7.24 7.49 1.76 9.79 4.86 2.81 4.17 6.41
2.05 2.33 8.93 3.50 6.10 2.88 6.79 1.98 3.11 3.31
7.66 7.46 2.58 8.47 3.47 1.82 1.59 6.36 2.45 8.28
5.32 6.48 6.42 3.34 2.65 6.01 2.95 8.39 9.59 3.54
2.66 8.99 7.53 9.51 5.33 3.66 7.50 3.58 1.76 1.79
2.53 5.66 1.17 9.15 4.64 5.22 6.43 6.01 6.79 6.75
9.83 2.63 2.86 6.94 6.61 2.86 2.20 1.11 1.63 6.30
1.82 1.63 8.65 7.64 6.53 8.56 1.19 5.34 2.32 3.43
1.82 8.92 3.27 6.59 5.17 1.03 8.80 8.57 1.70 9.24
3.16 7.04 5.76 3.08 4.68 3.34 2.10 1.98 6.53 1.95
5.88 9.03 6.05 8.73 7.58 3.26 9.13 8.08 7.13 9.38
2.31 6.62 8.54 5.74 1.94 3.96 3.40 5.23 9.17 6.92
8.94 1.93 8.77 9.04 6.62 7.08 6.42 3.17 8.89 9.50
1.24 8.27 7.76 8.69 4.07 7.46 4.88 3.38 4.13 1.40
2.41 4.83 3.62 5.79 8.45 6.91 9.08 9.02 7.04 4.34
8.83 5.60 7.16 3.90 1.43 4.28 7.16 5.72 3.89 1.02
7.21 8.79 4.38 5.36 5.22 7.58 7.97 9.71 6.06 1.05
4.37 1.22 5.86 9.68 3.16 7.05 2.34 7.86 6.29 4.22
6.46 4.23 6.22 1.58 6.64 1.32 9.94 3.68 3.25 8.38
5.19 4.98 9.08 4.47 4.68 7.71 4.78 4.40 3.14 9.02
1.57 1.16 2.65 4.57 8.33 7.46 9.77 2.52 7.73 5.90
6.38 5.27 7.10 2.47 7.39 5.17 3.95 9.16 4.98 3.28
3.46 8.25 6.33 1.60 5.91 3.07 3.67 6.52 7.30 4.67
1.82 6.64 2.25 1.81 2.55 5.59 3.56 3.85 6.96 1.09
1.81 5.61 2.76 1.48 9.51 1.71 4.47 7.86 7.42 2.04
8.90 9.67 9.78 1.51 3.80 9.75 1.91 9.84 5.23 2.86
1.07 4.97 7.55 4.39 7.20 8.73 8.15 5.33 7.48 1.09
5.65 5.82 3.66 2.90 5.31 3.36 4.68 2.04 5.78 6.90
6.35 2.22 9.19 7.11 5.58 3.76 3.11 1.34 2.06 1.90
5.27 5.59 4.95 1.49 7.11 8.96 3.08 7.13 2.01 3.97
3.39 5.15 9.38 3.63 1.33 3.73 8.87 1.75 2.99 9.11
7.14 4.85 4.35 2.77 9.61 9.95 3.70 8.81 6.89 8.18
3.58 7.32 8.12 2.39 2.55 9.33 2.36 5.95 1.28 8.61
6.47 8.86 6.41 2.55 2.87 8.83 7.54 5.93 4.57 3.63
2.24 5.80 7.94 1.30 7.52 8.10 7.23 4.62 8.91 2.28
8.96 8.98 7.83 6.20 4.98 3.83 2.41 8.50 6.76 3.30
2.49 7.04 5.28 3.68 4.98 5.81 1.40 4.81 9.45 9.38
1.55 6.72 2.11 9.28 1.72 1.05 3.55 6.43 6.75 9.28
2.01 6.15 6.54 7.48 9.67 2.73 2.39 9.01 9.25 6.20
9.67 5.85 1.16 9.31 4.68 6.38 4.85 4.18 1.92 6.39
8.46 9.18 3.50 5.15 1.67 7.11 3.29 9.14 5.42 4.84
6.21 2.75 1.62 8.96 1.54 3.77 3.72 6.27 9.54 1.89
1.40 2.14 1.08 5.50 7.35 2.34 5.29 4.63 4.35 2.66
3.75 7.29 1.77 6.65 5.91 2.86 5.74 1.19 1.53 4.91
9.82 4.52 6.48 3.79 9.46 2.13 1.16 8.85 1.24 2.22
8.52 1.51 4.93 3.52 8.58 9.74 1.55 9.04 9.26 7.16
9.17 1.52 1.36 4.56 4.44 5.41 8.62 9.91 9.92 6.47
6.71 6.33 4.37 1.49 7.65 5.88 7.02 2.09 4.60 1.33
3.74 4.15 7.37 3.77 6.14 7.05 2.77 6.10 7.96 2.79
9.27 1.76 6.49 9.89 6.31 3.73 2.81 6.62 3.96 8.81
4.89 1.29 1.24 2.21 8.31 6.50 4.26 5.63 2.21 8.43
1.30 3.03 2.07 9.53 4.86 4.55 1.37 8.03 6.73 4.04
8.60 9.40 1.83 8.02 7.06 4.34 3.43 2.94 3.92 7.46
2.85 9.39 8.89 6.61 1.69 6.02 4.75 4.98 6.52 9.59
8.47 7.14 3.90 4.10 9.28 3.10 4.10 5.79 9.43 6.03
7.66 1.74 3.59 8.34 6.09 4.91 7.53 2.14 2.07 2.84
4.20 7.36 8.86 8.17 5.92 8.93 5.52 3.45 9.79 6.23
9.88 1.48 1.56 9.25 7.27 8.41 8.33 8.91 6.50 5.84
3.77 7.78 6.62 3.09 7.24 8.56 7.95 7.30 8.13 6.65
8.79 6.33 3.45 1.39 3.09 2.93 4.27 5.24 6.66 5.00
1.47 4.06 8.01 4.29 4.71 9.48 9.83 1.14 4.92 9.27
9.10 7.88 7.10 3.91 9.55 8.91 9.00 2.46 2.57 2.80
3.30 2.93 2.73 4.11 6.54 7.14 7.44 2.01 7.00 5.86
9.54 5.70 3.37 1.21 9.17 5.13 8.41 2.30 2.60 9.94
5.72 4.60 3.41 1.89 9.14 9.41 2.89 7.50 5.43 1.76
1.11 9.05 6.56 7.61 1.75 2.46 2.23 3.03 1.79 3.58
8.90 7.03 9.31 6.50 9.78 2.12 4.61 6.52 1.75 9.63
1.89 9.93 5.20 1.01 8.70 3.33 6.91 7.41 1.72 6.91
6.10 1.26 9.56 4.31 8.00 6.40 6.52 5.28 9.78 9.62
5.15 4.54 5.22 4.95 1.53 2.93 4.40 8.53 8.38 2.36
6.92 4.93 7.25 4.75 1.98 10.00 3.58 1.99 1.23 5.90
8.51 7.10 8.80 6.80 8.30 4.70 6.60 9.36 7.87 2.66
2.75 7.81 1.80 1.23 1.70 8.66 1.08 8.67 4.36 7.91
6.26 7.61 8.08 4.71 9.31 3.11 4.49 2.63 7.31 4.50
2.19 7.18 3.72 3.97 4.69 2.11 2.05 9.28 8.20 7.36
8.32 8.37 8.10 3.00 8.68 9.62 8.22 8.99 5.62 2.92
7.99 7.06 1.67 3.22 1.72 8.96 8.32 5.06 1.08 1.55
9.54 2.79 8.26 8.95 7.80 9.79 4.65 9.77 5.54 5.07
3.57 8.33 1.22 7.62 1.64 7.66 9.61 2.72 4.73 7.55
7.07 9.95 1.33 8.91 1.22 5.53 3.89 8.26 3.85 7.43
6.31 1.23 2.83 6.38 2.45 6.77 6.49 2.11 1.24 3.07
2.02 9.36 8.70 7.02 3.88 9.53 4.49 2.83 5.42 5.04
1.86 8.07 5.80 7.33 4.92 8.77 3.28 5.67 5.38 2.34
5.71 2.13 7.64 5.39 4.15 4.98 8.20 9.25 4.49 9.08
7.21 4.51 8.37 4.91 8.31 3.44 5.08 1.92 5.86 8.74
4.04 3.07 6.00 6.49 9.19 2.93 9.54 7.16 9.95 3.62
8.18 1.14 1.19 7.67 7.32 7.16 3.71 2.24 4.73 2.27
9.37 8.88 9.04 7.57 5.35 8.28 8.83 8.08 9.42 1.84
6.16 5.85 5.06 3.10 1.87 2.55 1.11 3.19 9.34 5.84
1.47 9.88 2.86 1.61 4.26 1.58 6.26 6.72 2.11 5.11
8.61 6.58 8.76 8.55 3.70 4.56 8.91 6.79 6.87 7.04
7.62 6.10 4.23 5.43 9.97 3.21 5.54 1.78 5.84 9.61
8.08 2.39 6.10 5.77 1.82 6.39 8.94 4.20 4.41 2.78
5.70 6.44 9.85 2.34 8.19 1.89 2.24 1.28 1.70 4.22
1.83 5.68 4.69 8.87 8.60 6.33 1.71 3.64 9.14 3.58
5.50 6.85 3.31 3.81 1.34 7.51 3.22 4.10 1.27 5.26
6.17 1.82 1.47 4.66 8.39 7.97 2.50 8.56 3.06 1.56
9.86 9.62 3.78 1.68 4.45 7.68 5.81 9.05 5.45 9.65
3.16 6.87 2.90 8.25 4.38 3.04 5.78 9.40 3.84 1.43
3.26 6.02 5.46 6.24 6.23 8.52 4.80 6.57 3.76 7.20
6.43 8.23 3.21 9.99 5.58 9.39 5.69 4.63 1.82 2.37
6.06 4.44 2.12 3.12 5.21 9.71 2.87 4.08 5.28 8.51
9.72 4.21 7.36 2.13 9.51 4.88 2.69 5.58 4.60 2.47
7.76 7.03 3.23 7.90 6.98 7.87 6.65 6.37 4.83 6.89
9.69 5.72 6.59 3.38 6.09 5.17 2.56 4.74 2.15 2.95
9.45 7.29 7.38 6.44 2.65 9.46 9.80 4.88 8.34 2.34
3.29 3.02 2.17 6.64 2.35 8.68 7.88 2.38 5.53 2.84
1.21 7.83 5.62 4.79 8.92 7.95 5.12 1.21 1.65 4.04
3.12 4.72 5.38 6.73 5.89 9.16 6.36 2.74 3.37 4.80
3.93 4.32 5.34 2.70 5.94 3.18 7.94 5.41 9.75 3.14
4.96 6.19 5.39 6.12 2.89 5.77 1.17 5.07 1.20 1.73
1.70 4.23 4.13 7.39 5.38 4.16 4.14 6.34 6.09 6.89
8.86 5.42 7.67 8.97 9.65 2.13 5.92 7.04 3.23 6.09
4.07 8.36 3.47 6.80 7.55 6.65 3.13 2.97 6.63 5.83
3.54 6.78 2.59 8.25 1.83 7.77 2.14 7.74 9.16 8.29
5.42 5.81 6.74 7.20 3.15 9.24 1.38 4.28 4.39 7.75
9.02 2.95 9.59 7.03 7.19 7.29 5.92 8.87 8.02 6.50
3.30 7.76 3.42 1.85 7.10 1.84 9.95 6.27 8.52 4.27
3.52 2.88 1.76 6.78 1.86 4.82 8.10 2.08 1.22 5.50
2.01 8.09 4.51 7.51 8.65 7.29 3.03 9.83 3.46 6.04
8.28 9.35 8.92 2.66 5.70 9.22 5.08 5.76 2.31 5.46
4.95 9.46 1.34 6.59 3.52 7.94 1.51 5.78 4.98 2.94
2.88 7.83 1.97 3.22 7.43 7.25 7.06 2.91 2.49 7.21
4.77 6.11 9.20 9.22 9.51 4.09 4.06 3.58 7.54 9.82
8.06 6.90 3.26 8.09 5.60 9.06 3.53 1.00 8.24 4.73
4.17 7.54 5.61 1.68 3.80 5.72 6.33 4.23 4.14 5.80
5.05 9.40 5.20 6.93 6.08 7.40 3.14 1.56 3.57 4.20
2.09 2.23 1.84 9.58 6.17 7.46 2.97 9.57 7.57 1.68
3.62 2.17 7.85 6.39 4.53 3.12 7.92 4.50 2.91 5.74
9.19 8.65 9.26 6.37 7.39 7.16 1.67 5.71 9.12 8.52
4.62 8.32 4.92 4.85 4.26 9.54 7.03 8.00 1.59 4.86
3.01 3.90 9.79 7.19 7.93 9.73 5.15 9.70 1.10 5.83
5.39 6.17 3.62 10.00 5.74 7.76 3.81 8.34 8.53 3.77
7.04 4.42 1.58 4.60 8.12 8.49 6.31 1.66 3.70 2.83
4.09 1.30 9.62 4.19 7.79 9.21 8.77 9.53 6.67 8.31
3.45 6.99 6.64 8.03 8.33 9.84 6.22 3.60 6.12 6.35
6.65 7.55 4.58 5.19 8.78 7.20 5.17 4.59 4.39 1.11
1.76 6.04 5.12 8.08 4.54 7.85 9.10 5.48 5.08 3.85
3.29 2.63 7.10 4.35 1.53 6.99 3.97 1.03 5.95 9.20
8.84 3.43 8.49 8.44 9.96 5.95 5.31 6.48 1.86 1.23
7.92 1.62 6.31 4.04 4.06 4.20 8.92 4.13 5.35 9.19
2.12 7.65 9.02 7.27 7.30 5.26 4.48 7.67 7.17 2.99
7.60 3.21 2.50 3.57 1.65 1.26 4.13 5.90 6.73 3.14
6.73 5.49 1.40 5.25 5.22 6.58 8.10 10.00 3.89 7.54
2.54 9.81 5.90 5.65 7.29 3.87 2.84 3.39 8.31 9.93
2.97 3.79 5.34 1.13 4.14 6.07 3.51 3.58 2.10 8.88
6.04 6.28 3.22 5.61 6.10 2.71 5.15 4.81 9.73 1.89
2.26 8.26 7.76 4.52 1.29 6.24 8.36 9.67 9.69 5.68
7.82 2.06 6.59 7.07 5.92 6.74 4.53 3.29 9.48 3.49
7.68 7.67 5.66 3.81 4.98 7.39 4.70 3.01 6.95 2.57
9.35 6.97 8.55 1.61 8.41 2.91 6.90 5.24 6.07 4.07
1.49 7.59 7.44 1.83 1.41 9.28 4.42 2.00 1.43 9.11
7.21 8.52 4.54 5.66 4.11 4.14 4.18 5.88 7.86 4.13
9.94 8.24 3.40 2.52 3.04 9.69 7.11 4.13 4.64 5.31
8.86 6.67 1.88 3.11 7.60 3.74 4.24 6.85 8.67 4.78
6.04 8.35 5.62 4.63 6.12 8.33 6.55 2.85 8.96 5.22
8.64 8.79 1.49 2.19 6.65 1.15 1.89 6.01 2.22 5.40
8.87 5.35 4.08 6.53 5.08 9.41 5.53 2.64 2.47 6.32
2.20 8.51 9.34 3.86 7.87 2.17 6.64 8.87 7.40 4.20
5.42 1.36 6.49 4.40 3.79 2.85 4.67 9.88 8.84 6.93
2.91 6.84 3.31 8.50 8.41 5.12 4.79 8.80 4.86 7.59
9.50 1.15 2.03 3.78 4.73 8.44 2.17 5.40 3.34 3.04
1.29 1.31 6.68 6.36 9.38 2.25 7.34 1.57 5.39 9.65
6.90 3.10 7.88 4.65 5.31 7.35 8.11 8.43 4.88 8.08
3.06 1.17 5.42 2.75 4.39 7.18 7.26 4.37 5.75 3.39
1.72 8.39 4.49 4.07 8.95 3.40 9.48 2.57 6.42 7.62
7.52 9.14 4.49 6.69 9.67 6.87 8.81 5.47 4.33 1.02
3.13 3.37 2.45 7.15 2.66 1.49 2.30 5.85 6.97 2.89
2.49 8.85 6.00 2.59 3.81 1.84 7.95 3.72 7.75 9.16
5.45 7.44 8.46 5.71 1.90 2.39 7.07 9.72 9.92 3.67
5.26 6.58 7.32 4.19 1.03 6.92 6.19 6.19 6.60 8.16
1.44 9.91 9.00 9.58 9.50 4.89 8.50 2.13 3.22 4.97
1.64 3.68 9.29 1.37 7.91 6.71 8.11 8.19 2.31 7.52
9.44 9.27 7.96 8.45 2.44 4.45 9.54 4.63 1.83 8.02
6.73 9.48 4.34 7.20 1.53 6.33 4.40 4.85 3.41 8.71
10.00 6.09 8.88 3.29 9.90 6.77 3.54 7.57 1.57 9.80
8.67 1.29 7.22 7.74 7.05 6.03 8.90 2.68 8.91 4.74
5.68 1.46 7.71 7.63 2.49 2.19 3.81 7.02 6.79 5.16
5.97 2.08 1.66 9.30 9.49 9.24 2.12 3.22 1.68 3.45
3.52 8.58 6.67 1.06 6.50 6.06 1.69 2.27 2.25 3.79
3.32 6.56 6.22 7.11 1.73 2.82 5.11 1.97 7.56 1.99
8.02 8.91 7.49 3.87 3.20 9.99 3.30 5.92 1.39 4.46
1.80 4.94 8.41 5.32 4.48 9.05 5.20 2.35 8.79 1.21
9.65 1.94 2.95 9.61 8.51 6.54 7.49 7.12 3.04 1.20
6.55 2.34 6.43 5.68 9.23 6.99 6.61 4.44 2.28 6.65
2.92 2.07 2.77 4.71 7.48 7.66 6.21 1.14 5.32 1.26
5.84 3.59 1.37 5.02 7.21 7.17 1.82 5.30 7.63 3.69
9.12 8.88 6.55 9.45 8.56 2.45 3.88 7.28 1.71 9.46
7.40 4.11 4.24 6.21 8.55 5.27 3.45 5.83 1.22 8.79
4.48 9.35 6.90 7.00 4.43 6.54 4.11 8.21 1.23 3.92
8.17 8.91 5.39 1.57 4.54 1.17 9.37 5.31 2.46 1.79
9.72 3.90 7.89 6.71 8.87 4.60 8.81 4.30 3.53 8.08
1.14 6.97 8.02 9.90 5.60 6.55 8.65 6.34 7.46 6.21
1.33 7.73 1.02 3.85 1.52 8.46 9.12 2.54 6.43 4.73
5.11 2.39 2.39 4.27 1.03 1.89 9.91 7.85 7.44 6.88
4.17 7.18 3.12 1.55 4.65 3.37 8.58 8.23 4.42 6.01
8.83 8.37 5.65 8.70 5.45 1.64 6.15 2.35 1.47 4.05
2.11 9.27 7.19 4.80 3.59 6.52 8.64 4.66 8.83 8.76
7.10 7.61 4.14 4.80 9.00 7.18 4.14 6.29 4.84 3.15
5.93 5.21 5.82 3.36 2.86 2.50 2.20 1.04 6.03 7.66
9.63 1.75 3.09 5.73 8.75 7.86 4.95 8.29 9.34 1.80
5.25 6.81 2.22 7.79 3.51 7.46 9.21 6.13 7.62 2.68
2.57 4.90 2.78 7.91 5.52 8.58 3.86 8.38 3.17 1.44
7.04 2.58 4.37 7.57 2.90 6.78 2.15 9.20 9.02 8.10
7.95 9.28 4.47 7.85 4.34 8.37 5.19 2.95 7.86 5.86
3.39 9.57 5.33 6.76 2.99 4.72 8.14 4.18 6.74 6.95
4.93 3.80 7.52 8.26 9.54 2.41 1.28 6.34 8.22 5.91
6.02 4.89 2.84 2.29 8.61 2.71 5.16 7.47 7.38 8.07
6.98 6.06 1.65 8.04 8.51 4.53 5.39 9.64 4.82 1.26
9.21 9.19 8.56 3.06 6.74 2.55 2.99 1.97 3.77 9.96
7.40 2.16 5.62 8.03 1.85 6.19 4.64 4.53 4.98 8.98
7.95 1.03 8.13 9.00 4.24 2.83 9.08 4.53 9.10 2.62
2.53 1.16 4.75 8.14 2.06 6.59 6.83 6.41 7.81 6.33
2.72 7.45 1.38 2.65 9.99 8.31 5.69 4.97 6.41 2.69
7.21 4.17 8.12 2.22 4.46 5.39 5.59 8.71 9.52 9.61
9.81 5.91 9.93 9.50 1.04 8.14 5.49 2.92 5.51 1.03
8.32 5.06 9.62 6.50 9.54 9.03 7.69 1.46 3.89 5.89
8.42 2.66 3.03 3.79 3.45 2.24 9.18 9.05 9.28 7.54
6.15 2.96 3.45 6.46 6.42 3.22 4.88 4.62 8.24 3.36
8.89 2.55 5.60 8.19 5.61 4.57 1.85 7.66 1.47 2.53
8.34 6.01 1.13 6.74 3.29 1.17 3.43 4.01 9.30 4.01
6.99 5.46 9.85 6.12 9.66 3.53 6.63 3.42 9.40 8.92
2.53 2.78 6.05 4.78 7.18 6.28 1.60 5.21 4.11 7.27
6.69 6.69 6.58 1.50 3.20 4.44 2.22 4.69 9.09 6.93
3.78 8.22 5.77 9.60 8.51 7.09 4.33 5.13 1.03 6.96
2.63 5.82 6.03 8.68 1.93 9.02 6.44 6.17 3.98 1.08
1.23 5.53 7.56 4.58 7.34 4.81 8.65 6.17 2.56 5.97
4.69 3.89 6.00 9.36 1.19 1.14 7.74 6.18 4.11 2.85
9.44 7.52 9.71 7.19 2.17 8.77 7.32 5.07 5.33 8.24
1.40 2.20 3.05 4.10 5.22 6.77 7.70 6.25 8.51 4.09
6.83 8.95 3.93 7.76 9.01 5.61 2.84 9.01 9.18 8.93
1.43 9.50 5.68 2.86 6.27 4.76 5.87 1.68 3.77 8.07
2.93 4.88 5.04 1.42 5.40 1.41 6.42 2.19 5.95 4.42
5.49 7.84 5.19 6.98 4.24 2.32 4.03 2.44 5.99 9.38
7.13 5.37 1.94 7.75 3.72 3.40 9.67 1.24 1.10 2.13
2.65 8.25 7.41 1.51 2.80 5.87 8.87 7.76 6.66 3.44
5.25 3.71 3.68 8.49 1.40 8.12 4.17 5.00 7.48 2.92
1.36 1.37 8.52 8.09 3.23 9.77 9.37 4.41 6.45 3.21
5.66 1.09 1.11 4.09 1.12 4.60 7.98 7.96 1.32 1.25
4.78 7.67 4.40 6.51 3.52 7.49 6.45 2.27 9.72 2.07
1.17 8.57 3.01 4.30 2.68 2.70 1.67 4.32 5.88 2.14
7.99 7.80 2.36 7.12 6.54 1.57 1.36 8.73 3.33 7.45
4.64 1.01 5.94 7.78 7.60 5.61 5.04 3.73 9.89 8.16
9.89 5.94 6.91 1.03 4.37 7.09 1.42 1.44 4.12 8.11
7.50 3.74 7.46 5.30 6.54 6.29 4.84 8.73 6.11 3.95
2.32 3.27 1.76 6.01 7.88 8.97 4.46 6.92 4.55 4.47
5.97 5.13 4.96 6.18 6.28 8.51 1.21 2.81 7.19 6.11
2.79 1.70 8.69 1.83 3.94 6.75 7.97 7.19 8.58 6.39
7.17 4.05 2.72 5.31 6.58 5.01 3.90 2.14 6.46 9.27
1.69 3.50 8.58 3.63 6.98 6.63 8.52 2.07 2.69 7.68
1.39 8.98 4.81 7.11 7.16 6.47 7.45 8.83 8.89 1.29
5.89 3.72 5.97 2.51 2.57 6.28 2.53 7.23 3.47 7.69
8.03 8.69 9.87 6.15 8.88 2.70 4.58 5.29 4.89 8.34
1.38 3.10 3.46 7.97 8.39 4.80 4.78 5.72 7.20 4.09
5.71 4.60 7.92 1.65 2.41 7.63 1.53 2.12 2.60 5.69
4.23 4.51 5.81 2.83 9.98 7.39 5.09 4.83 4.75 2.47
7.56 8.56 4.57 7.89 9.23 1.75 6.83 7.23 7.10 8.01
7.64 5.08 8.41 9.68 9.17 3.09 8.74 5.42 3.45 2.37
2.33 3.57 6.72 3.23 7.95 6.90 3.93 9.61 5.38 2.15
3.66 9.90 6.43 2.76 5.36 3.05 8.45 4.82 6.30 4.82
6.48 9.37 9.47 9.48 7.72 5.62 5.74 3.80 1.87 4.73
9.50 7.55 3.80 3.07 9.13 6.61 2.50 1.23 7.61 8.01
3.69 5.10 7.09 9.67 9.82 1.66 3.54 5.82 2.11 5.30
1.99 1.15 4.92 9.63 3.89 3.37 9.48 2.92 4.85 2.73
7.48 5.57 5.93 3.79 6.33 9.83 5.66 6.85 9.22 7.39
9.11 3.45 1.16 5.79 3.93 3.09 9.56 2.66 8.33 1.56
4.51 5.15 1.16 8.12 6.81 3.09 7.00 7.73 7.54 7.23
9.06 2.43 9.55 7.27 5.10 1.42 2.14 5.92 2.95 4.50
4.95 6.37 2.60 8.09 6.69 1.80 6.87 4.85 9.96 1.60
1.18 5.53 5.22 6.83 6.36 8.20 8.77 2.04 3.38 6.89
5.78 3.95 1.37 3.55 7.87 5.77 1.58 4.32 7.32 2.23
3.38 7.33 6.00 1.03 6.46 8.82 5.79 9.17 2.78 8.21
7.89 6.95 7.60 7.98 9.71 5.07 7.39 6.48 7.03 7.70
6.48 5.05 4.85 2.89 6.86 9.47 3.01 7.09 1.18 7.77
3.11 8.29 5.97 2.60 4.57 3.87 5.30 7.16 9.66 1.21
5.50 5.17 9.32 6.76 6.41 1.53 1.10 2.37 8.10 1.74
3.29 7.92 2.28 6.04 8.52 7.68 5.36 6.21 5.55 5.94
3.93 2.45 1.60 7.68 4.86 8.03 9.11 2.35 8.49 9.19
9.76 2.24 3.14 4.63 5.92 8.10 1.77 4.69 4.88 8.40
7.65 1.72 6.73 8.92 1.11 4.67 8.57 5.39 6.09 1.87
4.76 4.30 8.24 4.92 3.73 5.55 7.25 7.28 6.02 1.31
3.81 9.42 7.45 7.98 9.41 6.27 3.50 5.72 4.00 1.52
7.86 9.17 4.17 9.18 1.28 1.66 6.77 5.45 9.21 3.76
7.81 4.30 4.40 8.04 1.09 7.68 2.26 2.22 2.71 2.11
9.10 3.37 6.67 1.51 7.74 7.81 9.88 7.78 6.62 7.62
4.91 5.58 8.74 5.08 2.58 8.22 9.90 2.78 8.56 5.74
9.74 6.68 5.83 9.00 8.52 4.79 3.72 8.50 4.43 5.91
6.22 3.25 7.73 2.98 5.22 4.16 6.29 3.13 5.45 5.59
3.03 7.93 3.00 8.34 4.49 1.10 8.27 1.89 2.11 4.53
1.39 6.79 3.86 2.78 8.03 8.23 9.88 6.93 9.50 8.83
1.85 7.89 7.77 2.18 7.52 9.19 5.98 1.63 4.24 6.58
4.93 1.99 4.68 4.43 8.09 5.32 4.84 4.54 2.45 1.70
8.37 6.90 5.81 5.21 7.01 8.98 3.36 9.12 2.70 6.59
3.12 1.04 1.92 2.54 5.10 6.66 2.94 7.84 2.04 2.58
1.04 2.98 4.14 5.91 6.02 3.24 7.85 4.53 4.07 3.48
4.47 5.71 5.93 2.70 6.48 7.00 6.51 7.44 1.64 7.03
4.08 5.76 7.60 2.02 5.14 5.74 5.35 9.48 5.75 6.98
7.03 2.47 7.35 9.82 4.09 9.95 8.94 2.90 2.62 6.47
8.73 3.83 1.39 1.62 6.06 7.47 8.55 9.55 1.73 6.78
3.65 7.55 9.27 8.56 8.24 6.46 6.77 3.90 8.43 7.22
3.24 9.48 4.59 8.68 10.00 2.25 4.27 2.80 7.85 1.40
8.72 4.98 2.28 4.42 3.84 5.00 7.66 6.66 7.64 5.90
5.84 4.99 9.89 1.79 2.16 4.45 4.39 7.65 6.00 4.12
4.52 5.23 8.78 4.02 6.52 10.00 8.05 4.64 9.51 7.95
3.88 1.95 4.34 4.83 3.70 5.92 1.04 7.41 9.33 8.86
5.07 2.83 3.44 6.41 7.67 9.39 7.43 3.98 2.39 1.38
8.80 3.25 3.52 3.61 1.62 9.03 4.26 3.65 8.18 6.35
6.31 7.51 8.29 5.87 5.86 5.33 1.45 1.99 3.48 9.96
8.49 9.72 5.22 5.02 1.37 3.10 5.80 3.09 5.08 1.57
3.50 3.98 9.00 6.47 9.59 2.43 2.98 3.10 9.52 1.99
1.16 6.21 7.20 9.81 8.80 2.83 6.12 5.32 8.21 3.98
5.31 8.55 5.50 3.59 6.19 9.36 4.96 1.25 3.68 8.78
8.05 9.33 1.51 4.47 9.43 7.16 2.62 2.37 2.72 6.31
4.95 5.68 7.26 2.44 2.50 4.70 7.40 1.49 5.87 8.19
8.79 6.80 3.77 9.07 4.21 5.53 2.52 2.88 1.27 7.02
1.07 4.75 3.83 2.64 3.23 5.03 4.65 1.84 4.21 8.30
3.41 1.15 8.81 6.98 2.31 7.45 5.37 1.21 4.28 2.98
8.18 6.53 1.25 9.25 4.06 6.47 9.65 5.63 9.20 4.40

Demandas:
0 0 0 0 0 0 1
0 1 0 0 0 0 0
0 1 0 0 0 0 0
0 0 0 1 0 0 0
0 0 0 0 0 1 0
1 0 0 0 0 0 0
0 0 0 1 0 0 0
0 0 1 0 0 0 0
0 0 1 0 0 0 0
1 0 0 0 0 0 0
0 1 0 0 0 0 0
0 0 0 1 0 0 0
0 0 0 0 0 0 1
1 0 0 0 0 0 0
0 0 1 0 0 0 0
0 0 0 0 1 0 0
0 0 0 1 0 0 0
0 0 1 0 0 0 0
0 0 0 0 1 0 0
0 0 0 0 0 0 1
0 0 0 0 0 1 0
0 0 0 1 0 0 0
0 0 0 0 0 1 0
0 1 0 0 0 0 0
0 0 0 0 0 1 0
0 0 0 0 0 1 0
0 0 0 0 0 0 1
1 0 0 0 0 0 0
0 0 0 1 0 0 0
0 0 0 0 0 0 1
0 0 1 0 0 0 0
0 1 0 0 0 0 0
0 0 0 0 1 0 0
1 0 0 0 0 0 0
1 0 0 0 0 0 0
0 0 0 1 0 0 0
0 0 0 1 0 0 0
0 0 1 0 0 0 0
0 1 0 0 0 0 0
0 0 0 0 0 0 1
0 0 0 0 1 0 0
0 0 0 0 1 0 0
0 1 0 0 0 0 0
0 0 0 1 0 0 0
1 0 0 0 0 0 0
0 1 0 0 0 0 0
1 0 0 0 0 0 0
0 0 0 1 0 0 0
0 0 0 1 0 0 0
0 1 0 0 0 0 0
1 0 0 0 0 0 0
1 0 0 0 0 0 0
0 0 1 0 0 0 0
0 1 0 0 0 0 0
0 0 0 0 1 0 0
0 1 0 0 0 0 0
1 0 0 0 0 0 0
0 0 0 0 0 1 0
0 0 0 0 1 0 0
0 0 0 0 1 0 0
0 0 0 0 0 1 0
0 0 0 0 0 0 1
0 0 0 0 0 1 0
0 0 0 0 1 0 0
0 0 0 0 1 0 0
0 0 0 1 0 0 0
0 0 0 0 0 1 0
1 0 0 0 0 0 0
0 0 0 0 0 1 0
0 1 0 0 0 0 0
0 1 0 0 0 0 0
0 0 1 0 0 0 0
0 0 0 1 0 0 0
0 1 0 0 0 0 0
0 1 0 0 0 0 0
0 0 0 0 1 0 0
0 0 1 0 0 0 0
0 0 0 0 1 0 0
0 0 0 0 0 1 0
0 0 0 0 0 0 1
0 1 0 0 0 0 0
0 0 0 1 0 0 0
0 1 0 0 0 0 0
0 0 0 1 0 0 0
1 0 0 0 0 0 0
1 0 0 0 0 0 0
0 0 1 0 0 0 0
0 0 1 0 0 0 0
0 0 0 0 0 0 1
0 0 1 0 0 0 0
0 0 0 0 0 0 1
1 0 0 0 0 0 0
1 0 0 0 0 0 0
0 0 0 0 1 0 0
0 0 0 1 0 0 0
0 0 1 0 0 0 0
0 0 0 0 0 0 1
0 1 0 0 0 0 0
0 0 0 1 0 0 0
0 0 0 0 1 0 0
0 0 0 0 1 0 0
0 1 0 0 0 0 0
0 0 1 0 0 0 0
0 0 1 0 0 0 0
1 0 0 0 0 0 0
0 0 0 0 1 0 0
0 0 0 1 0 0 0
0 0 0 1 0 0 0
0 0 0 1 0 0 0
0 0 0 0 0 0 1
0 0 0 1 0 0 0
0 0 0 0 0 1 0
1 0 0 0 0 0 0
0 0 0 0 0 1 0
0 1 0 0 0 0 0
0 0 0 0 0 1 0
0 0 0 1 0 0 0
1 0 0 0 0 0 0
0 0 0 0 0 1 0
0 0 0 0 0 1 0
0 1 0 0 0 0 0
0 0 0 0 0 1 0
0 0 1 0 0 0 0
0 0 0 1 0 0 0
0 0 0 0 0 0 1
0 0 1 0 0 0 0
0 1 0 0 0 0 0
0 0 0 0 1 0 0
0 0 1 0 0 0 0
0 0 0 1 0 0 0
1 0 0 0 0 0 0
0 1 0 0 0 0 0
0 0 0 0 0 0 1
0 1 0 0 0 0 0
1 0 0 0 0 0 0
0 0 0 0 0 1 0
0 0 0 1 0 0 0
0 0 1 0 0 0 0
0 0 0 1 0 0 0
1 0 0 0 0 0 0
0 0 0 0 1 0 0
1 0 0 0 0 0 0
1 0 0 0 0 0 0
0 0 0 1 0 0 0
0 0 0 1 0 0 0
0 0 0 0 0 0 1
0 0 0 0 0 1 0
0 0 0 0 0 0 1
0 0 0 1 0 0 0
0 0 0 0 1 0 0
0 0 0 0 0 0 1
0 0 1 0 0 0 0
0 0 1 0 0 0 0
0 0 1 0 0 0 0
1 0 0 0 0 0 0
1 0 0 0 0 0 0
0 0 0 0 1 0 0
1 0 0 0 0 0 0
0 0 1 0 0 0 0
0 0 0 0 1 0 0
0 0 1 0 0 0 0
0 0 0 0 1 0 0
0 0 0 0 1 0 0
0 0 0 0 0 1 0
1 0 0 0 0 0 0
0 0 0 0 0 1 0
1 0 0 0 0 0 0
0 1 0 0 0 0 0
0 0 0 0 0 1 0
0 0 0 0 1 0 0
0 0 1 0 0 0 0
0 0 1 0 0 0 0
0 0 1 0 0 0 0
0 0 0 0 0 1 0
1 0 0 0 0 0 0
0 0 0 0 0 1 0
0 0 0 0 1 0 0
1 0 0 0 0 0 0
1 0 0 0 0 0 0
0 1 0 0 0 0 0
0 1 0 0 0 0 0
0 0 0 0 1 0 0
0 0 0 0 1 0 0
0 1 0 0 0 0 0
0 0 0 0 0 1 0
0 0 0 0 0 1 0
0 0 1 0 0 0 0
0 1 0 0 0 0 0
0 0 0 0 0 1 0
0 0 0 1 0 0 0
1 0 0 0 0 0 0
0 1 0 0 0 0 0
0 0 0 0 1 0 0
0 0 0 1 0 0 0
0 0 0 1 0 0 0
1 0 0 0 0 0 0
0 0 0 0 0 0 1
0 0 0 0 1 0 0
0 0 0 0 0 1 0
0 1 0 0 0 0 0
0 0 0 0 0 1 0
0 0 0 0 1 0 0
1 0 0 0 0 0 0
0 0 0 0 1 0 0
0 0 1 0 0 0 0
0 0 0 0 1 0 0
0 0 0 0 1 0 0
0 0 0 0 0 0 1
0 0 0 0 1 0 0
0 1 0 0 0 0 0
1 0 0 0 0 0 0
0 0 0 1 0 0 0
0 0 0 1 0 0 0
0 0 1 0 0 0 0
1 0 0 0 0 0 0
1 0 0 0 0 0 0
0 0 1 0 0 0 0
1 0 0 0 0 0 0
0 1 0 0 0 0 0
0 0 0 0 1 0 0
0 0 0 1 0 0 0
0 0 0 0 1 0 0
0 0 1 0 0 0 0
1 0 0 0 0 0 0
0 1 0 0 0 0 0
0 1 0 0 0 0 0
0 0 0 1 0 0 0
0 1 0 0 0 0 0
0 0 0 0 0 0 1
0 0 0 0 1 0 0
0 0 0 0 1 0 0
0 0 0 0 1 0 0
0 0 0 0 0 1 0
0 0 1 0 0 0 0
1 0 0 0 0 0 0
0 1 0 0 0 0 0
0 0 0 0 0 1 0
0 1 0 0 0 0 0
0 0 0 0 1 0 0
0 0 0 0 0 1 0
0 0 0 1 0 0 0
0 0 0 0 1 0 0
0 0 0 0 0 1 0
0 0 0 0 0 1 0
0 0 0 0 0 1 0
0 0 0 0 0 0 1
1 0 0 0 0 0 0
0 0 0 0 0 1 0
0 0 1 0 0 0 0
0 0 0 1 0 0 0
0 0 0 0 1 0 0
0 0 0 1 0 0 0
0 0 0 1 0 0 0
0 0 0 1 0 0 0
1 0 0 0 0 0 0
0 0 0 1 0 0 0
0 0 0 0 0 0 1
1 0 0 0 0 0 0
0 0 0 1 0 0 0
0 0 0 1 0 0 0
0 0 0 1 0 0 0
0 0 0 1 0 0 0
0 0 0 1 0 0 0
0 0 0 0 1 0 0
0 0 0 0 1 0 0
0 0 0 0 0 1 0
0 1 0 0 0 0 0
0 0 1 0 0 0 0
1 0 0 0 0 0 0
0 0 0 1 0 0 0
0 1 0 0 0 0 0
0 0 0 0 0 1 0
0 0 0 0 1 0 0
0 0 0 0 0 1 0
0 0 1 0 0 0 0
0 0 0 0 0 0 1
0 0 0 0 1 0 0
0 1 0 0 0 0 0
0 0 0 1 0 0 0
0 1 0 0 0 0 0
0 0 0 0 0 1 0
1 0 0 0 0 0 0
0 0 0 0 1 0 0
0 0 0 0 0 1 0
0 0 0 0 0 1 0
0 0 0 0 0 0 1
0 0 0 0 0 0 1
0 0 0 0 0 1 0
0 0 0 0 1 0 0
1 0 0 0 0 0 0
0 0 0 0 0 0 1
0 1 0 0 0 0 0
0 0 0 0 0 1 0
0 0 0 0 0 1 0
0 1 0 0 0 0 0
1 0 0 0 0 0 0
0 1 0 0 0 0 0
0 0 0 0 0 0 1
0 0 0 0 0 1 0
0 0 0 0 0 0 1
0 0 0 0 1 0 0
0 0 0 0 0 1 0
0 0 1 0 0 0 0
0 1 0 0 0 0 0
0 0 1 0 0 0 0
1 0 0 0 0 0 0
0 0 1 0 0 0 0
1 0 0 0 0 0 0
0 0 0 1 0 0 0
0 1 0 0 0 0 0
0 0 0 0 1 0 0
0 0 0 0 1 0 0
1 0 0 0 0 0 0
0 0 0 0 0 1 0
1 0 0 0 0 0 0
0 0 0 1 0 0 0
0 1 0 0 0 0 0
0 0 0 0 0 0 1
1 0 0 0 0 0 0
0 0 0 1 0 0 0
0 1 0 0 0 0 0
0 0 0 0 1 0 0
1 0 0 0 0 0 0
0 0 0 0 0 1 0
0 1 0 0 0 0 0
0 0 1 0 0 0 0
0 0 0 0 0 1 0
0 0 1 0 0 0 0
0 0 0 0 1 0 0
0 0 0 1 0 0 0
0 0 1 0 0 0 0
0 0 0 0 0 0 1
1 0 0 0 0 0 0
0 0 0 0 1 0 0
0 0 1 0 0 0 0
0 0 0 0 0 0 1
0 0 0 0 0 1 0
0 1 0 0 0 0 0
0 0 1 0 0 0 0
1 0 0 0 0 0 0
0 0 0 0 0 1 0
0 1 0 0 0 0 0
0 0 0 0 1 0 0
0 0 0 0 0 1 0
1 0 0 0 0 0 0
1 0 0 0 0 0 0
0 1 0 0 0 0 0
0 0 0 1 0 0 0
0 0 0 0 0 1 0
0 0 1 0 0 0 0
1 0 0 0 0 0 0
0 0 0 0 1 0 0
0 0 0 1 0 0 0
0 0 0 0 0 0 1
0 0 0 1 0 0 0
0 0 0 1 0 0 0
0 0 1 0 0 0 0
0 0 0 0 1 0 0
0 0 0 0 0 0 1
0 0 0 0 0 0 1
0 0 0 0 0 1 0
0 0 0 0 0 0 1
0 1 0 0 0 0 0
0 0 0 0 0 1 0
0 0 0 0 1 0 0
0 0 1 0 0 0 0
1 0 0 0 0 0 0
0 0 0 0 0 1 0
0 0 0 0 0 0 1
0 0 0 0 0 1 0
0 1 0 0 0 0 0
0 0 1 0 0 0 0
0 0 0 0 1 0 0
0 0 0 0 0 1 0
1 0 0 0 0 0 0
0 0 1 0 0 0 0
0 1 0 0 0 0 0
0 0 0 0 0 0 1
0 1 0 0 0 0 0
0 0 0 0 0 1 0
1 0 0 0 0 0 0
1 0 0 0 0 0 0
0 0 0 0 1 0 0
1 0 0 0 0 0 0
0 0 0 0 0 1 0
0 0 0 0 0 1 0
0 0 0 0 0 1 0
1 0 0 0 0 0 0
0 0 0 1 0 0 0
0 0 0 0 1 0 0
1 0 0 0 0 0 0
0 0 0 0 0 0 1
1 0 0 0 0 0 0
0 0 0 0 1 0 0
0 0 1 0 0 0 0
0 0 0 0 0 0 1
0 1 0 0 0 0 0
0 1 0 0 0 0 0
1 0 0 0 0 0 0
0 0 0 1 0 0 0
0 0 0 0 0 0 1
0 0 0 1 0 0 0
0 1 0 0 0 0 0
0 0 0 0 0 0 1
1 0 0 0 0 0 0
0 0 0 0 1 0 0
0 0 0 0 1 0 0
0 0 0 0 0 0 1
0 0 1 0 0 0 0
0 0 0 0 0 1 0
0 0 0 0 1 0 0
1 0 0 0 0 0 0
1 0 0 0 0 0 0
0 0 0 0 0 1 0
1 0 0 0 0 0 0
0 0 1 0 0 0 0
0 0 0 0 0 1 0
0 0 0 0 0 1 0
0 0 0 0 1 0 0
0 0 1 0 0 0 0
1 0 0 0 0 0 0
0 0 0 1 0 0 0
1 0 0 0 0 0 0
1 0 0 0 0 0 0
0 0 0 0 0 0 1
0 0 0 0 1 0 0
0 0 1 0 0 0 0
0 0 0 1 0 0 0
1 0 0 0 0 0 0
0 0 0 0 1 0 0
1 0 0 0 0 0 0
0 0 0 0 0 0 1
0 1 0 0 0 0 0
0 0 0 0 1 0 0
1 0 0 0 0 0 0
0 0 0 0 1 0 0
1 0 0 0 0 0 0
0 0 1 0 0 0 0
0 0 0 0 0 0 1
0 1 0 0 0 0 0
0 0 1 0 0 0 0
1 0 0 0 0 0 0
0 1 0 0 0 0 0
0 0 0 0 0 0 1
0 0 0 0 0 1 0
0 1 0 0 0 0 0
0 0 0 0 1 0 0
0 1 0 0 0 0 0
0 0 1 0 0 0 0
1 0 0 0 0 0 0
0 0 1 0 0 0 0
0 0 0 1 0 0 0
0 0 1 0 0 0 0
0 0 1 0 0 0 0
0 0 0 0 0 1 0
1 0 0 0 0 0 0
0 0 1 0 0 0 0
0 0 0 0 0 0 1
0 0 1 0 0 0 0
0 0 1 0 0 0 0
0 1 0 0 0 0 0
0 0 0 0 1 0 0
0 0 0 1 0 0 0
0 0 0 0 0 0 1
0 0 0 0 0 1 0
0 0 0 0 1 0 0
0 0 0 0 0 0 1
1 0 0 0 0 0 0
1 0 0 0 0 0 0
0 0 0 0 0 0 1
1 0 0 0 0 0 0
1 0 0 0 0 0 0
1 0 0 0 0 0 0
1 0 0 0 0 0 0
0 0 0 0 0 0 1
0 0 0 0 0 1 0
0 0 0 0 1 0 0
1 0 0 0 0 0 0
1 0 0 0 0 0 0
0 1 0 0 0 0 0
0 0 0 0 1 0 0
0 0 0 0 1 0 0
0 0 0 0 0 0 1
0 0 0 0 0 1 0
0 0 1 0 0 0 0
0 0 1 0 0 0 0
0 0 0 1 0 0 0
0 0 0 0 1 0 0
0 0 1 0 0 0 0
0 0 1 0 0 0 0
0 0 1 0 0 0 0
0 0 0 0 1 0 0
0 0 1 0 0 0 0
0 0 0 1 0 0 0
1 0 0 0 0 0 0
0 0 0 1 0 0 0
0 0 1 0 0 0 0
0 0 1 0 0 0 0
0 0 1 0 0 0 0
0 0 0 1 0 0 0

Capacidades:
37 57 38 46 48 41 44
55 0 27 30 49 55 45
31 32 22 20 59 29 56
31 46 0 38 23 39 43
24 49 0 58 42 34 52
56 0 57 58 58 39 56
0 33 47 29 28 54 39
25 57 47 44 31 58 37
23 43 28 34 20 48 50
51 21 40 50 45 41 35
