m: 1000
n: 10
p: 7

Distancias:
4.51 2.53 6.38 5.82 6.73 7.60 2.75 8.40 8.04 7.22
7.22 7.32 9.30 4.48 4.26 9.41 8.23 5.62 5.46 9.19
7.85 8.19 1.64 8.04 4.22 8.03 6.59 6.25 7.88 5.09
9.64 6.41 7.10 4.95 9.86 6.62 7.16 8.31 5.18 3.74
6.66 1.02 8.15 4.97 3.64 2.69 2.27 4.11 2.38 3.57
8.92 9.92 5.71 3.20 5.34 5.39 3.10 7.13 2.65 5.05
6.84 9.91 8.92 4.09 2.08 1.27 8.29 9.98 9.15 7.30
8.77 4.07 6.95 8.37 4.04 2.51 3.11 2.56 6.00 2.49
7.92 7.18 8.20 4.99 8.68 4.64 8.43 2.74 2.45 6.27
6.77 2.91 5.33 2.94 3.94 5.82 3.53 3.41 9.79 7.37
2.19 1.32 8.63 1.86 4.06 4.62 8.88 4.42 5.39 8.81
5.75 3.60 6.80 2.81 4.63 6.21 4.06 3.99 5.57 4.91
7.30 3.78 6.94 4.78 4.95 1.66 7.95 5.28 3.89 7.12
4.09 3.19 8.88 2.38 1.68 7.66 8.05 8.18 9.65 2.29
6.64 2.42 1.48 2.19 6.75 3.33 7.24 2.96 5.56 3.32
1.31 2.88 9.86 6.96 9.15 1.14 4.15 4.68 7.85 7.71
2.75 4.34 8.50 5.11 8.84 6.37 7.03 7.17 1.41 9.21
6.34 9.42 4.59 2.43 9.85 8.24 5.74 7.15 7.59 8.94
2.48 2.15 3.88 6.19 6.08 9.58 1.06 3.18 8.15 5.70
4.11 3.03 9.67 8.04 7.89 6.02 2.36 7.77 3.23 8.21
8.20 4.02 4.98 4.89 5.27 5.24 5.03 5.33 5.27 8.77
2.88 4.85 2.29 8.17 8.84 5.72 7.95 8.02 3.83 6.36
1.36 5.77 5.84 8.28 5.82 4.57 3.55 9.47 1.01 9.84
5.93 2.30 6.65 4.60 7.58 6.89 5.85 7.27 3.35 4.80
7.56 9.01 2.05 6.84 5.76 6.32 3.67 7.96 2.38 1.25
8.17 7.78 9.09 9.33 6.65 5.79 1.97 7.84 3.30 1.01
8.24 7.47 4.60 8.27 8.25 5.03 6.06 3.13 4.10 1.11
5.46 6.51 4.29 8.54 2.15 7.41 1.19 2.61 9.86 3.15
9.98 7.51 7.02 3.24 9.25 9.55 9.53 2.11 5.97 2.90
2.06 5.49 2.45 9.75 3.04 4.55 7.83 6.33 8.51 6.77
7.78 2.54 1.73 8.66 8.32 6.43 9.80 6.92 9.12 6.34
8.39 9.86 3.08 4.49 1.00 6.38 4.30 7.58 1.92 2.39
3.22 8.47 5.62 2.42 3.16 1.87 9.46 7.53 1.81 5.16
7.59 4.94 1.40 4.92 2.25 7.60 9.74 1.58 4.33 1.26
2.91 8.87 8.70 6.30 7.34 7.15 5.01 9.18 4.77 9.88
2.65 6.06 5.06 6.35 3.02 7.40 3.13 9.75 4.38 4.06
8.21 3.52 3.73 4.87 7.27 5.02 1.92 5.14 8.82 3.49
1.21 5.34 9.44 6.61 3.19 9.36 4.61 8.41 9.95 3.89
4.39 3.84 9.74 8.30 1.84 1.30 4.24 6.17 8.15 9.66
1.89 6.72 4.87 2.06 1.38 5.11 7.39 8.64 9.50 7.90
7.42 1.71 1.81 9.47 1.23 3.95 2.53 3.02 8.72 7.60
3.09 3.04 5.92 2.72 8.70 7.32 4.03 6.96 1.46 7.59
7.83 6.03 5.42 9.67 4.42 4.38 8.54 4.97 3.03 5.50
1.80 9.65 4.51 5.66 7.72 6.63 9.71 4.29 4.02 5.30
2.35 7.19 4.78 4.61 2.75 2.62 5.45 1.62 9.65 1.27
3.69 7.76 3.79 7.50 3.30 6.56 9.52 2.44 2.23 9.64
7.97 1.72 3.30 4.30 2.76 9.25 7.43 4.16 8.48 5.89
9.17 7.66 1.66 3.36 2.45 9.57 8.19 6.74 4.20 3.30
6.78 9.59 6.12 3.16 2.84 1.28 2.51 1.07 1.44 1.40
9.55 6.84 9.40 8.55 9.58 3.04 9.87 8.95 9.75 5.38
7.84 4.28 3.16 3.04 1.64 7.83 8.57 6.54 9.89 7.43
4.00 9.26 9.17 6.60 9.53 9.75 6.66 5.08 5.00 5.14
2.73 6.41 6.49 7.67 8.68 4.29 5.69 8.37 3.03 7.36
9.68 8.41 2.64 8.61 2.50 3.40 4.83 1.67 3.80 2.44
3.78 7.01 5.17 2.15 2.97 7.81 3.59 4.65 4.96 8.38
1.98 6.46 1.20 4.35 3.33 4.73 2.55 5.01 1.31 9.15
9.66 2.62 1.97 8.04 6.82 7.31 4.70 5.88 6.97 1.62
5.62 1.60 9.94 4.74 1.86 7.49 7.61 8.57 9.18 2.90
8.53 6.24 1.01 8.92 7.01 8.87 6.22 6.93 7.59 7.41
7.04 9.32 6.92 6.12 9.92 8.85 1.66 2.20 4.94 3.68
6.55 5.61 7.52 2.89 7.54 7.14 3.91 7.03 7.50 8.89
4.02 6.84 7.33 1.03 3.92 8.02 6.26 2.02 1.72 6.11
5.46 1.22 9.24 3.37 9.51 4.86 2.36 6.77 5.36 3.95
7.97 1.22 1.94 3.77 9.46 4.08 1.09 7.18 8.25 8.68
8.01 3.88 4.68 1.77 3.44 5.53 1.76 4.74 8.98 6.04
3.43 6.09 4.97 8.10 9.43 3.17 5.94 8.39 5.40 6.90
6.26 3.39 2.43 5.92 1.60 5.82 2.21 3.08 9.72 7.24
9.29 5.66 9.27 7.28 3.34 1.05 6.62 3.63 4.39 7.14
7.72 7.80 2.28 3.70 3.43 3.98 9.12 3.16 3.92 8.65
2.87 7.79 3.59 5.81 2.59 2.06 4.85 2.26 9.56 6.52
9.15 8.16 6.14 2.41 3.62 5.30 9.76 2.26 4.49 7.21
2.93 9.38 9.62 7.84 6.85 2.52 4.97 4.37 1.69 8.55
7.47 9.26 5.76 1.87 5.93 4.57 3.04 8.78 7.05 3.13
3.59 1.40 6.40 6.54 7.94 1.10 1.32 3.65 5.54 7.48
4.98 8.68 2.56 2.93 6.85 7.51 7.32 3.17 4.68 7.42
6.94 9.68 3.90 2.31 4.44 9.88 8.27 7.95 6.69 2.08
2.25 1.25 7.57 2.82 3.29 3.73 5.58 7.70 6.60 2.91
7.63 9.16 2.94 9.84 9.44 7.34 4.06 3.82 6.43 4.86
3.34 4.43 5.72 9.30 8.71 9.31 6.36 9.93 6.23 5.03
3.65 8.16 9.06 7.60 8.44 8.01 1.23 7.94 9.89 8.34
7.42 8.33 1.41 4.75 9.56 3.08 7.77 1.95 4.01 4.29
4.14 4.90 2.76 4.34 5.23 3.98 5.92 5.62 9.41 6.23
1.29 5.79 1.91 2.04 2.89 1.73 1.70 5.42 1.89 9.02
7.12 7.04 2.66 4.46 8.64 2.02 1.48 6.38 7.18 6.50
5.15 2.41 5.45 4.18 9.34 6.08 3.25 4.17 1.01 3.69
6.52 3.93 2.35 3.91 9.89 9.81 7.82 4.71 9.70 3.02
6.86 1.58 4.54 3.59 5.38 3.92 4.47 9.93 9.70 7.99
4.95 2.74 3.95 2.61 3.59 4.31 4.86 5.22 4.51 1.48
1.20 6.17 7.18 9.39 3.55 2.77 3.38 5.01 7.89 6.20
4.99 6.59 5.25 5.29 2.22 2.70 8.05 6.37 1.67 5.61
8.73 6.61 3.35 8.10 3.87 9.51 9.64 4.09 4.32 2.82
4.47 8.01 6.09 9.74 9.92 3.26 7.04 9.25 9.34 6.09
1.90 1.66 3.68 8.09 8.81 8.84 9.62 7.30 8.14 7.82
1.07 4.11 3.86 9.00 9.03 8.30 7.05 7.85 3.99 7.31
5.85 5.29 1.93 9.13 3.37 1.70 6.28 5.41 2.10 6.78
1.39 6.94 3.44 2.55 7.49 6.89 1.84 5.23 3.13 2.32
5.34 4.61 2.18 2.02 4.43 5.64 2.52 3.46 9.70 5.20
3.54 2.32 1.71 5.15 5.19 3.39 1.50 1.52 5.85 1.51
8.94 4.67 4.91 4.69 3.54 5.84 6.67 5.02 9.47 7.92
1.65 3.27 8.06 2.20 1.96 3.32 4.63 6.28 1.78 6.15
4.78 2.61 3.85 7.13 2.38 9.04 6.40 8.60 7.07 2.54
6.26 2.35 9.39 5.84 9.71 6.60 1.54 8.34 2.28 3.08
8.05 3.34 5.90 8.95 7.28 3.50 8.14 6.68 4.94 2.38
2.14 3.39 7.94 5.79 3.24 2.56 1.72 1.75 5.50 8.23
1.41 7.42 3.98 9.35 6.13 5.59 1.89 3.31 2.89 4.93
7.53 1.31 6.19 6.77 9.93 7.83 1.59 1.23 8.11 7.13
9.65 9.84 7.52 2.90 2.83 6.02 2.69 2.69 6.02 6.63
1.70 5.01 8.03 2.28 2.52 1.68 9.28 4.59 4.53 9.10
4.63 9.49 1.70 1.42 5.27 5.02 9.10 3.31 8.31 6.56
7.61 6.98 9.87 8.13 7.48 4.80 8.91 7.39 6.98 4.62
4.94 7.29 8.21 9.30 7.01 1.54 8.12 4.80 6.76 9.34
8.06 6.84 3.36 5.67 4.02 9.71 2.96 2.99 9.93 9.58
6.27 6.36 4.11 4.84 8.58 8.47 2.03 1.77 4.76 9.23
9.21 3.75 3.24 3.47 8.58 2.83 2.11 7.94 8.06 1.57
9.19 2.81 6.31 2.64 9.03 5.27 3.35 6.10 7.23 3.51
7.63 10.00 6.76 5.22 2.29 6.94 6.94 1.92 1.07 7.78
2.34 4.02 2.89 4.69 7.22 8.72 7.00 2.74 3.19 6.53
3.98 8.48 3.02 6.63 2.35 5.83 2.50 8.73 9.80 8.43
2.89 6.69 8.09 1.94 5.99 8.87 5.87 7.65 2.89 2.45
7.45 7.64 2.37 8.77 7.61 7.75 1.04 2.55 5.86 6.96
2.25 1.68 4.69 8.95 7.85 7.30 8.26 1.63 9.55 5.77
1.88 2.14 2.36 9.95 6.95 9.38 1.67 10.00 6.34 1.12
9.85 5.60 2.95 8.69 2.86 7.18 5.12 5.37 1.34 6.36
6.37 7.24 8.43 4.27 9.93 7.56 6.36 9.85 4.86 8.16
4.53 1.20 8.51 6.79 9.06 8.32 7.08 4.20 6.45 3.56
7.71 2.20 3.90 5.27 9.91 8.38 1.19 2.50 4.05 7.87
8.11 7.63 5.46 4.49 7.79 3.28 8.57 4.85 5.83 1.96
4.99 4.78 5.66 7.21 6.99 6.54 1.14 7.05 4.17 1.57
1.53 2.34 4.36 2.44 2.73 2.05 9.03 1.67 7.06 2.10
5.29 5.60 3.45 6.77 7.05 2.69 5.96 6.18 6.43 4.15
4.89 6.04 6.33 4.81 1.90 5.54 4.81 9.80 1.97 9.98
5.49 3.09 3.46 5.34 9.88 1.59 7.94 8.89 9.95 3.70
6.69 5.74 2.89 1.46 6.07 7.46 9.97 1.69 6.22 9.92
5.16 6.62 2.87 8.17 3.92 1.05 6.09 2.73 6.70 9.34
8.97 8.09 2.03 4.10 1.38 3.87 6.96 8.01 4.30 9.17
3.22 9.96 9.74 2.55 5.85 2.47 6.65 5.91 8.04 3.03
1.75 9.56 9.54 9.28 9.21 5.81 2.97 7.96 1.52 2.34
2.93 8.88 6.80 7.90 1.60 7.21 2.00 2.43 7.19 8.95
5.52 8.78 2.10 4.06 2.59 3.51 5.60 5.10 8.62 8.54
4.40 6.66 4.92 9.84 2.88 1.69 8.38 3.64 7.85 6.21
1.06 9.12 5.25 4.91 2.02 5.04 4.73 8.75 1.11 1.01
9.66 3.62 8.18 7.61 2.30 9.01 4.14 6.00 4.45 5.62
1.08 3.66 9.80 2.57 4.12 5.57 9.74 2.92 9.64 3.06
1.92 1.44 1.69 4.93 6.86 6.76 9.82 1.33 8.16 2.92
9.12 2.07 8.48 9.21 4.58 9.52 8.91 6.47 9.92 6.74
1.75 3.87 4.02 8.69 4.55 8.89 2.01 3.48 4.24 5.34
9.97 7.74 4.27 2.32 7.32 8.87 8.35 1.09 8.93 4.27
3.84 8.00 8.62 3.47 8.73 1.02 4.45 7.43 9.79 9.48
4.65 6.26 9.65 2.28 4.24 8.49 5.51 6.17 3.38 5.48
3.04 3.29 8.15 3.66 7.03 9.64 5.95 9.71 9.59 5.59
3.36 9.21 4.99 7.21 1.62 1.55 3.37 5.97 8.05 8.15
7.86 6.84 1.49 5.51 9.66 5.22 7.58 4.30 4.36 7.48
4.61 3.11 9.65 8.58 9.51 1.67 8.08 1.80 8.91 7.59
8.03 8.33 7.05 6.19 9.03 7.32 4.36 5.45 4.96 6.19
5.16 4.29 8.27 8.86 7.16 2.04 3.30 2.54 5.77 9.08
6.06 7.94 9.60 9.65 6.67 4.44 5.89 2.08 8.32 6.12
7.76 7.61 9.17 9.69 1.59 8.67 6.48 1.94 9.48 3.15
7.37 6.84 7.77 1.99 5.06 3.99 1.59 2.13 6.55 2.89
8.37 2.10 5.75 3.91 1.36 3.79 4.65 5.25 1.76 3.95
2.00 2.25 5.91 7.78 9.78 7.38 6.31 2.37 6.24 7.39
1.30 8.04 9.58 5.97 7.34 2.23 3.66 3.23 2.41 5.44
3.09 5.24 7.76 1.26 4.76 3.00 7.82 7.64 6.00 3.95
2.06 5.34 2.09 9.34 3.80 3.45 1.47 8.64 4.51 7.52
5.09 3.50 8.23 6.21 2.75 1.01 4.93 8.50 7.17 9.01
2.65 3.60 9.23 9.00 1.43 3.27 7.99 5.39 9.21 9.62
3.90 2.80 8.14 3.13 1.22 6.07 1.97 5.34 8.65 3.02
3.89 1.36 1.25 8.68 3.40 6.96 3.97 9.82 6.00 1.02
1.10 6.31 5.19 7.09 2.11 5.42 3.89 7.02 4.08 5.70
1.56 5.20 6.06 8.66 4.22 3.85 3.12 7.83 7.81 6.91
1.75 2.69 9.19 1.28 7.77 6.64 6.17 6.19 3.97 2.75
4.04 7.90 8.56 7.40 9.30 6.99 4.09 5.02 2.90 6.01
9.45 4.34 6.92 8.01 9.12 6.33 6.31 9.86 4.76 6.77
2.89 6.86 8.50 7.25 6.83 1.55 5.68 2.50 7.69 4.93
2.28 9.50 5.08 4.35 9.16 8.35 9.92 4.17 1.43 7.54
7.56 2.66 9.41 6.50 1.70 5.30 8.99 5.51 5.27 6.44
7.53 3.99 3.84 2.36 9.69 1.46 1.40 3.47 3.90 8.10
8.92 5.68 2.76 4.15 5.98 5.96 8.17 6.98 9.61 1.42
9.53 9.86 2.99 4.73 3.24 1.22 5.96 3.43 5.75 6.20
3.82 9.91 8.43 4.05 7.15 5.75 4.84 1.83 8.88 2.45
6.17 5.12 8.14 7.74 8.73 1.04 6.94 1.56 8.66 5.27
9.33 1.04 8.05 6.58 4.02 5.72 5.75 1.36 9.61 3.42
6.45 5.63 8.85 4.97 5.22 3.57 5.76 4.44 7.89 5.46
9.21 8.05 4.54 9.43 3.43 4.41 5.74 2.28 4.70 4.87
9.03 9.25 6.14 7.69 7.46 8.46 3.43 7.12 9.56 8.79
4.83 3.55 9.84 4.82 2.71 6.81 4.75 5.11 3.66 4.50
3.28 5.47 8.23 3.34 7.02 9.04 2.58 3.77 7.59 2.13
8.86 1.23 8.65 1.23 9.96 5.17 9.14 6.33 1.59 8.44
5.64 5.02 6.50 4.03 2.17 7.29 2.08 4.56 5.49 3.55
6.84 3.96 4.39 1.04 3.86 9.25 4.39 3.77 9.10 9.93
3.75 5.83 9.99 5.46 5.05 6.33 3.42 2.56 1.17 2.66
8.09 1.52 7.95 6.11 9.22 4.39 9.98 3.54 2.71 1.09
7.12 5.29 4.47 9.29 1.08 3.87 8.37 7.97 8.39 9.62
1.29 8.85 7.07 7.34 7.75 1.62 3.62 2.19 3.08 5.35
8.59 7.90 9.34 2.15 1.48 2.21 1.77 5.62 1.18 8.08
4.57 4.63 3.82 2.69 9.11 1.74 8.19 4.84 8.59 9.73
3.12 4.00 4.82 9.58 8.60 1.93 1.16 4.59 6.92 8.70
6.99 8.90 9.82 3.02 6.38 8.22 6.93 9.26 3.97 8.04
1.45 3.17 2.85 9.85 4.54 2.45 9.96 5.31 1.16 9.52
2.33 4.45 8.26 4.30 7.92 7.93 3.22 5.42 9.66 8.46
9.32 1.60 3.50 7.63 3.32 9.61 1.80 7.40 6.74 5.77
5.53 4.55 1.33 5.12 5.95 1.74 1.67 5.54 9.69 1.86
4.12 3.35 2.83 2.12 6.29 7.01 6.40 2.08 2.57 7.97
1.31 6.42 9.99 4.21 2.01 9.77 6.59 5.14 9.46 5.21
4.61 6.99 1.47 3.87 8.80 5.26 9.71 9.84 4.73 8.34
7.25 8.03 7.68 2.56 3.15 7.64 7.81 2.39 5.05 1.49
5.62 5.37 2.03 9.60 5.07 4.27 2.97 7.50 3.83 5.93
8.26 9.62 4.61 7.82 6.23 2.17 2.13 7.22 4.20 7.27
5.57 5.91 9.28 4.22 6.63 4.26 4.35 9.99 5.51 6.51
5.76 1.43 9.05 8.66 9.44 5.71 2.97 9.11 7.52 8.65
4.73 3.00 6.05 8.61 4.38 4.24 6.60 8.12 5.30 9.33
4.23 7.42 2.23 9.11 2.98 3.77 8.23 3.00 9.38 6.75
4.44 4.82 7.81 9.87 8.10 9.64 5.33 2.92 1.10 7.40
1.26 2.72 9.94 4.19 1.47 2.02 9.53 6.47 1.51 6.06
6.35 8.89 7.83 7.52 1.16 1.45 1.17 9.71 8.85 2.77
4.04 8.17 7.72 7.95 9.45 3.41 9.69 8.60 6.10 1.84
5.76 9.22 8.58 8.08 5.65 7.05 7.19 8.63 6.47 8.83
6.42 4.72 8.37 7.28 9.05 1.94 3.76 5.41 5.18 3.66
1.46 6.16 6.54 7.68 6.50 9.83 6.00 3.53 4.38 1.87
6.96 7.90 3.38 7.92 8.03 6.93 4.36 3.87 5.51 9.83
5.04 3.57 1.38 1.07 5.91 7.52 9.09 6.80 9.74 8.70
2.46 9.13 9.34 5.19 9.32 1.90 7.04 7.93 2.23 9.92
2.22 4.03 7.28 1.23 8.56 3.18 8.78 8.35 8.76 5.98
8.26 4.51 7.04 9.60 5.79 1.09 1.04 6.62 4.17 6.15
7.10 1.95 7.06 5.17 9.12 6.96 3.25 6.51 1.54 3.51
1.95 7.64 6.78 3.58 3.00 6.36 8.60 7.64 9.94 5.06
3.36 7.95 4.85 4.46 6.35 2.27 2.97 3.34 4.29 3.75
7.01 3.98 1.59 8.19 6.07 6.60 2.62 4.22 1.19 7.06
8.04 2.94 6.99 4.37 3.95 9.12 7.64 2.43 9.67 2.70
2.78 9.54 1.96 5.64 1.92 4.53 5.66 3.25 3.66 3.88
9.87 5.70 5.38 1.30 5.29 6.91 1.29 1.03 3.55 1.43
1.92 7.27 2.16 1.33 2.07 5.10 5.13 8.39 1.36 9.75
1.86 8.78 4.86 8.16 3.78 1.22 1.26 2.32 7.24 9.72
6.66 3.03 2.23 9.85 2.25 7.96 5.37 5.44 2.61 6.71
1.85 8.83 1.77 2.85 2.55 8.05 1.90 2.66 3.02 6.73
9.89 7.11 4.23 5.79 5.72 7.62 2.08 2.27 5.33 5.59
3.89 9.40 9.44 7.35 7.35 1.74 4.08 8.11 1.55 8.42
6.85 7.46 3.07 1.86 8.24 9.71 4.27 1.30 3.71 3.67
7.88 3.32 1.58 3.63 1.23 3.95 2.80 8.86 2.79 4.28
7.76 4.29 5.05 5.51 8.92 8.94 2.92 9.75 9.24 2.03
1.36 3.50 3.34 2.90 5.17 1.52 3.77 9.02 7.69 3.43
4.82 9.97 2.92 9.90 8.97 8.96 1.32 4.47 8.83 5.88
5.36 8.15 2.64 8.00 3.26 9.84 5.47 2.24 4.83 9.31
8.63 7.44 5.30 3.27 2.04 4.65 3.46 4.53 2.13 7.10
5.51 5.44 8.76 9.84 2.34 4.21 2.67 9.77 4.80 4.84
6.45 5.44 3.34 3.92 3.82 8.56 5.52 1.42 2.68 7.89
2.58 5.05 4.32 3.73 9.26 4.26 2.76 3.06 5.42 4.92
4.51 3.58 7.13 9.75 5.69 8.83 4.85 2.01 6.51 4.30
5.31 2.82 4.91 6.54 5.75 5.43 6.26 9.33 1.68 7.15
6.12 9.11 6.71 4.34 3.31 7.11 8.69 9.23 5.15 2.22
8.55 2.58 5.20 6.87 4.11 8.06 4.66 7.06 5.48 1.42
5.53 8.87 8.85 6.48 3.85 6.85 3.69 6.67 4.04 6.02
8.23 3.37 2.18 3.65 4.42 9.37 6.25 2.46 1.66 8.01
8.82 10.00 4.93 9.80 7.26 1.98 2.32 4.74 9.70 7.60
1.17 8.57 5.02 5.83 6.29 6.44 6.03 4.52 5.09 3.78
9.59 6.36 9.98 8.35 8.88 4.40 6.62 4.05 6.29 4.36
1.73 3.45 9.92 1.58 7.17 7.06 1.98 9.84 5.06 9.17
6.15 8.52 1.55 4.65 1.25 6.33 8.35 6.61 1.74 8.74
4.52 3.19 9.64 9.43 3.25 8.95 6.31 1.40 3.07 7.57
4.27 2.31 4.13 8.58 4.36 3.51 4.08 3.75 1.08 9.91
8.42 6.41 6.75 2.87 2.28 8.66 4.78 9.29 5.89 2.40
7.52 6.67 9.57 5.06 8.25 6.79 2.20 4.14 6.90 3.72
6.26 8.03 8.73 9.57 6.40 6.96 1.02 7.96 8.43 2.33
5.82 4.27 5.17 8.51 2.93 7.70 4.51 5.57 9.97 3.12
1.20 2.49 2.25 8.78 6.73 6.88 1.25 3.40 9.41 8.42
7.19 7.81 9.86 1.08 4.19 8.58 5.01 5.57 7.63 3.95
3.41 4.37 1.32 1.69 9.77 3.72 6.93 9.43 5.84 9.98
7.42 7.62 3.19 8.43 1.54 9.01 1.14 3.85 2.09 2.42
5.20 2.25 8.94 5.84 1.12 8.22 9.53 4.39 2.21 1.74
5.33 8.26 7.20 3.64 7.54 3.65 9.02 8.45 2.44 8.03
1.44 3.98 4.21 4.62 9.60 7.39 5.62 4.83 1.22 5.70
4.90 8.82 8.84 3.62 1.53 8.33 4.41 9.34 6.96 9.57
1.53 8.67 3.56 7.87 8.95 2.60 5.32 4.96 5.52 5.84
5.79 9.57 2.04 5.85 2.20 4.02 2.67 3.98 8.46 3.02
2.30 8.15 1.35 7.57 3.25 4.21 4.47 9.74 9.06 3.30
3.42 4.85 8.96 1.80 1.30 6.80 6.99 3.31 3.23 1.14
3.72 3.86 3.00 7.02 1.42 2.52 7.03 1.97 7.34 5.03
2.32 4.83 8.64 9.64 2.57 7.14 7.27 1.75 8.73 2.27
7.80 4.02 1.92 9.82 3.79 9.36 9.18 6.13 3.54 6.56
2.85 2.62 1.23 9.20 5.57 5.72 7.95 8.06 8.65 2.43
6.15 7.81 6.14 9.61 5.78 5.35 6.90 2.62 2.62 1.93
4.59 1.20 2.89 1.99 4.67 9.50 3.64 2.48 6.00 2.62
6.34 6.81 2.32 3.33 3.80 3.69 6.88 1.70 4.54 4.10
5.77 7.95 1.08 3.10 8.43 9.80 1.77 6.22 7.19 5.25
9.45 7.62 9.29 4.35 5.10 5.08 2.19 6.40 8.92 1.15
9.30 9.92 1.18 2.85 8.43 2.51 6.04 8.59 3.59 5.29
9.06 1.64 1.11 2.95 2.66 3.35 9.44 4.67 4.89 7.70
2.99 6.90 5.30 9.86 6.91 9.82 2.97 8.55 9.43 5.32
8.27 6.46 9.07 3.91 1.40 9.30 4.53 9.44 5.50 8.70
4.64 9.27 3.91 6.81 8.95 1.33 9.97 8.45 4.18 3.38
7.96 5.01 7.14 1.32 9.18 8.46 4.97 6.50 8.78 9.32
7.58 5.64 5.77 2.60 2.54 3.52 5.97 1.00 6.67 8.75
3.13 5.48 5.14 3.45 7.23 5.05 3.01 3.07 3.33 9.94
9.15 8.10 4.61 3.35 3.64 5.81 7.83 5.58 8.20 7.28
4.00 1.43 9.52 7.59 3.96 7.46 4.66 9.15 6.91 9.92
6.99 8.51 6.23 2.54 4.08 3.13 1.47 2.90 7.29 7.77
8.47 5.21 7.35 3.69 4.00 1.83 3.11 3.91 4.60 6.21
6.80 9.22 4.94 7.14 9.27 4.78 6.02 4.20 9.81 3.43
8.57 8.64 5.86 8.88 7.39 4.27 4.42 2.91 1.39 9.55
8.86 7.17 9.43 6.88 7.29 3.80 2.04 1.43 4.35 4.06
9.48 8.21 1.54 3.90 8.03 3.99 5.25 7.07 7.51 3.09
9.92 6.80 5.82 7.81 4.37 7.77 4.67 4.65 2.45 6.90
7.22 6.46 7.57 5.92 5.98 7.44 9.84 4.81 5.14 2.72
3.86 7.21 2.27 6.62 8.85 6.91 5.33 1.97 7.70 8.42
8.52 8.60 9.78 3.19 6.89 8.88 1.67 8.96 7.54 5.21
4.13 8.34 8.61 3.62 6.32 5.89 6.18 4.90 8.53 7.33
5.43 5.27 2.99 6.16 4.57 7.15 4.12 4.90 5.48 6.84
3.56 8.73 4.62 6.66 1.29 2.07 9.61 9.15 9.41 3.23
3.06 3.74 3.33 7.87 4.99 2.59 2.17 6.86 7.98 2.55
6.58 7.33 3.17 6.04 5.45 3.76 1.63 3.72 1.92 3.65
6.93 7.79 1.48 4.38 9.69 9.02 9.11 8.59 5.28 3.91
6.32 8.83 9.49 6.26 4.73 8.24 7.60 2.40 7.30 6.95
9.28 3.18 3.54 6.86 4.57 3.14 2.57 4.55 3.90 6.06
4.70 8.85 8.51 1.05 9.88 8.71 1.97 9.59 6.78 9.08
8.02 2.82 4.33 4.81 3.86 7.63 5.31 4.11 3.26 9.76
2.62 7.00 3.54 2.78 5.87 1.19 9.92 6.50 2.08 2.78
5.17 7.25 1.89 1.10 7.67 8.55 5.05 2.01 1.63 9.89
2.23 6.61 9.37 8.57 9.76 5.05 8.40 6.15 9.76 5.71
8.82 6.77 9.68 1.14 1.73 9.97 2.26 9.75 9.87 7.02
3.84 9.03 4.44 2.94 7.60 8.54 4.50 2.83 2.15 4.32
4.36 4.16 4.00 5.11 1.55 3.39 7.09 9.55 1.79 3.69
5.62 6.39 2.43 6.86 5.78 7.49 7.61 3.03 8.98 9.21
2.87 5.93 1.27 1.88 1.63 4.92 6.92 9.62 7.19 2.87
7.42 2.32 2.95 7.15 8.71 7.51 8.88 6.85 1.21 4.85
9.63 1.99 4.96 3.95 6.65 4.93 6.42 7.98 7.50 8.73
6.26 2.69 2.83 9.92 8.93 4.46 4.95 7.56 2.56 5.13
7.46 1.45 7.73 4.43 7.60 8.05 2.67 9.29 2.83 3.35
9.31 4.64 6.29 8.24 1.54 3.36 7.05 6.00 4.53 8.67
1.48 3.77 8.09 1.66 1.44 1.15 3.86 9.82 5.67 9.99
2.44 2.43 8.61 9.71 2.18 2.97 1.79 8.80 7.57 5.10
5.33 8.97 6.94 4.56 7.54 5.12 8.08 8.69 8.97 7.37
7.97 3.30 7.98 1.07 9.79 5.95 2.49 3.53 5.95 7.22
8.01 2.49 2.43 9.59 6.41 3.84 7.86 1.69 2.15 8.56
5.72 5.64 3.44 6.22 1.19 3.30 5.23 9.72 8.45 5.35
6.86 7.46 7.54 7.34 5.07 6.35 6.67 5.73 5.81 6.38
5.36 6.27 7.17 2.85 9.89 3.94 6.59 5.41 6.66 4.23
8.36 5.43 3.70 6.56 5.74 9.03 5.35 7.39 4.46 7.83
6.34 3.42 1.26 1.88 7.21 5.18 7.78 7.18 4.26 5.59
9.46 1.06 4.91 2.17 2.44 9.70 8.91 4.41 7.52 2.27
5.90 4.43 1.34 5.55 5.10 6.50 3.48 9.91 7.06 1.33
7.16 2.39 2.11 6.53 9.50 6.14 9.07 9.59 2.65 9.21
5.77 4.57 3.04 4.05 1.26 3.41 3.93 2.58 5.85 3.02
3.12 1.90 3.23 2.71 7.10 7.39 7.96 7.06 6.69 5.95
6.53 4.66 7.72 9.67 6.73 8.92 5.14 5.05 7.61 6.27
8.06 5.25 3.16 2.58 1.99 6.89 7.46 5.67 7.88 9.47
4.70 8.80 8.37 7.22 6.58 1.21 5.96 8.71 2.18 2.76
9.20 7.88 7.69 6.02 7.59 6.92 7.21 4.05 8.60 4.53
8.12 1.35 7.52 7.97 8.63 3.06 7.65 4.14 4.78 5.00
5.65 3.35 1.36 1.38 3.51 1.15 5.07 3.53 6.26 7.94
7.38 8.43 4.45 1.48 6.57 8.54 1.74 3.56 4.17 8.62
4.01 6.24 2.12 5.18 4.94 9.91 2.99 6.73 8.50 1.21
8.34 8.20 6.16 1.44 2.93 5.87 8.55 3.16 3.71 4.03
6.16 6.34 4.99 6.29 7.06 4.54 8.02 8.51 1.87 1.29
8.75 4.84 5.83 3.00 8.23 9.67 3.31 6.57 5.22 1.32
5.03 3.73 3.31 1.44 1.59 3.93 2.79 8.69 4.20 4.44
5.20 9.86 3.28 5.36 7.87 7.86 6.12 9.43 2.91 9.17
6.08 6.04 4.53 9.31 7.00 4.95 2.77 7.33 7.56 2.96
3.98 4.40 2.88 1.18 4.15 7.38 6.17 6.78 3.47 6.39
5.85 6.34 1.21 3.94 8.38 4.56 2.91 3.48 5.39 2.59
3.55 2.17 4.43 6.25 7.58 6.69 1.45 5.53 9.65 5.86
7.17 9.24 5.88 7.39 3.01 3.33 8.95 9.54 3.50 8.42
9.63 8.99 5.98 2.82 9.97 9.94 1.69 2.48 1.75 2.05
8.89 5.35 3.86 8.14 1.68 9.34 3.13 7.64 6.24 2.85
8.04 8.18 9.84 4.39 6.30 9.39 2.20 2.34 9.23 8.30
8.92 8.10 9.93 5.58 9.65 8.03 1.49 3.52 3.60 4.45
7.57 2.28 4.60 8.55 4.12 9.16 6.96 7.99 3.14 7.86
6.18 8.39 1.65 1.60 7.73 5.04 9.29 4.03 7.68 9.84
3.79 8.64 1.42 8.18 4.10 1.62 7.89 7.28 3.26 2.04
6.44 3.23 7.25 5.84 5.88 8.68 9.83 7.68 1.71 5.54
3.64 9.27 7.43 3.00 5.40 3.43 3.39 6.05 3.57 6.57
3.64 7.98 6.37 3.04 4.95 1.70 7.94 6.59 6.70 1.73
4.22 6.76 3.17 6.21 5.08 2.81 4.95 7.55 4.88 6.16
6.79 7.00 2.22 6.30 6.06 3.04 4.83 8.43 7.41 7.23
3.30 1.04 7.12 7.07 4.17 1.19 2.77 8.74 7.66 8.94
7.81 7.52 3.48 1.37 7.78 2.55 8.50 3.49 1.19 6.81
9.79 1.66 9.41 7.64 3.57 5.76 9.93 3.37 5.06 2.46
3.73 1.95 2.91 6.20 2.44 3.02 3.81 3.55 4.56 9.62
6.01 6.84 1.57 9.53 9.12 4.29 3.33 6.57 6.74 8.79
8.19 5.55 2.74 6.62 9.41 9.99 7.74 5.67 5.87 8.87
9.89 6.28 8.81 3.54 5.66 3.64 9.27 8.55 4.24 6.64
1.71 7.63 2.48 4.96 1.55 4.34 2.90 2.77 2.23 2.61
6.93 2.85 6.97 9.93 3.98 5.33 8.86 3.80 5.38 6.66
9.09 6.84 6.55 4.18 4.97 1.70 3.09 9.75 3.07 8.95
1.71 3.88 1.64 9.74 1.12 1.50 6.09 2.81 7.73 8.56
8.24 2.41 3.07 6.58 3.10 6.37 8.66 5.04 8.64 1.06
9.30 5.60 5.69 9.79 6.22 9.78 6.96 2.29 2.20 7.97
2.90 6.60 2.50 9.13 8.89 3.53 9.03 6.47 5.21 5.68
4.68 1.63 9.42 9.34 5.71 6.18 9.19 9.84 4.47 5.97
9.47 3.98 8.30 5.71 2.30 7.04 9.72 6.61 7.75 8.68
6.53 2.83 5.11 9.16 6.76 6.76 8.22 2.71 8.74 5.60
6.33 4.73 6.89 1.18 1.03 3.17 3.75 5.44 1.09 5.05
1.67 8.42 6.27 1.64 3.25 1.34 8.90 5.80 8.63 5.64
7.94 9.48 5.59 6.92 7.65 5.39 3.00 3.16 4.06 5.68
7.99 4.60 4.69 5.16 3.45 7.40 5.09 9.18 1.95 9.53
9.06 5.15 5.89 4.86 9.61 3.60 1.25 2.37 3.91 5.97
7.17 5.89 2.52 1.48 9.99 8.62 8.42 7.33 1.45 5.38
7.94 3.35 9.02 2.89 5.20 1.27 5.54 3.11 7.37 4.54
2.42 2.24 2.33 3.05 6.95 2.82 7.45 2.85 7.01 8.85
8.60 4.87 4.73 2.94 2.57 2.65 1.56 8.31 9.80 7.65
9.15 1.84 1.93 5.65 8.38 8.20 9.27 5.29 3.38 2.92
3.94 9.82 3.69 3.59 3.11 7.62 6.46 6.42 1.51 2.17
4.34 4.63 3.06 4.65 8.18 7.81 2.67 7.23 4.28 7.10
9.74 6.56 5.37 9.62 7.83 9.60 8.72 2.85 9.30 8.26
8.37 5.18 6.14 4.34 8.85 1.62 9.10 9.05 9.31 5.33
1.05 1.46 6.23 7.35 8.89 6.47 6.30 8.32 1.89 8.23
3.33 2.32 3.21 3.33 4.08 2.37 9.02 1.61 7.59 3.54
6.01 4.52 5.91 2.16 4.77 6.52 4.75 5.20 2.49 7.68
1.32 2.85 1.78 5.19 5.74 6.81 8.19 9.17 7.74 2.60
7.09 3.90 3.66 4.86 7.24 1.01 5.89 2.98 6.21 8.01
6.63 2.53 2.89 5.54 8.17 7.52 9.00 8.51 4.05 9.85
9.83 2.50 1.84 3.86 4.14 5.84 4.90 9.23 4.63 8.33
8.37 1.35 5.52 2.42 8.05 2.23 3.09 7.20 2.51 9.92
9.20 4.58 7.12 6.66 9.81 9.31 6.16 2.42 9.54 7.63
5.57 7.93 8.29 9.83 3.39 8.20 8.53 2.93 5.62 7.36
8.28 1.03 3.40 6.43 1.14 4.94 5.29 1.42 3.39 5.56
7.56 8.48 4.83 6.04 2.05 9.57 1.26 6.37 2.95 6.93
1.54 6.83 1.56 7.66 6.02 5.55 1.55 6.09 7.35 6.47
5.12 6.60 8.07 4.93 3.79 4.50 6.43 9.90 6.43 4.59
6.56 5.20 7.37 6.45 4.63 4.24 2.61 1.51 8.63 6.68
5.41 2.00 1.45 7.83 6.54 9.62 1.24 9.24 7.30 4.72
2.43 5.03 1.99 9.37 4.26 2.10 9.62 3.26 3.91 3.71
5.63 6.88 5.02 7.71 8.01 1.08 4.16 3.34 4.24 4.47
4.95 7.45 5.79 8.38 5.83 8.15 2.71 4.83 7.91 6.51
9.46 6.14 2.86 1.03 7.50 9.68 4.92 1.33 4.68 3.31
3.16 2.48 2.91 9.83 3.21 4.31 4.42 8.53 3.00 3.99
9.00 3.77 8.94 6.41 3.25 9.82 7.43 1.72 4.16 5.88
1.67 7.34 7.20 9.71 1.93 2.52 8.40 9.14 6.65 4.51
4.04 5.56 8.55 7.54 7.67 6.18 2.63 2.43 7.68 1.09
7.55 9.92 4.45 6.56 7.17 9.91 4.23 1.86 6.37 9.19
2.27 7.42 1.44 3.70 3.32 1.34 6.07 4.03 2.18 7.82
7.14 8.72 2.67 8.31 6.35 6.39 3.37 6.92 1.91 5.19
9.02 5.25 8.86 1.24 3.57 6.85 8.35 7.65 4.35 5.35
6.97 3.89 8.81 6.95 6.75 1.96 9.26 1.81 7.78 5.96
5.82 8.49 8.35 1.57 4.08 3.11 7.83 9.25 7.65 3.00
8.35 4.90 1.17 2.08 9.12 5.95 3.78 8.17 5.96 8.77
7.08 4.44 5.00 9.25 5.16 2.81 2.89 4.97 9.03 5.20
8.25 4.94 2.30 9.43 4.79 3.24 6.20 3.52 8.65 7.02
7.04 6.44 7.06 7.92 5.68 7.37 1.18 8.14 2.34 2.60
2.01 4.85 2.31 4.87 6.14 9.18 7.74 3.70 3.29 7.03
2.05 1.05 4.87 6.31 3.47 1.40 6.44 7.44 1.43 3.81
9.34 1.17 4.43 2.85 8.86 8.39 4.92 4.44 1.61 1.05
5.66 2.07 7.30 5.69 2.96 6.91 4.17 3.09 1.98 5.84
4.76 1.69 1.39 9.43 4.46 5.29 7.00 3.72 2.04 2.72
9.08 2.73 7.77 7.64 4.23 4.10 8.84 2.38 8.07 3.21
6.14 5.04 9.49 2.98 7.50 6.02 6.79 2.90 8.10 9.28
1.19 8.05 5.15 4.99 7.59 5.14 8.06 6.54 5.38 9.32
9.11 7.13 8.33 7.86 7.14 4.51 4.70 6.07 6.63 1.46
6.79 9.31 4.95 1.51 9.11 9.29 6.15 7.20 4.21 9.59
5.99 7.28 5.98 9.67 5.99 3.20 9.36 5.22 3.63 9.77
1.52 7.08 6.38 8.83 9.23 9.76 9.06 6.31 8.60 4.93
4.98 2.38 2.64 9.51 8.67 7.50 7.06 1.48 8.95 1.60
3.78 2.57 5.03 1.98 1.94 1.93 6.85 1.88 3.72 8.72
8.28 6.13 7.88 8.78 5.31 4.17 5.27 1.76 6.90 8.13
1.65 4.89 9.44 1.43 3.88 7.09 4.12 1.34 1.87 3.33
8.08 9.94 6.25 6.21 9.36 9.57 1.82 4.62 5.46 1.06
8.84 3.45 6.20 2.65 6.24 7.47 8.82 5.26 7.78 4.22
4.04 2.93 7.50 9.12 8.74 8.06 3.89 3.60 8.69 4.16
9.85 1.87 6.15 2.70 7.43 2.88 6.11 6.23 7.72 2.49
9.72 2.12 1.55 2.45 9.34 6.36 6.24 9.09 6.25 9.05
1.66 1.75 2.81 7.11 4.03 3.80 7.28 2.54 7.92 2.62
6.75 8.56 5.59 6.47 8.48 9.50 9.93 8.30 7.83 2.64
4.95 3.80 3.48 8.83 6.45 1.11 1.48 4.78 2.55 3.63
3.29 8.28 7.05 6.70 9.05 1.17 8.77 2.52 5.84 9.94
4.80 6.31 9.34 9.20 7.07 1.07 4.25 4.89 1.66 3.15
1.57 5.94 8.04 6.54 5.69 4.68 9.80 2.16 1.61 2.38
3.43 7.64 5.80 6.91 4.73 5.73 5.84 5.23 8.29 7.32
7.87 7.39 5.50 7.67 2.01 7.34 4.88 8.55 3.61 9.66
2.39 8.79 1.63 2.58 6.64 7.60 4.92 3.63 1.79 5.76
7.47 7.76 7.79 5.27 9.06 2.30 7.86 9.39 6.33 5.61
7.21 1.89 3.03 8.71 3.84 4.65 6.28 5.34 2.43 1.57
1.65 2.20 4.95 6.58 4.98 7.49 8.37 9.69 8.29 9.76
5.33 3.29 5.78 2.94 7.45 5.45 4.82 6.16 1.95 1.18
1.62 5.28 2.77 5.97 2.26 4.76 8.57 2.05 6.76 3.31
9.58 4.20 3.46 9.08 6.22 9.75 1.91 1.91 1.99 5.98
4.07 2.78 4.18 5.86 6.39 5.68 5.66 9.30 6.28 8.76
8.08 5.60 7.22 3.42 3.33 3.22 3.25 8.31 9.62 3.37
6.18 3.10 5.42 1.51 6.15 9.04 2.70 4.97 6.98 7.49
4.49 8.17 2.36 1.52 2.27 8.76 6.90 2.61 1.30 4.82
3.39 3.78 8.04 5.16 4.64 4.53 7.86 6.11 3.87 8.13
6.38 5.66 6.86 2.20 9.14 3.07 6.25 5.95 6.92 3.86
7.37 3.64 7.25 7.55 3.35 6.09 8.63 9.24 7.80 6.12
6.81 9.86 6.19 6.77 6.76 9.59 8.65 2.79 7.49 5.80
6.39 1.70 8.07 3.94 9.41 9.55 7.78 8.52 1.77 4.42
9.92 9.17 5.80 6.02 9.66 8.50 2.41 8.93 7.03 1.32
3.74 6.66 1.60 6.31 9.48 2.34 9.74 9.11 6.24 4.78
7.94 8.84 6.53 9.23 4.42 6.54 4.28 2.88 4.78 6.55
8.98 8.89 9.39 6.60 4.05 9.37 3.65 1.67 9.18 7.74
9.50 5.13 7.65 4.93 9.05 9.50 3.49 7.89 7.90 3.90
8.44 5.15 5.86 9.53 8.40 9.70 8.44 4.46 4.08 2.90
6.31 6.51 3.53 5.83 3.91 5.20 9.64 2.32 2.43 7.45
7.91 3.63 3.25 1.13 8.23 9.35 7.73 4.08 4.51 4.54
7.28 5.50 8.96 9.52 3.66 1.84 9.21 7.94 4.06 5.52
9.10 5.25 4.66 1.43 1.14 5.86 4.75 4.88 9.05 5.56
1.43 6.01 2.80 3.46 3.72 3.23 4.00 9.93 7.60 3.30
1.73 7.05 2.69 9.75 6.06 7.58 3.98 7.79 5.26 7.74
6.27 2.39 3.95 1.43 3.86 6.96 9.31 6.89 3.04 3.54
4.52 9.56 7.99 5.84 8.61 5.41 7.17 6.24 9.63 1.79
8.69 1.63 3.62 5.66 3.43 2.52 9.50 2.01 4.38 8.91
1.26 8.33 3.73 8.68 1.81 7.31 4.38 2.44 6.98 6.05
9.53 1.05 8.47 9.41 6.42 9.26 4.46 1.98 9.69 5.26
8.71 9.24 3.54 5.55 2.70 7.59 8.63 8.56 8.27 7.94
1.17 4.62 5.19 2.38 3.65 4.25 2.26 9.52 8.67 2.47
2.16 2.34 1.48 7.49 2.18 7.68 2.50 5.87 7.87 1.86
8.81 4.41 3.33 8.05 5.60 2.66 3.47 5.35 7.50 4.44
9.37 9.18 2.07 6.05 3.87 3.73 5.84 7.93 6.27 6.63
3.95 9.50 8.45 1.23 4.48 3.39 1.40 3.61 8.51 7.26
2.32 1.27 9.26 6.68 2.91 2.83 1.08 5.31 3.42 6.66
6.57 2.59 8.52 9.40 3.41 5.00 9.34 6.87 5.31 7.16
8.60 2.85 9.49 5.75 8.06 2.56 5.61 2.04 1.73 1.15
9.29 2.80 3.84 4.45 9.25 6.26 7.11 5.64 3.42 6.75
1.62 1.64 6.62 2.62 4.49 7.12 1.34 9.06 3.40 7.66
4.74 6.25 7.24 9.85 1.93 8.25 4.43 1.12 8.09 5.28
7.00 9.05 2.07 9.77 1.62 3.64 7.75 6.54 3.73 3.13
6.09 6.64 3.72 7.94 7.45 8.08 8.24 7.08 6.17 7.88
7.27 4.96 2.37 4.88 5.80 3.49 4.58 7.63 6.33 6.12
7.54 6.96 6.89 7.96 5.10 5.04 7.04 7.77 8.50 8.85
8.68 4.91 7.09 9.41 7.29 9.68 1.84 5.23 7.29 1.82
2.25 2.35 6.80 5.97 7.01 5.94 9.60 7.86 6.13 9.38
3.69 5.86 4.98 5.70 4.18 8.89 1.87 9.76 1.86 6.27
7.69 3.27 3.39 6.33 3.03 6.21 5.68 5.63 7.26 1.00
7.56 9.00 1.08 8.14 6.46 7.53 2.54 9.24 4.27 1.79
6.94 1.01 8.08 7.89 5.66 2.26 9.11 2.65 1.88 1.58
1.22 9.72 4.54 3.67 3.64 9.19 8.90 9.06 5.61 9.12
1.68 9.65 2.99 8.98 7.86 4.49 9.14 4.62 4.14 7.37
9.81 3.11 9.48 1.17 7.42 8.21 8.08 8.54 5.46 4.35
7.22 6.66 3.30 6.45 5.11 7.95 6.38 2.11 1.25 4.56
2.18 5.74 8.33 9.80 3.93 3.53 9.21 6.38 6.15 7.51
4.98 5.96 9.26 6.73 7.11 2.96 3.34 1.40 8.03 4.92
7.30 6.24 3.96 6.36 9.51 7.10 3.57 4.03 7.93 5.38
2.81 6.38 3.04 6.78 6.85 2.01 6.58 5.17 7.80 4.91
5.36 1.68 7.54 4.28 7.68 8.86 7.31 1.04 1.67 1.51
6.37 4.44 8.77 2.88 8.91 5.49 2.10 8.53 7.18 3.50
6.61 7.75 7.82 4.74 8.11 4.24 9.44 6.50 8.58 6.39
3.77 3.21 6.03 6.51 9.54 9.35 6.63 6.47 1.62 7.80
1.28 2.46 1.37 1.98 6.39 8.93 2.65 6.52 9.46 3.60
7.79 9.01 9.54 8.07 7.89 2.68 3.41 1.96 6.60 2.43
9.15 7.98 1.61 7.98 2.70 1.54 8.84 7.90 9.35 2.56
7.88 5.45 5.29 1.48 9.66 4.71 1.60 2.97 8.38 9.64
6.17 8.21 7.54 7.08 6.19 2.76 4.37 3.64 9.41 8.97
3.35 2.61 1.36 8.67 5.17 8.61 1.56 1.94 3.36 6.92
2.11 6.10 3.76 6.33 7.50 7.59 1.48 9.64 6.77 7.62
5.55 3.56 3.21 5.69 9.63 9.72 6.23 4.03 9.55 4.84
4.84 6.32 7.35 6.56 4.26 2.08 9.18 7.53 1.15 9.82
3.37 8.32 5.14 2.33 6.41 2.85 3.40 5.52 2.77 8.85
6.34 1.33 2.22 4.42 3.55 9.55 9.34 3.43 2.48 8.39
6.62 6.94 4.03 1.18 7.00 1.65 5.81 2.85 2.42 4.62
3.87 2.35 9.69 7.13 3.10 1.16 1.16 4.59 7.91 9.40
9.06 1.96 3.99 6.55 9.70 8.20 4.43 9.98 2.41 7.92
6.65 5.36 1.21 5.68 9.73 4.25 3.31 6.90 5.49 9.80
4.04 6.33 1.59 8.60 4.06 4.27 3.87 2.49 1.02 7.94
1.09 6.13 9.34 1.36 8.87 9.49 7.15 3.00 2.25 1.52
4.12 6.99 7.48 4.14 2.59 8.97 4.82 3.24 2.20 2.14
3.88 8.48 8.12 8.17 8.33 9.87 7.22 3.23 9.21 5.10
5.26 3.15 8.55 5.88 8.66 7.96 8.73 2.61 8.06 7.76
2.76 3.90 3.14 8.14 1.47 2.60 8.48 3.10 3.34 4.12
5.51 9.92 4.13 3.77 5.99 9.41 9.66 2.10 9.42 1.43
2.55 1.53 6.27 5.22 5.83 5.86 4.98 4.69 5.65 7.85
1.91 6.65 4.81 7.67 5.31 3.14 8.59 1.40 1.96 3.63
3.45 6.65 5.11 6.87 4.50 9.66 5.77 9.68 1.39 9.72
8.79 2.91 4.09 8.66 1.96 8.80 4.23 8.85 8.65 1.91
9.05 4.50 5.52 7.76 7.19 3.13 7.26 9.66 8.08 7.77
7.30 3.87 3.31 5.20 1.99 7.82 1.52 3.13 6.14 1.17
9.94 9.95 1.66 5.60 5.99 8.14 2.59 8.05 4.10 1.89
5.87 5.07 3.83 5.50 7.01 4.74 6.40 8.41 7.69 1.65
8.25 2.63 8.14 9.16 4.97 4.71 7.11 4.75 3.65 8.72
3.41 9.63 5.73 7.09 3.81 3.58 9.09 2.61 9.22 6.88
1.36 9.55 3.91 7.25 7.82 7.31 2.76 2.83 6.45 3.06
5.29 1.46 2.76 9.66 4.23 1.77 3.89 3.42 3.58 2.04
2.26 2.40 1.09 1.81 6.36 9.22 2.76 3.19 8.18 7.46
9.01 2.42 5.83 7.60 5.99 8.53 3.29 1.33 4.38 4.25
6.91 8.60 8.07 5.45 2.14 2.27 7.04 3.51 9.98 8.92
3.25 2.02 3.79 7.42 6.15 2.87 9.09 4.07 8.06 5.73
3.22 1.28 1.12 2.09 5.39 3.42 9.72 5.41 1.70 2.38
7.44 1.41 9.58 5.79 7.16 2.77 2.02 2.23 9.43 9.42
3.76 4.22 3.26 1.00 6.26 6.52 7.13 4.68 5.80 7.02
8.81 1.79 9.09 5.92 6.57 6.36 2.72 3.05 6.13 1.79
7.77 9.60 5.36 3.42 8.56 2.22 3.49 6.21 5.19 2.75
8.16 6.88 2.91 8.93 1.85 2.68 8.82 6.71 7.86 7.35
7.90 9.77 2.44 7.28 1.35 7.02 6.94 3.19 7.33 9.34
2.94 2.44 1.90 9.82 4.33 3.73 1.09 2.23 8.10 2.15
4.38 8.53 7.64 2.24 2.24 3.61 9.18 8.55 9.90 7.66
9.71 2.24 8.47 3.16 5.92 1.98 9.73 8.24 9.56 6.48
8.08 9.48 9.66 5.00 2.85 3.09 3.32 4.36 2.24 1.69
1.94 9.55 2.47 5.21 7.70 1.73 3.09 3.38 9.74 7.35
2.41 8.74 2.98 3.67 2.49 1.99 1.91 4.52 5.40 6.47
9.46 6.41 9.74 6.28 1.04 4.66 7.30 9.44 9.00 4.13
1.71 7.16 6.76 6.82 4.61 2.28 5.90 7.78 8.82 7.39
7.05 2.30 1.26 8.93 2.20 1.20 1.23 4.95 9.28 7.45
1.03 8.74 1.07 5.60 2.37 4.46 9.01 1.54 8.69 3.37
4.12 4.32 5.18 3.90 2.54 7.34 6.92 5.84 5.98 3.10
4.53 3.89 6.52 2.14 7.33 4.28 2.35 6.89 1.71 9.43
3.29 9.18 5.13 8.63 2.80 3.12 3.14 4.61 6.85 8.90
3.32 2.47 8.41 9.77 9.94 3.94 7.51 5.96 5.37 7.46
5.21 5.40 3.96 9.46 4.56 1.02 2.59 3.43 1.24 4.38
7.47 6.07 5.12 9.22 6.99 7.20 1.62 8.15 2.03 4.83
7.13 5.58 2.02 4.15 7.71 6.87 4.51 7.39 8.45 8.00
6.78 5.74 1.18 1.96 7.08 5.12 3.67 7.48 5.36 3.05
1.82 3.12 9.97 5.11 9.89 6.74 7.43 4.12 6.81 7.75
6.55 3.50 9.61 8.15 6.72 4.44 2.23 7.93 8.85 8.59
3.64 4.46 1.22 5.36 9.22 8.38 1.60 5.57 8.14 6.46
1.22 5.39 3.18 6.08 2.16 7.65 7.25 4.67 5.23 8.10
6.96 6.28 3.45 7.29 2.40 1.74 5.73 5.98 7.73 2.16
3.61 2.33 4.40 8.68 7.50 8.90 3.61 1.63 2.39 8.34
9.09 9.31 2.63 4.53 5.44 3.58 7.40 1.85 3.55 6.44
1.93 6.24 5.91 4.05 4.36 7.72 6.62 2.65 8.33 4.13
2.32 9.29 8.29 6.51 7.48 2.15 8.66 8.38 2.26 3.53
1.89 6.39 8.92 8.56 3.14 3.49 7.13 3.04 3.22 5.95
5.16 4.73 1.79 2.69 4.61 5.23 1.67 8.36 2.55 5.03
7.85 4.58 4.01 1.55 3.51 8.37 6.35 2.39 3.65 7.32
5.14 7.42 7.11 6.39 3.95 9.55 4.62 6.06 3.73 4.64
2.27 5.05 6.14 9.38 5.48 4.95 6.16 6.25 5.97 3.35
7.88 6.65 5.22 2.19 6.19 6.50 4.08 6.86 2.50 8.01
4.62 9.60 2.98 3.18 9.40 5.39 8.58 4.85 8.52 1.40
9.26 6.98 2.02 6.52 7.78 1.12 1.39 5.95 5.20 1.45
7.53 8.41 4.26 6.28 9.24 7.07 9.81 1.21 2.71 6.40
3.66 8.84 5.83 5.27 2.46 9.97 4.60 5.81 3.69 9.58
7.92 6.42 9.29 8.56 9.80 8.01 4.57 3.20 2.98 2.67
5.88 9.13 9.59 4.53 9.57 1.58 6.05 8.62 6.08 1.08
9.71 7.77 3.01 9.39 8.92 1.39 3.95 4.16 9.90 1.55
5.19 3.81 5.85 7.95 4.23 3.98 6.40 6.30 2.14 6.45
5.37 5.36 6.01 2.60 8.68 9.51 3.64 5.33 3.28 6.42
1.79 6.95 5.80 5.22 5.40 8.22 7.20 7.30 5.80 6.47
8.55 2.35 1.81 3.71 5.73 6.63 6.66 7.54 8.53 5.85
2.43 4.08 2.50 8.60 3.75 5.08 6.43 8.90 6.86 8.44
2.20 9.48 3.01 1.04 1.18 6.51 6.40 3.20 6.25 4.87
2.08 7.88 4.17 4.42 1.40 4.99 5.26 2.43 9.98 1.53
5.10 3.29 6.09 2.51 2.29 4.33 3.66 5.85 7.04 5.78
8.90 8.91 7.82 1.97 2.94 1.71 4.94 1.10 2.89 3.20
2.49 5.24 3.03 9.97 4.20 6.57 1.13 9.89 2.16 1.66
5.96 7.50 2.24 8.16 4.53 9.45 7.14 7.37 5.48 5.24
1.90 8.63 6.14 4.71 7.79 5.02 8.85 4.48 8.31 5.48
6.45 4.07 7.51 5.21 8.73 4.26 6.42 1.44 7.61 9.92
3.04 5.56 5.49 8.84 9.22 4.56 4.85 8.54 4.81 1.44
7.17 9.66 6.39 7.21 2.39 3.99 9.46 9.45 5.77 5.33
2.39 7.43 3.91 1.42 7.74 3.11 2.06 9.91 2.42 3.15
2.95 5.62 8.89 8.87 3.72 5.38 9.95 7.99 8.30 6.30
6.53 7.93 5.32 7.59 8.61 8.05 1.53 2.20 3.68 2.85
4.08 7.47 3.08 9.94 8.20 1.75 8.49 5.42 6.61 3.94
4.95 4.07 9.70 4.28 8.96 3.40 4.90 8.47 5.78 9.53
3.80 5.42 5.75 8.01 3.89 1.73 7.18 9.76 5.95 9.07
4.95 4.99 1.67 3.41 2.00 2.37 7.28 2.27 6.69 3.11
2.98 2.82 1.56 5.38 6.96 7.84 9.56 2.06 7.82 3.01
7.79 8.09 5.48 4.53 7.70 2.12 6.22 1.17 6.88 2.71
8.19 4.61 5.26 6.40 9.41 3.03 6.70 6.55 7.29 4.97
5.70 1.04 8.02 6.82 7.41 5.17 4.47 9.76 7.84 1.96
3.79 6.91 8.77 3.05 5.07 4.19 1.71 9.93 3.88 9.55
6.51 6.98 9.47 4.78 4.31 5.67 1.78 3.78 7.03 5.60
3.93 1.15 1.28 1.24 2.28 9.52 1.53 2.81 2.29 2.47
6.74 7.12 2.27 9.25 9.74 1.38 9.22 7.56 3.54 7.65
2.80 1.47 7.75 5.62 8.49 5.47 3.30 5.63 5.53 3.07
4.91 1.22 6.98 8.26 9.21 8.18 8.99 3.66 3.78 1.35
6.75 6.74 5.06 6.67 4.72 3.69 4.34 6.22 8.56 2.88
7.25 4.41 2.98 1.30 6.94 6.18 4.14 6.24 1.06 4.93
4.75 5.18 4.94 6.21 5.79 7.24 6.11 9.18 3.19 3.97
2.48 8.37 4.77 1.92 7.90 6.83 6.08 7.40 4.52 4.92
9.28 4.28 9.59 5.41 1.80 9.78 3.52 6.61 7.02 5.94
9.88 3.81 2.24 4.10 3.14 2.22 5.36 5.47 8.77 5.42
5.32 6.98 4.22 2.30 1.17 5.36 1.78 3.22 4.41 8.32
4.94 1.82 1.13 5.83 2.81 9.50 6.64 8.35 1.29 4.86
3.36 4.20 6.72 1.84 3.57 6.24 9.08 9.77 7.67 8.89
4.32 6.93 6.03 3.30 9.98 6.33 7.96 6.03 5.75 1.53
3.58 7.35 8.41 8.42 6.72 5.17 7.64 8.11 3.23 4.79
8.52 6.01 3.25 7.65 7.84 4.03 2.17 7.49 3.26 2.19
6.24 6.78 8.62 9.54 6.55 2.29 7.54 3.79 8.10 1.43
8.40 4.34 2.34 5.31 9.45 7.13 8.51 2.68 3.72 7.60
8.06 1.16 4.32 4.38 9.57 5.64 5.24 8.38 2.73 2.40
7.24 1.08 1.00 8.32 9.25 4.52 5.76 1.85 1.43 9.66
8.13 6.33 1.21 3.01 3.71 2.37 9.47 1.68 9.90 6.25
6.23 8.16 8.67 10.00 9.72 3.97 6.10 6.79 2.11 7.99
6.28 3.84 2.25 1.88 2.52 8.82 6.95 5.52 5.97 9.05
5.87 6.02 6.69 2.81 1.52 9.47 3.80 9.26 5.67 4.60
2.04 7.29 6.76 1.90 6.69 8.58 4.70 3.58 2.78 2.18
5.49 2.88 8.66 6.63 7.21 9.59 2.90 6.01 6.81 6.38
6.27 7.11 1.43 1.14 9.73 7.44 3.92 9.03 6.40 7.36
3.87 8.76 8.50 7.56 4.92 6.70 6.30 4.03 7.15 2.33
4.10 5.64 9.35 4.25 4.82 4.05 5.02 4.13 7.17 2.84
6.12 5.35 4.08 9.21 4.13 7.19 2.27 1.66 6.38 5.32
6.17 7.59 5.55 3.06 8.10 5.21 4.20 9.78 6.25 6.64
6.10 1.91 8.45 1.11 5.68 3.21 1.88 2.30 3.85 5.52
3.47 4.35 2.00 9.84 7.11 3.44 5.91 4.60 6.58 1.09
5.73 6.32 6.80 9.67 6.16 6.82 6.07 4.47 5.95 7.43
5.02 8.58 5.64 6.41 5.18 8.46 8.22 6.69 1.41 4.00
4.86 4.43 2.10 8.04 6.53 1.93 6.79 3.88 6.31 8.97
5.16 1.61 2.02 5.43 2.32 9.18 4.47 8.75 4.49 5.16
8.71 4.32 8.47 3.76 1.81 4.36 3.61 3.23 7.97 6.02
6.18 4.92 7.76 4.32 6.06 7.67 3.50 3.88 7.24 1.81
3.94 8.05 3.50 2.49 8.21 8.38 1.64 4.34 8.46 3.19
2.60 5.56 6.14 7.19 9.86 4.00 1.96 6.41 3.59 3.13
5.99 7.16 4.38 7.61 3.69 9.33 5.43 3.85 8.87 5.41
4.70 5.23 8.57 1.52 2.67 2.99 6.51 9.43 1.24 3.84
5.23 5.99 2.13 2.94 2.68 8.22 9.14 2.11 1.07 4.54
5.48 7.56 4.82 2.79 8.99 3.48 3.55 1.48 3.42 9.02
2.98 4.41 1.05 2.23 8.03 9.80 3.13 8.81 4.73 6.04
4.96 1.59 5.14 2.68 8.91 2.97 4.08 2.21 9.97 3.93
4.48 8.34 1.07 8.05 3.15 5.05 6.79 5.01 8.19 6.58
2.30 9.51 9.67 3.21 3.99 8.79 5.69 4.02 2.01 9.81
2.03 1.34 8.52 9.95 2.70 4.29 9.76 9.64 1.76 6.05
9.43 5.40 3.91 4.65 8.33 4.83 2.58 7.33 9.25 4.16
8.51 8.34 5.45 5.56 4.72 9.57 8.64 7.58 6.42 9.13
8.94 7.43 6.94 8.29 4.40 1.92 4.34 1.09 6.40 1.20
2.88 1.80 5.52 6.69 3.16 4.73 6.61 2.23 9.21 2.28
7.51 6.03 1.26 7.54 6.54 3.59 7.24 3.64 5.97 4.43
8.02 1.34 6.42 8.65 9.12 7.81 2.55 3.11 8.24 4.85
1.14 3.83 4.92 8.60 5.98 1.22 7.51 2.73 3.92 4.40
5.81 7.53 7.39 4.80 5.17 4.87 8.08 5.91 2.72 3.34
5.12 7.63 2.68 6.90 9.23 4.62 6.14 8.23 8.37 7.50
4.10 3.61 4.67 5.59 2.79 5.36 3.96 6.88 5.60 8.26
7.30 9.44 6.94 7.22 8.37 4.20 6.29 7.25 9.59 9.42
6.18 7.50 4.26 1.44 7.10 5.10 7.43 2.19 5.81 9.44
6.78 7.38 1.22 5.96 1.39 7.71 4.75 1.22 8.75 1.83
2.73 1.17 4.51 5.79 4.24 6.09 3.76 2.92 3.43 9.03
3.84 2.07 8.33 2.41 6.63 7.25 6.79 2.27 9.31 6.58
8.98 9.61 6.49 2.20 1.03 1.66 5.69 5.96 9.72 8.80
1.21 5.36 8.53 6.03 6.50 2.80 6.33 5.27 2.90 7.83
8.75 3.43 1.93 8.98 6.34 7.76 5.59 1.19 4.69 8.90
7.72 8.18 2.50 8.20 6.06 1.03 4.54 7.66 5.31 5.74
4.29 5.65 6.33 9.48 7.17 3.81 4.79 9.29 3.63 9.33
6.26 4.86 3.38 9.57 2.96 8.54 2.17 5.93 7.21 6.23
2.17 7.66 7.94 8.32 3.51 5.09 1.53 3.32 8.53 5.00
6.94 9.61 2.63 2.68 2.16 2.15 6.03 2.88 7.10 7.30
8.08 5.93 6.93 9.22 8.17 7.76 3.00 2.79 4.94 2.49
2.47 8.12 3.13 1.60 2.82 6.02 9.95 8.57 1.19 8.80
9.36 6.92 3.52 6.86 2.29 7.42 5.89 2.18 1.33 3.24
3.57 4.42 3.55 7.94 4.78 4.85 8.57 3.41 6.30 9.07
2.43 9.69 7.37 6.20 9.19 1.83 1.42 6.30 7.97 2.76
6.62 8.19 6.67 6.94 9.64 9.42 1.08 3.40 3.24 1.92
8.47 7.22 6.37 6.80 3.99 5.33 6.52 9.19 9.65 2.69
8.47 7.85 7.15 3.83 5.48 7.03 3.24 5.83 7.16 1.09
9.22 6.12 2.91 7.11 1.86 5.29 3.32 7.65 4.05 2.51
5.82 3.85 3.87 2.52 4.29 9.59 5.24 1.39 7.10 2.31
5.10 2.86 2.88 7.63 6.03 1.19 3.85 3.08 9.12 5.94
4.67 8.47 4.31 5.81 9.51 3.28 2.77 3.38 5.47 8.47
6.51 8.40 1.38 2.34 4.85 6.26 5.57 2.19 7.31 4.35
2.14 6.89 3.76 6.82 8.29 2.82 5.15 3.30 8.20 1.33
2.54 2.69 6.09 9.21 1.03 3.00 8.48 5.85 5.61 6.60
1.19 1.26 4.49 4.79 2.74 4.41 1.73 8.80 7.84 5.60
1.91 3.16 2.15 6.08 2.63 8.42 1.29 1.48 1.46 5.07
1.80 8.45 7.25 1.46 7.91 2.63 2.07 2.19 5.79 2.39
1.21 3.14 9.62 9.39 8.36 6.93 8.25 9.52 3.55 1.59
5.27 6.48 9.88 7.55 3.11 1.78 1.89 7.72 8.94 6.33
5.35 3.67 7.68 7.58 3.40 1.82 1.54 4.33 4.09 4.56
5.08 6.48 5.70 7.84 5.48 9.89 8.14 1.99 2.45 6.93
9.77 3.93 1.26 2.97 1.98 2.30 5.32 7.54 9.72 8.92
9.19 5.38 3.49 3.96 9.14 2.53 6.98 6.99 1.11 8.48
6.22 1.06 2.82 5.27 7.38 5.17 6.52 2.47 1.72 1.63
4.35 4.23 9.18 3.09 4.60 2.05 2.32 8.85 4.07 4.38
9.27 6.02 2.88 6.32 1.57 5.72 8.31 2.98 4.47 3.96
8.44 9.17 1.93 5.36 6.72 3.64 5.42 9.57 9.77 5.16
3.74 8.99 5.99 8.37 2.44 2.91 5.92 3.42 7.01 6.58
4.12 2.65 7.69 3.51 8.15 7.93 2.00 6.19 7.48 8.67
1.51 2.13 9.86 6.70 8.02 2.85 9.31 1.84 9.32 7.98
2.28 4.00 3.01 5.11 7.92 4.16 8.02 1.65 1.54 4.67
4.23 2.71 9.80 1.50 1.62 8.21 8.99 8.24 4.16 5.03
1.85 6.47 7.77 2.12 9.86 8.25 1.50 3.39 6.97 7.42
4.73 1.34 5.38 6.49 3.92 9.28 7.64 5.24 4.46 5.66
3.23 6.33 1.54 9.77 7.05 9.42 4.33 8.30 9.64 2.31
7.28 5.25 8.21 5.60 8.58 9.59 6.79 6.71 8.74 8.41
7.82 8.60 1.89 8.21 6.24 8.94 4.00 7.72 4.94 1.00
6.55 8.37 5.33 9.47 5.30 8.95 5.39 1.46 1.51 8.45
8.37 3.45 9.11 9.81 3.09 5.28 8.34 9.59 8.92 3.92
8.68 8.80 8.96 3.32 5.70 7.44 4.69 8.78 1.91 9.12
2.64 7.27 2.30 8.80 9.10 2.55 7.65 4.10 7.38 6.01
8.20 6.77 8.77 5.35 2.96 7.24 8.45 7.06 4.00 6.57
5.01 9.17 2.77 1.69 2.40 7.94 7.56 1.19 7.50 4.15
9.53 1.73 7.62 4.77 3.28 8.70 6.39 4.11 9.40 1.68
2.07 6.32 9.79 6.71 7.47 2.37 2.85 7.38 2.47 6.84
9.56 7.73 2.31 8.45 5.45 2.73 8.20 4.25 1.15 9.85
4.02 7.76 1.85 6.25 1.94 9.92 6.13 6.37 8.05 1.46
2.76 3.96 8.70 6.99 2.24 2.58 7.82 7.99 8.18 7.72
4.79 1.11 3.93 2.96 4.41 3.21 5.93 4.18 8.88 7.20
4.72 2.58 8.19 8.85 5.01 7.42 1.90 7.44 3.46 7.57
9.82 7.27 4.05 6.27 9.67 6.46 7.17 8.01 4.81 9.84
7.87 5.47 2.82 3.67 1.73 2.22 9.51 9.03 6.03 2.97
3.41 3.81 5.91 1.56 5.43 3.23 1.70 2.89 1.64 3.70
9.46 5.90 2.06 2.55 1.28 8.27 9.63 4.72 2.72 3.58
4.61 8.54 9.90 9.54 4.06 3.17 4.89 7.90 9.47 5.79
2.57 9.09 4.01 3.02 2.74 6.47 7.39 2.27 9.48 3.93
8.98 4.92 8.57 1.19 5.72 9.26 5.38 5.35 7.33 6.04
7.97 4.01 4.69 8.71 2.11 6.56 9.98 3.49 4.76 4.44
5.49 1.51 1.45 8.80 1.12 8.51 8.35 3.64 7.00 9.83
2.98 1.56 2.16 3.48 8.66 5.89 8.04 4.63 9.93 3.89
1.19 9.24 5.00 3.63 5.82 2.67 1.10 3.04 8.94 8.40
2.18 4.39 7.30 2.88 7.87 3.88 4.48 4.40 5.58 6.01
9.19 5.23 8.21 5.57 5.17 9.49 4.89 1.53 5.18 4.41
9.27 4.27 5.54 8.20 6.40 2.86 7.49 7.48 2.41 9.75
8.88 1.43 9.04 3.59 4.56 1.39 7.09 9.33 4.20 3.29
4.99 5.07 9.81 9.34 6.98 8.10 6.85 8.79 3.26 6.55
3.98 6.75 2.91 1.14 1.73 5.06 2.09 9.19 7.85 5.75
6.28 9.37 3.17 2.93 3.50 3.82 9.68 5.68 7.33 7.44
7.26 2.64 7.53 9.65 2.77 2.26 2.28 2.37 5.21 7.18
6.32 6.04 4.82 2.39 5.96 3.97 3.32 6.94 7.89 3.43
4.70 2.19 7.89 9.15 1.57 4.32 6.85 9.30 3.35 3.24
6.63 7.46 1.20 9.30 3.06 7.10 3.93 6.13 3.61 5.83
4.13 2.65 6.24 8.43 2.89 7.91 4.00 1.07 3.24 1.87
7.44 3.06 3.20 4.07 7.42 5.15 1.24 7.56 8.46 2.18
8.98 3.96 3.80 1.97 8.46 2.68 6.28 1.70 9.58 3.66
3.91 7.83 9.85 3.91 5.02 9.78 5.51 7.67 6.73 5.25
4.25 4.44 6.07 7.71 2.31 2.94 7.98 5.05 9.33 8.28
9.85 2.93 9.99 4.10 1.78 7.12 1.70 5.31 8.27 7.20
1.94 4.14 4.74 8.99 6.62 4.61 1.34 5.88 2.08 1.87
3.64 9.38 1.96 4.96 8.75 2.11 7.93 6.86 9.54 8.89
8.96 7.44 5.91 4.01 4.08 2.39 3.47 9.88 5.68 5.63
3.62 1.14 1.38 1.02 1.85 6.94 7.44 9.46 9.60 1.64
5.94 3.96 3.45 3.05 1.68 1.70 4.30 7.09 1.04 7.42
4.80 7.61 4.78 7.71 2.16 6.50 8.50 2.65 5.55 6.52
8.71 8.38 3.34 5.88 9.82 4.72 3.87 2.60 8.43 5.64
2.97 4.21 5.57 1.92 6.77 4.00 8.13 5.59 9.51 5.80
4.69 9.48 4.15 8.30 9.56 3.59 4.43 1.19 9.89 7.45
1.82 9.45 4.02 7.33 4.69 5.55 1.46 2.09 5.61 7.27
8.90 6.66 6.04 6.14 6.42 3.13 9.63 5.73 7.75 8.95
6.13 8.28 2.24 3.74 5.95 8.49 4.06 4.60 9.13 9.61
8.37 6.36 3.79 4.16 9.42 9.56 2.94 5.40 3.32 6.23
2.25 3.74 2.44 2.28 4.95 2.40 7.20 1.39 4.68 3.74
1.44 9.89 1.78 1.79 6.32 7.86 4.82 3.83 5.43 8.28
9.92 4.86 1.92 4.22 6.57 2.39 6.02 1.11 4.63 9.61
9.39 4.66 7.55 2.85 2.20 3.19 8.53 2.83 8.15 7.44
5.49 2.06 6.96 8.55 4.36 3.11 8.12 3.31 1.85 3.31
7.12 9.40 9.25 1.58 6.40 3.14 8.54 6.35 5.67 2.66
2.83 6.93 3.38 4.85 5.88 6.25 9.03 4.32 2.28 5.25
7.57 5.10 5.18 3.61 9.26 1.43 2.19 1.97 8.28 7.89
2.48 3.42 9.81 1.76 8.92 9.67 7.91 6.81 6.06 1.80
1.68 5.46 6.93 8.59 6.09 5.76 2.10 1.39 9.82 3.33
3.83 7.15 6.94 9.56 3.39 8.06 2.89 3.64 3.89 7.28
3.61 1.35 8.47 9.96 7.81 4.74 7.14 1.13 4.90 7.22
5.74 7.42 4.13 1.23 2.28 2.20 9.06 8.47 1.38 3.81
8.70 7.62 7.68 5.79 9.65 8.03 3.92 5.67 5.40 7.61
9.66 3.43 9.50 2.19 9.76 5.08 1.07 2.02 2.50 9.97
6.57 3.23 5.37 5.20 7.70 8.21 2.79 5.64 2.54 2.75
5.60 1.31 4.18 9.04 7.25 4.60 9.00 5.13 8.94 6.36
7.99 5.30 5.43 8.16 3.27 8.50 3.01 7.07 1.73 8.86
9.98 2.92 7.17 5.86 8.47 3.13 6.38 3.89 6.98 7.13
1.79 5.40 5.74 3.42 7.30 1.01 4.09 1.20 8.64 4.62
4.17 5.22 1.99 2.31 8.43 9.02 6.55 9.52 1.90 6.90
6.05 2.96 9.46 1.25 1.08 3.67 5.00 7.38 1.85 6.69
7.94 8.12 7.05 9.34 1.55 5.74 5.72 2.38 9.83 2.32
3.32 9.91 9.28 5.27 4.14 6.35 4.74 7.18 4.04 3.23
6.11 3.52 7.19 2.19 3.52 7.59 7.30 4.58 3.05 6.31
3.38 5.10 2.77 2.73 6.01 2.27 7.33 9.60 3.75 9.07
9.72 9.49 5.82 6.37 1.29 1.48 5.32 3.54 5.23 4.77
8.07 7.87 8.56 7.57 8.32 1.06 4.03 1.86 2.15 7.09
4.62 4.29 7.91 1.58 2.06 8.88 2.96 7.76 9.33 8.40
5.70 1.74 2.50 6.54 6.42 9.54 7.22 5.76 3.18 5.42
9.45 2.05 8.67 8.21 4.70 3.67 6.60 3.20 1.79 6.35
4.52 8.58 5.49 2.51 9.86 6.15 4.80 2.16 4.99 8.35
7.71 3.27 9.77 1.69 3.24 3.76 2.70 9.96 7.32 2.06
8.86 8.73 6.53 7.06 3.22 1.00 2.49 3.04 8.80 4.25
4.12 9.77 8.24 1.87 6.64 8.64 8.85 9.35 3.64 5.05
9.65 9.06 9.22 8.70 7.73 7.09 2.90 5.31 4.02 9.96
2.20 3.64 8.01 8.11 2.79 7.01 8.65 7.05 7.66 8.50
6.96 9.10 9.72 4.13 6.83 4.60 5.11 6.03 1.32 1.22
8.26 2.76 5.09 3.94 7.63 7.97 6.05 9.04 5.83 3.28
2.04 5.85 3.42 4.18 7.98 5.74 7.90 4.33 1.31 4.39
5.67 9.27 8.82 5.14 3.86 6.30 3.33 3.08 6.36 2.70
7.06 4.34 8.59 9.46 7.86 4.12 4.84 7.21 9.04 9.25
8.15 1.96 8.89 1.10 2.46 3.68 5.78 1.93 5.02 2.90
6.68 6.65 2.60 4.63 6.30 7.60 1.61 8.85 5.79 9.51
6.52 5.99 5.62 9.22 8.37 2.99 7.68 6.76 9.64 4.19
6.42 7.44 6.55 8.15 5.17 6.91 4.67 3.05 6.96 7.35
3.58 4.52 9.88 3.44 4.12 4.79 1.07 5.40 5.00 4.29
9.19 1.08 1.34 1.26 3.24 5.29 8.98 6.37 4.80 4.47
8.11 6.37 5.48 8.96 4.89 4.93 2.06 4.86 1.73 2.76
2.50 8.40 4.53 8.19 4.67 2.66 3.59 3.16 2.49 6.88
8.43 5.24 9.81 8.41 9.19 5.61 9.76 1.85 6.29 3.81
5.70 3.45 8.71 8.90 5.92 4.98 7.72 3.67 2.72 5.16
4.42 2.68 5.52 4.20 6.00 5.11 4.84 9.01 6.79 7.77
4.42 1.87 9.69 7.69 7.75 1.00 9.39 1.17 5.17 5.79
9.77 9.87 3.28 4.70 1.03 4.61 8.31 5.72 9.91 3.07
1.59 4.74 7.56 9.81 7.77 3.68 4.34 3.10 8.16 8.97
9.30 2.58 4.73 9.18 2.27 3.93 9.16 9.23 7.13 6.99
1.68 3.26 3.73 6.00 6.41 8.18 9.27 6.52 6.73 3.51
8.34 8.66 3.91 2.77 1.08 7.28 6.57 5.47 8.01 2.61
8.19 5.83 6.65 9.68 5.56 1.38 7.50 2.25 8.14 9.83
2.65 6.34 1.70 9.67 9.76 5.18 7.26 5.03 9.31 7.13
6.09 8.16 6.06 8.07 7.83 3.30 3.19 1.12 7.03 4.79
8.54 1.84 1.33 5.50 6.52 1.04 4.67 2.70 5.03 5.73
1.26 6.58 3.19 9.04 2.38 3.34 9.04 8.73 7.53 3.34
5.40 5.38 6.06 6.91 3.01 6.15 7.86 5.78 6.46 2.32
6.72 1.31 6.61 9.82 7.25 8.85 3.49 1.35 2.20 3.13
2.80 7.20 3.22 5.91 1.70 7.72 1.08 6.10 6.74 2.25
8.74 5.02 9.65 7.18 4.43 1.17 4.12 3.99 2.37 8.15
5.44 9.99 9.30 3.55 1.43 5.91 5.53 8.56 2.24 5.34
4.24 3.93 9.95 5.09 9.89 4.39 3.09 8.01 5.61 8.41
2.38 7.48 6.14 7.44 4.88 9.95 7.38 7.78 3.24 4.97
6.54 8.51 5.59 1.66 1.87 8.53 2.53 5.85 3.20 9.49
6.53 8.90 7.14 9.39 1.57 7.78 1.35 1.02 4.92 9.24
8.07 5.14 4.05 1.79 5.50 5.36 2.62 7.61 5.29 9.45
8.25 8.52 7.69 1.38 4.08 5.79 5.80 6.50 8.27 7.18
7.13 3.35 5.13 2.44 6.60 9.56 6.16 8.76 8.42 4.66
4.28 4.68 7.07 3.83 9.48 4.01 3.43 2.61 6.19 2.21
6.39 6.82 4.21 8.93 6.01 9.63 2.03 5.12 3.07 1.33
2.74 7.76 1.03 5.90 2.69 9.01 8.06 4.40 6.08 2.31
4.81 2.52 3.33 8.73 6.40 2.66 2.93 3.59 2.76 8.47
1.25 1.03 9.94 3.35 6.62 7.27 8.40 3.15 9.62 8.33
8.04 3.74 4.20 7.36 4.72 3.25 6.47 8.87 3.14 3.93
2.51 7.54 8.38 4.27 5.31 5.54 3.68 2.41 3.18 2.42
1.57 7.55 7.04 2.40 6.26 5.48 5.62 3.93 9.18 6.07
5.76 9.05 5.72 5.12 7.97 3.56 3.20 5.51 8.41 3.42
9.58 2.61 3.72 2.13 3.41 4.69 9.32 5.95 5.42 5.41
7.91 7.69 9.29 3.78 5.63 4.24 5.61 5.15 7.16 2.79
3.23 2.41 3.04 6.20 1.08 7.65 2.48 7.03 6.36 8.94
2.06 9.27 4.13 6.26 1.42 5.25 3.56 6.56 9.97 1.69
7.99 1.74 3.32 5.08 9.97 4.65 7.14 3.36 4.10 9.87
9.08 7.33 5.83 1.11 9.39 6.97 1.93 8.87 2.35 5.67
1.35 1.25 2.70 3.82 9.24 9.89 5.62 7.06 9.07 4.50
7.70 3.63 5.85 4.13 7.21 4.89 2.62 6.38 8.46 8.55
6.99 3.70 2.42 2.38 3.67 3.84 2.93 9.68 2.43 9.12
2.28 8.78 4.33 8.95 9.60 8.19 3.06 7.58 3.79 9.91
9.79 7.00 4.57 4.03 4.02 5.81 6.45 5.09 4.78 5.03
2.93 2.62 1.56 5.36 8.38 4.47 6.66 9.00 9.10 6.54
6.46 6.50 1.50 3.31 7.13 9.39 6.76 9.47 8.38 4.87
4.95 2.97 3.06 7.75 7.38 7.13 1.27 3.05 6.88 1.11
9.47 5.44 9.37 7.83 5.13 9.45 7.95 1.64 6.71 7.45
6.93 4.22 5.59 7.31 4.61 2.70 3.92 3.03 4.00 5.45
5.42 5.56 3.93 5.12 6.76 7.32 4.38 5.14 8.47 7.12
3.60 5.30 2.16 1.69 5.60 8.70 5.37 3.46 3.12 4.28
3.16 2.29 9.26 8.74 5.04 2.52 1.95 7.71 8.94 8.13
3.47 1.07 2.79 8.84 3.60 2.21 5.69 9.24 2.31 5.05
9.44 2.80 5.73 1.48 6.39 2.21 6.82 2.45 6.49 8.72
2.88 7.70 7.25 8.09 9.95 3.50 8.47 7.60 2.02 5.94
3.19 2.96 1.76 3.49 8.81 7.70 9.64 8.89 8.91 6.83
3.10 2.87 6.15 1.24 6.86 7.76 3.92 7.23 6.35 6.49
9.65 1.55 7.63 5.17 7.98 9.73 5.04 6.25 1.09 9.93
1.74 8.88 1.67 3.15 7.99 3.06 6.60 9.10 9.25 9.89
2.82 6.15 8.49 9.23 1.12 7.55 2.19 8.12 9.95 6.09
6.47 7.09 2.86 8.05 9.98 3.17 7.45 6.39 4.73 7.67
2.40 6.77 2.90 9.60 1.84 8.92 9.65 6.91 7.71 4.27
5.94 1.00 6.55 3.65 4.35 1.44 1.03 8.37 1.62 7.55
7.07 4.85 5.91 8.87 9.00 6.55 1.86 5.06 7.61 9.23
3.11 4.85 3.52 2.64 8.02 6.34 3.44 7.60 9.40 4.16
4.97 4.92 6.31 8.64 1.71 3.60 4.89 9.47 6.16 8.62
7.49 4.17 5.70 7.91 7.15 7.07 6.97 8.81 3.05 1.60
6.25 8.62 7.11 5.62 2.87 5.28 6.29 5.62 2.16 5.22
3.83 5.25 6.29 1.22 8.81 7.67 8.65 1.42 1.05 1.06
6.52 4.24 4.56 1.42 4.95 3.45 6.25 1.92 6.20 3.98
4.23 7.73 5.60 2.12 9.56 9.75 2.96 6.75 5.77 6.91
6.70 6.75 7.08 3.23 4.89 6.94 5.96 7.21 3.18 4.52
7.47 9.24 3.28 6.65 1.68 5.95 4.36 3.29 3.82 3.29
3.06 6.12 6.50 3.10 3.57 6.95 4.96 2.48 5.79 3.46
7.15 5.93 4.38 3.75 7.04 4.94 8.99 3.95 8.52 4.43
8.91 4.60 2.76 2.59 9.63 3.69 8.65 5.54 8.16 8.00
6.31 4.67 6.40 6.38 3.46 9.71 8.97 1.27 8.65 9.79
7.67 7.31 5.00 9.04 3.85 2.35 8.18 4.48 4.14 8.05
9.49 2.86 9.25 9.60 5.70 6.96 6.61 1.79 4.48 8.32
1.58 8.78 4.47 4.11 4.47 8.24 3.06 6.28 5.39 4.96
3.28 7.67 2.40 6.01 5.06 9.30 1.20 4.16 9.61 7.58
6.67 5.35 9.35 6.59 9.63 5.05 4.97 1.27 3.64 8.32
5.64 8.19 1.63 2.02 5.75 6.41 7.51 7.92 7.90 6.86
9.59 2.58 8.99 4.84 1.59 4.43 8.64 1.96 8.51 1.59
3.67 1.73 4.49 2.69 6.93 2.22 4.67 9.19 6.08 5.14
9.21 6.40 3.01 1.41 5.75 1.98 2.49 4.68 8.61 7.50
5.46 8.66 9.66 5.00 6.47 4.46 2.75 5.92 9.08 6.21
5.86 2.81 8.99 6.84 3.16 7.45 1.38 5.56 3.38 9.82
8.00 9.93 3.41 1.27 8.52 5.09 9.88 1.94 3.70 9.86
3.14 2.22 6.38 4.16 2.48 7.32 1.77 1.07 4.69 6.51
2.25 8.29 8.84 2.86 1.33 3.04 6.34 6.79 8.60 6.37
9.84 3.11 3.80 5.53 6.65 1.64 6.69 5.93 3.76 4.65
1.05 10.00 3.67 2.38 1.52 1.84 5.16 8.57 4.13 2.49
4.15 7.40 7.43 9.17 7.24 5.47 4.45 7.81 9.44 7.15
3.56 2.18 5.77 3.52 2.54 2.54 9.68 7.05 9.36 6.57
3.42 8.02 8.07 6.12 8.94 6.98 6.72 2.67 4.22 2.73
6.78 8.44 4.06 3.67 5.73 3.23 7.83 9.48 7.27 6.38
2.14 4.06 8.50 7.66 5.16 8.03 2.77 4.41 7.27 9.15
5.06 6.01 3.20 2.36 3.93 9.17 3.94 6.95 6.13 7.06
1.25 2.53 3.91 4.83 8.74 6.78 7.69 2.42 8.93 8.92
3.75 6.52 4.88 6.12 5.81 2.77 2.07 5.39 3.18 9.14
4.42 6.33 6.59 4.32 2.22 3.08 4.42 9.56 7.63 5.61
9.78 1.84 8.24 3.15 4.43 9.55 1.35 2.56 7.74 8.76
4.26 4.59 9.58 4.78 2.85 8.90 7.71 9.52 7.92 1.80
5.36 6.45 9.90 3.33 8.76 4.10 4.56 7.83 5.93 7.69
5.45 2.70 9.53 1.41 9.97 4.87 9.61 4.95 4.44 2.67
3.89 3.39 9.04 1.42 5.05 1.21 5.28 1.44 6.72 6.61
3.64 8.81 4.24 9.68 3.37 1.56 5.61 5.48 8.86 6.22
8.98 6.80 8.74 6.68 4.21 2.78 7.44 2.97 2.54 7.31
1.93 4.63 3.68 9.04 3.87 4.68 6.53 6.50 5.59 4.13
5.33 2.21 4.19 9.16 7.08 2.40 6.92 8.99 6.98 1.61
8.46 9.26 4.53 8.43 4.40 7.08 4.01 9.76 5.59 5.78
3.58 1.46 2.94 2.32 9.00 2.00 2.46 2.04 7.92 4.68
3.99 1.11 6.69 7.79 4.04 7.81 9.59 3.40 7.42 7.93
8.25 1.97 2.78 7.37 2.74 1.53 9.57 1.09 1.87 4.27
3.40 2.50 4.11 3.10 5.70 5.45 2.52 7.12 3.15 6.91
6.97 2.14 5.79 1.47 6.05 9.43 9.65 5.75 8.08 2.26
5.29 8.60 3.07 3.59 9.81 6.99 1.01 7.89 9.71 8.48
8.51 2.93 6.18 8.83 2.66 3.82 5.49 5.06 8.13 4.37
7.40 6.06 8.61 1.76 6.09 3.60 7.00 4.85 8.59 8.16
7.26 8.00 8.30 6.04 8.46 3.83 2.34 5.18 8.01 7.49
8.52 3.14 1.45 2.69 2.86 2.71 9.31 4.71 8.96 5.13
9.55 8.17 2.87 9.99 3.32 5.86 9.62 7.28 9.50 4.40
9.62 8.37 8.45 3.49 5.62 7.49 8.38 3.30 5.06 5.64
5.87 8.79 7.48 4.06 4.17 8.37 3.90 8.33 3.75 8.64
1.19 6.35 9.89 7.27 6.24 9.13 7.36 4.06 9.28 1.25
5.09 1.64 2.53 3.59 9.78 9.99 7.41 2.13 3.25 7.30
5.30 9.64 1.14 5.10 2.20 3.75 8.42 5.08 4.48 6.71
7.29 6.63 8.52 7.17 6.17 8.48 6.31 4.79 1.39 6.44
3.37 8.71 5.37 6.15 2.34 4.96 8.46 8.66 3.83 9.69
5.08 3.74 2.23 9.43 6.11 2.30 6.08 4.12 1.75 1.65
6.84 9.74 3.64 4.17 2.59 3.28 8.46 8.05 5.14 3.80
3.40 2.07 7.77 2.37 7.28 9.36 1.11 5.72 3.69 6.32
1.09 6.41 9.54 8.04 3.91 3.70 6.64 5.98 4.16 4.73
7.52 1.38 6.24 9.09 5.28 5.69 9.17 7.84 5.06 3.96
9.27 6.35 9.14 5.49 5.61 3.01 9.37 4.79 5.26 8.13
1.92 2.27 6.61 7.25 6.38 9.62 9.37 9.28 7.51 8.19

Demandas:
0 1 0 0 0 0 0
0 1 0 0 0 0 0
0 0 0 0 0 0 1
0 0 0 0 1 0 0
0 1 0 0 0 0 0
0 0 1 0 0 0 0
0 0 1 0 0 0 0
0 0 0 0 0 1 0
0 1 0 0 0 0 0
0 0 0 0 0 1 0
0 0 1 0 0 0 0
0 0 1 0 0 0 0
1 0 0 0 0 0 0
0 0 0 0 1 0 0
0 0 1 0 0 0 0
1 0 0 0 0 0 0
0 0 0 0 0 0 1
0 1 0 0 0 0 0
0 0 0 1 0 0 0
0 0 0 0 1 0 0
0 0 0 0 1 0 0
0 1 0 0 0 0 0
0 0 0 0 0 1 0
1 0 0 0 0 0 0
0 0 0 1 0 0 0
0 0 0 0 1 0 0
0 1 0 0 0 0 0
0 0 0 0 0 1 0
0 0 0 0 0 1 0
0 0 0 1 0 0 0
1 0 0 0 0 0 0
0 1 0 0 0 0 0
0 0 0 0 0 1 0
0 0 0 0 0 1 0
0 0 0 1 0 0 0
0 0 0 1 0 0 0
0 0 0 0 1 0 0
0 0 0 0 0 0 1
0 0 0 0 0 1 0
0 0 0 0 0 0 1
0 0 0 0 1 0 0
0 0 0 0 0 0 1
0 0 0 0 0 1 0
1 0 0 0 0 0 0
1 0 0 0 0 0 0
0 1 0 0 0 0 0
1 0 0 0 0 0 0
0 0 1 0 0 0 0
1 0 0 0 0 0 0
0 0 0 1 0 0 0
1 0 0 0 0 0 0
1 0 0 0 0 0 0
0 0 0 1 0 0 0
0 0 0 0 1 0 0
0 0 0 0 0 1 0
0 0 0 0 1 0 0
0 0 0 0 0 1 0
0 0 1 0 0 0 0
0 0 0 0 0 1 0
0 0 0 0 0 1 0
1 0 0 0 0 0 0
0 1 0 0 0 0 0
1 0 0 0 0 0 0
0 0 0 0 0 1 0
0 0 0 0 1 0 0
0 0 0 0 0 1 0
1 0 0 0 0 0 0
0 0 0 0 0 1 0
0 0 1 0 0 0 0
0 0 0 0 1 0 0
0 0 0 1 0 0 0
0 0 1 0 0 0 0
0 1 0 0 0 0 0
0 0 0 1 0 0 0
0 0 0 0 0 0 1
0 0 0 0 1 0 0
0 0 0 1 0 0 0
0 0 0 0 1 0 0
0 0 0 0 0 1 0
0 1 0 0 0 0 0
0 0 1 0 0 0 0
1 0 0 0 0 0 0
0 0 0 0 1 0 0
0 1 0 0 0 0 0
0 0 0 0 1 0 0
0 0 0 1 0 0 0
0 0 1 0 0 0 0
0 0 0 0 1 0 0
0 0 0 1 0 0 0
0 0 0 1 0 0 0
0 0 1 0 0 0 0
0 0 1 0 0 0 0
0 0 0 1 0 0 0
1 0 0 0 0 0 0
0 0 0 0 0 1 0
0 0 0 0 0 0 1
0 0 1 0 0 0 0
0 0 1 0 0 0 0
0 0 0 0 0 0 1
1 0 0 0 0 0 0
0 0 0 0 0 1 0
1 0 0 0 0 0 0
1 0 0 0 0 0 0
0 0 0 0 0 0 1
0 0 0 0 0 0 1
0 0 0 0 0 1 0
0 0 1 0 0 0 0
0 0 1 0 0 0 0
0 1 0 0 0 0 0
0 1 0 0 0 0 0
0 0 0 0 0 1 0
0 1 0 0 0 0 0
0 0 1 0 0 0 0
0 0 0 0 1 0 0
0 0 0 0 1 0 0
0 0 0 0 0 0 1
0 0 0 0 1 0 0
0 0 0 0 0 1 0
0 1 0 0 0 0 0
0 0 0 0 1 0 0
1 0 0 0 0 0 0
0 0 0 0 0 1 0
0 0 0 1 0 0 0
0 0 1 0 0 0 0
0 0 0 0 0 1 0
0 0 0 0 0 1 0
0 0 0 0 0 1 0
1 0 0 0 0 0 0
0 1 0 0 0 0 0
0 1 0 0 0 0 0
1 0 0 0 0 0 0
0 0 0 0 0 1 0
1 0 0 0 0 0 0
0 1 0 0 0 0 0
1 0 0 0 0 0 0
0 0 1 0 0 0 0
0 1 0 0 0 0 0
1 0 0 0 0 0 0
0 1 0 0 0 0 0
0 0 1 0 0 0 0
0 0 0 1 0 0 0
0 0 0 0 0 1 0
0 0 0 0 0 1 0
0 0 0 0 0 1 0
0 0 1 0 0 0 0
0 0 0 0 1 0 0
0 0 0 0 0 1 0
0 0 1 0 0 0 0
0 0 0 1 0 0 0
1 0 0 0 0 0 0
0 0 0 0 1 0 0
0 0 0 1 0 0 0
0 1 0 0 0 0 0
1 0 0 0 0 0 0
0 0 0 0 0 1 0
0 0 0 1 0 0 0
1 0 0 0 0 0 0
0 0 0 0 0 1 0
0 0 0 0 1 0 0
0 0 0 0 0 0 1
0 0 0 0 1 0 0
0 0 0 0 1 0 0
0 0 1 0 0 0 0
0 1 0 0 0 0 0
0 0 0 0 0 1 0
0 0 0 0 0 1 0
0 0 0 1 0 0 0
0 1 0 0 0 0 0
0 0 0 1 0 0 0
0 0 0 0 1 0 0
0 0 0 0 0 1 0
0 0 0 0 0 1 0
0 0 0 1 0 0 0
0 0 1 0 0 0 0
0 1 0 0 0 0 0
0 1 0 0 0 0 0
0 0 1 0 0 0 0
0 0 0 0 0 1 0
0 0 0 0 0 1 0
1 0 0 0 0 0 0
0 1 0 0 0 0 0
0 0 0 0 0 1 0
0 1 0 0 0 0 0
0 0 0 0 0 1 0
0 0 0 0 1 0 0
0 0 0 0 0 1 0
0 0 0 0 0 0 1
0 0 0 1 0 0 0
0 0 0 0 1 0 0
0 0 1 0 0 0 0
0 0 0 0 0 0 1
0 0 0 0 0 1 0
0 0 0 0 0 1 0
0 0 1 0 0 0 0
0 1 0 0 0 0 0
0 0 0 0 0 0 1
0 1 0 0 0 0 0
1 0 0 0 0 0 0
0 1 0 0 0 0 0
0 0 0 1 0 0 0
0 0 0 0 1 0 0
0 0 0 0 0 1 0
0 0 0 0 0 0 1
0 0 0 1 0 0 0
0 1 0 0 0 0 0
0 0 0 0 0 0 1
0 0 0 0 1 0 0
1 0 0 0 0 0 0
0 0 0 1 0 0 0
0 1 0 0 0 0 0
0 0 0 0 0 0 1
0 1 0 0 0 0 0
0 0 0 0 0 1 0
0 0 0 0 1 0 0
1 0 0 0 0 0 0
0 0 0 0 0 1 0
0 1 0 0 0 0 0
0 0 1 0 0 0 0
0 0 0 0 0 1 0
1 0 0 0 0 0 0
0 0 0 0 0 1 0
0 0 0 0 1 0 0
0 0 0 0 0 1 0
1 0 0 0 0 0 0
0 0 1 0 0 0 0
0 0 0 0 1 0 0
0 0 0 0 0 1 0
0 0 0 0 1 0 0
1 0 0 0 0 0 0
0 1 0 0 0 0 0
0 1 0 0 0 0 0
0 0 0 0 1 0 0
0 0 1 0 0 0 0
0 1 0 0 0 0 0
0 0 1 0 0 0 0
0 1 0 0 0 0 0
0 0 0 0 0 1 0
0 0 0 0 0 1 0
0 0 1 0 0 0 0
0 0 0 1 0 0 0
0 0 0 0 0 0 1
0 0 0 1 0 0 0
0 1 0 0 0 0 0
0 0 0 1 0 0 0
0 0 0 0 0 1 0
1 0 0 0 0 0 0
0 1 0 0 0 0 0
0 1 0 0 0 0 0
0 0 1 0 0 0 0
0 0 0 0 0 0 1
0 0 0 0 0 0 1
0 0 1 0 0 0 0
1 0 0 0 0 0 0
1 0 0 0 0 0 0
1 0 0 0 0 0 0
0 0 0 0 0 0 1
0 0 0 0 1 0 0
0 0 0 0 0 0 1
0 0 0 1 0 0 0
0 1 0 0 0 0 0
0 0 0 0 0 1 0
0 0 1 0 0 0 0
0 0 0 0 1 0 0
1 0 0 0 0 0 0
0 1 0 0 0 0 0
0 0 0 1 0 0 0
0 0 1 0 0 0 0
0 1 0 0 0 0 0
0 0 0 0 1 0 0
0 0 0 0 1 0 0
0 0 0 0 0 1 0
0 0 0 1 0 0 0
0 0 0 0 1 0 0
0 0 0 0 1 0 0
0 0 1 0 0 0 0
0 0 1 0 0 0 0
0 0 0 1 0 0 0
0 0 0 1 0 0 0
0 0 0 0 0 0 1
0 0 0 0 0 0 1
0 0 0 0 0 1 0
0 0 0 0 0 1 0
0 0 0 0 1 0 0
0 0 0 0 0 1 0
1 0 0 0 0 0 0
1 0 0 0 0 0 0
0 1 0 0 0 0 0
0 0 0 1 0 0 0
0 0 0 1 0 0 0
0 0 0 0 0 1 0
0 0 0 1 0 0 0
0 0 0 1 0 0 0
1 0 0 0 0 0 0
0 1 0 0 0 0 0
0 0 0 0 1 0 0
0 0 0 0 0 0 1
0 1 0 0 0 0 0
1 0 0 0 0 0 0
0 0 0 0 0 1 0
0 0 0 0 0 1 0
0 0 1 0 0 0 0
0 1 0 0 0 0 0
1 0 0 0 0 0 0
0 0 0 0 0 0 1
0 0 1 0 0 0 0
0 0 0 1 0 0 0
0 0 1 0 0 0 0
0 1 0 0 0 0 0
0 0 0 0 1 0 0
0 0 1 0 0 0 0
0 1 0 0 0 0 0
0 1 0 0 0 0 0
0 0 0 1 0 0 0
0 0 1 0 0 0 0
0 1 0 0 0 0 0
1 0 0 0 0 0 0
0 0 0 0 0 1 0
0 0 0 0 1 0 0
0 0 0 0 0 0 1
0 1 0 0 0 0 0
0 0 0 1 0 0 0
0 0 0 1 0 0 0
0 1 0 0 0 0 0
0 0 0 0 0 0 1
0 1 0 0 0 0 0
0 1 0 0 0 0 0
1 0 0 0 0 0 0
0 0 0 0 0 0 1
0 0 0 0 0 0 1
0 0 0 0 0 1 0
0 0 0 1 0 0 0
0 0 0 1 0 0 0
0 0 0 0 0 0 1
0 0 0 0 0 0 1
0 0 0 0 0 0 1
0 0 1 0 0 0 0
0 0 0 0 0 1 0
0 0 0 0 0 0 1
0 0 1 0 0 0 0
1 0 0 0 0 0 0
0 0 0 0 1 0 0
0 0 1 0 0 0 0
0 1 0 0 0 0 0
0 0 1 0 0 0 0
0 1 0 0 0 0 0
0 0 0 0 0 0 1
0 0 0 1 0 0 0
0 0 1 0 0 0 0
0 0 1 0 0 0 0
0 0 0 0 0 1 0
1 0 0 0 0 0 0
0 0 0 0 0 0 1
0 0 0 0 1 0 0
0 0 1 0 0 0 0
0 0 0 0 0 1 0
0 0 0 0 0 0 1
0 0 1 0 0 0 0
1 0 0 0 0 0 0
0 0 0 0 0 1 0
0 0 1 0 0 0 0
0 0 0 0 1 0 0
1 0 0 0 0 0 0
0 0 1 0 0 0 0
0 0 0 0 1 0 0
0 0 0 0 0 1 0
0 1 0 0 0 0 0
1 0 0 0 0 0 0
0 0 0 0 0 1 0
0 0 0 1 0 0 0
0 0 1 0 0 0 0
0 0 0 1 0 0 0
0 1 0 0 0 0 0
0 0 0 0 0 1 0
0 0 0 1 0 0 0
0 0 1 0 0 0 0
0 0 1 0 0 0 0
0 0 0 1 0 0 0
1 0 0 0 0 0 0
0 0 0 1 0 0 0
0 0 0 0 1 0 0
0 0 0 0 1 0 0
0 1 0 0 0 0 0
0 0 0 0 0 0 1
0 0 0 0 1 0 0
0 0 1 0 0 0 0
0 0 1 0 0 0 0
0 0 1 0 0 0 0
0 1 0 0 0 0 0
0 0 1 0 0 0 0
0 0 0 0 0 0 1
0 0 1 0 0 0 0
1 0 0 0 0 0 0
0 0 0 0 0 1 0
0 1 0 0 0 0 0
0 0 0 0 0 1 0
0 0 1 0 0 0 0
0 0 0 0 1 0 0
1 0 0 0 0 0 0
1 0 0 0 0 0 0
0 0 0 0 0 1 0
0 0 0 1 0 0 0
0 0 1 0 0 0 0
0 0 1 0 0 0 0
0 0 0 0 0 0 1
0 0 1 0 0 0 0
0 0 0 0 1 0 0
1 0 0 0 0 0 0
0 0 0 0 0 0 1
0 0 0 0 0 1 0
0 1 0 0 0 0 0
0 1 0 0 0 0 0
0 0 0 0 0 1 0
0 0 0 0 1 0 0
0 0 0 0 1 0 0
1 0 0 0 0 0 0
0 0 1 0 0 0 0
0 0 0 0 1 0 0
0 0 0 0 1 0 0
0 0 1 0 0 0 0
0 0 1 0 0 0 0
0 0 0 0 0 1 0
1 0 0 0 0 0 0
0 0 0 0 0 0 1
0 1 0 0 0 0 0
0 0 0 0 1 0 0
0 1 0 0 0 0 0
0 0 0 1 0 0 0
0 0 1 0 0 0 0
0 1 0 0 0 0 0
1 0 0 0 0 0 0
0 0 0 1 0 0 0
0 0 0 0 0 0 1
0 0 0 0 0 1 0
0 0 0 0 1 0 0
0 0 0 1 0 0 0
0 0 0 0 0 1 0
0 0 0 0 0 1 0
0 1 0 0 0 0 0
0 1 0 0 0 0 0
0 0 0 0 1 0 0
1 0 0 0 0 0 0
0 1 0 0 0 0 0
0 0 0 0 0 0 1
0 0 0 0 0 0 1
0 0 0 0 0 0 1
0 0 0 0 0 1 0
0 0 1 0 0 0 0
0 1 0 0 0 0 0
0 1 0 0 0 0 0
1 0 0 0 0 0 0
0 0 0 0 0 0 1
0 0 1 0 0 0 0
0 0 0 0 0 0 1
1 0 0 0 0 0 0
1 0 0 0 0 0 0
1 0 0 0 0 0 0
0 0 0 0 0 0 1
0 0 0 0 1 0 0
0 1 0 0 0 0 0
0 1 0 0 0 0 0
1 0 0 0 0 0 0
0 0 0 0 0 0 1
0 0 0 0 1 0 0
1 0 0 0 0 0 0
0 0 0 1 0 0 0
1 0 0 0 0 0 0
0 0 0 1 0 0 0
0 0 0 0 0 1 0
0 0 0 0 0 1 0
0 0 0 1 0 0 0
0 0 0 0 1 0 0
0 0 1 0 0 0 0
0 0 0 0 0 1 0
0 0 0 0 0 1 0
0 0 0 0 0 0 1
0 1 0 0 0 0 0
0 0 0 1 0 0 0
0 1 0 0 0 0 0
0 1 0 0 0 0 0
0 0 0 1 0 0 0
0 0 0 0 0 1 0
0 0 0 1 0 0 0
0 1 0 0 0 0 0
0 1 0 0 0 0 0
0 1 0 0 0 0 0
0 0 0 1 0 0 0
0 0 0 1 0 0 0
0 0 0 0 0 1 0
0 0 0 1 0 0 0
0 0 1 0 0 0 0
0 0 0 0 1 0 0
0 0 1 0 0 0 0
0 0 0 1 0 0 0
0 0 1 0 0 0 0
0 0 0 0 0 0 1
0 0 1 0 0 0 0
1 0 0 0 0 0 0
1 0 0 0 0 0 0
0 0 0 0 1 0 0
0 0 1 0 0 0 0
0 1 0 0 0 0 0
0 0 1 0 0 0 0
1 0 0 0 0 0 0
0 0 0 1 0 0 0
0 0 1 0 0 0 0
0 0 0 0 0 1 0
0 0 0 1 0 0 0
0 1 0 0 0 0 0
0 0 0 1 0 0 0
0 0 0 0 0 1 0
0 0 0 0 0 0 1
0 0 0 1 0 0 0
0 1 0 0 0 0 0
1 0 0 0 0 0 0
0 0 0 0 0 0 1
0 0 0 0 1 0 0
0 0 1 0 0 0 0
0 0 0 0 0 1 0
0 1 0 0 0 0 0
0 1 0 0 0 0 0
0 0 1 0 0 0 0
0 0 0 0 0 1 0
0 0 0 0 1 0 0
0 1 0 0 0 0 0
0 0 0 0 0 1 0
0 0 0 1 0 0 0
0 1 0 0 0 0 0
0 0 0 0 0 1 0
0 1 0 0 0 0 0
0 1 0 0 0 0 0
1 0 0 0 0 0 0
0 0 1 0 0 0 0
0 0 0 0 1 0 0
0 0 1 0 0 0 0
0 0 0 0 1 0 0
0 1 0 0 0 0 0
1 0 0 0 0 0 0
0 0 0 0 1 0 0
0 0 0 0 1 0 0
0 0 0 0 0 0 1
0 0 0 0 1 0 0
0 1 0 0 0 0 0
1 0 0 0 0 0 0
0 0 0 0 0 0 1
0 1 0 0 0 0 0
0 0 0 1 0 0 0
0 0 0 1 0 0 0
0 0 0 0 0 1 0
0 0 0 0 1 0 0
0 0 0 0 0 1 0
1 0 0 0 0 0 0
0 0 0 1 0 0 0
0 1 0 0 0 0 0
0 0 1 0 0 0 0
0 0 0 0 0 0 1
0 0 0 0 0 1 0
0 0 0 0 0 0 1
0 1 0 0 0 0 0
0 0 1 0 0 0 0
0 0 0 0 0 0 1
0 0 1 0 0 0 0
1 0 0 0 0 0 0
0 0 1 0 0 0 0
0 0 0 1 0 0 0
0 0 1 0 0 0 0
0 0 0 0 0 1 0
0 0 0 1 0 0 0
0 0 0 0 1 0 0
0 0 0 1 0 0 0
1 0 0 0 0 0 0
0 0 1 0 0 0 0
0 0 0 1 0 0 0
1 0 0 0 0 0 0
0 0 0 0 1 0 0
0 0 0 0 1 0 0
0 0 1 0 0 0 0
0 0 0 1 0 0 0
0 0 1 0 0 0 0
0 0 1 0 0 0 0
0 0 1 0 0 0 0
0 1 0 0 0 0 0
0 0 0 0 0 1 0
0 1 0 0 0 0 0
0 0 0 0 0 1 0
1 0 0 0 0 0 0
0 0 0 0 1 0 0
0 1 0 0 0 0 0
1 0 0 0 0 0 0
1 0 0 0 0 0 0
0 1 0 0 0 0 0
0 0 1 0 0 0 0
0 0 0 0 1 0 0
1 0 0 0 0 0 0
0 0 0 0 1 0 0
0 0 1 0 0 0 0
0 0 0 1 0 0 0
0 0 0 0 1 0 0
0 0 0 1 0 0 0
0 0 0 0 0 0 1
0 0 0 1 0 0 0
0 0 0 1 0 0 0
0 0 0 0 1 0 0
0 0 0 1 0 0 0
0 0 0 1 0 0 0
0 0 0 0 0 1 0
1 0 0 0 0 0 0
0 0 1 0 0 0 0
1 0 0 0 0 0 0
1 0 0 0 0 0 0
0 0 0 0 1 0 0
0 0 0 1 0 0 0
1 0 0 0 0 0 0
0 0 0 1 0 0 0
0 0 0 1 0 0 0
0 0 0 0 0 0 1
0 0 0 0 0 1 0
0 0 0 0 0 1 0
0 0 0 0 0 1 0
0 0 1 0 0 0 0
0 0 0 1 0 0 0
0 0 0 0 0 1 0
1 0 0 0 0 0 0
0 0 0 0 0 0 1
0 0 0 0 0 0 1
0 1 0 0 0 0 0
0 0 0 0 0 0 1
0 0 1 0 0 0 0
0 1 0 0 0 0 0
0 0 0 1 0 0 0
1 0 0 0 0 0 0
1 0 0 0 0 0 0
0 1 0 0 0 0 0
0 1 0 0 0 0 0
0 0 1 0 0 0 0
0 0 0 0 0 0 1
0 0 0 0 0 0 1
0 0 0 0 1 0 0
0 0 0 0 0 0 1
1 0 0 0 0 0 0
0 0 0 0 1 0 0
1 0 0 0 0 0 0
1 0 0 0 0 0 0
0 0 0 0 1 0 0
0 0 0 0 1 0 0
0 0 0 0 1 0 0
0 0 0 0 0 0 1
0 0 0 0 0 0 1
0 0 0 0 0 0 1
0 1 0 0 0 0 0
0 0 0 0 0 0 1
0 0 0 0 0 1 0
0 0 1 0 0 0 0
1 0 0 0 0 0 0
0 0 1 0 0 0 0
0 0 0 0 0 1 0
0 0 0 0 0 1 0
0 0 0 0 1 0 0
0 0 0 0 1 0 0
0 1 0 0 0 0 0
0 0 0 0 0 0 1
0 0 0 0 0 0 1
1 0 0 0 0 0 0
1 0 0 0 0 0 0
0 0 0 0 1 0 0
0 0 0 1 0 0 0
0 0 1 0 0 0 0
0 1 0 0 0 0 0
0 0 0 0 0 1 0
0 0 0 0 0 0 1
0 0 0 1 0 0 0
0 0 0 0 1 0 0
0 0 0 0 0 0 1
1 0 0 0 0 0 0
0 0 0 0 0 1 0
0 0 1 0 0 0 0
0 0 0 0 0 1 0
0 0 0 0 1 0 0
0 1 0 0 0 0 0
1 0 0 0 0 0 0
1 0 0 0 0 0 0
0 0 0 0 1 0 0
0 0 0 1 0 0 0
0 0 0 0 0 0 1
0 1 0 0 0 0 0
0 0 0 0 1 0 0
0 0 0 1 0 0 0
0 0 0 0 0 0 1
0 0 0 0 0 1 0
0 0 0 0 0 1 0
0 0 1 0 0 0 0
0 0 0 1 0 0 0
1 0 0 0 0 0 0
0 0 0 0 0 1 0
0 0 0 0 1 0 0
0 0 0 0 0 1 0
0 1 0 0 0 0 0
1 0 0 0 0 0 0
0 0 0 1 0 0 0
0 0 0 0 0 1 0
0 1 0 0 0 0 0
0 0 0 1 0 0 0
0 0 0 0 0 0 1
0 1 0 0 0 0 0
0 0 0 0 1 0 0
0 0 0 0 0 0 1
1 0 0 0 0 0 0
0 0 0 0 1 0 0
1 0 0 0 0 0 0
0 0 1 0 0 0 0
0 0 0 0 0 0 1
0 0 0 1 0 0 0
0 1 0 0 0 0 0
0 0 0 0 0 1 0
0 0 0 0 0 0 1
0 0 0 0 1 0 0
1 0 0 0 0 0 0
1 0 0 0 0 0 0
1 0 0 0 0 0 0
1 0 0 0 0 0 0
0 1 0 0 0 0 0
0 0 0 0 0 1 0
0 0 0 0 1 0 0
0 0 0 0 0 0 1
0 0 0 0 0 1 0
0 0 0 0 0 0 1
0 0 0 0 0 1 0
0 0 0 1 0 0 0
0 0 0 0 1 0 0
0 0 0 1 0 0 0
0 0 0 1 0 0 0
0 1 0 0 0 0 0
0 1 0 0 0 0 0
0 0 0 0 0 0 1
0 0 0 0 0 1 0
0 1 0 0 0 0 0
1 0 0 0 0 0 0
0 0 1 0 0 0 0
0 0 0 0 1 0 0
0 0 0 0 1 0 0
0 0 0 0 0 1 0
0 1 0 0 0 0 0
0 0 0 0 0 1 0
0 0 0 0 0 1 0
0 0 1 0 0 0 0
0 0 0 1 0 0 0
0 0 0 0 0 0 1
0 1 0 0 0 0 0
0 0 1 0 0 0 0
0 0 0 0 0 0 1
0 0 0 0 0 1 0
0 1 0 0 0 0 0
0 1 0 0 0 0 0
0 1 0 0 0 0 0
0 0 0 1 0 0 0
0 0 0 1 0 0 0
0 1 0 0 0 0 0
0 0 1 0 0 0 0
0 0 0 0 1 0 0
0 1 0 0 0 0 0
0 0 1 0 0 0 0
0 0 0 0 0 0 1
0 1 0 0 0 0 0
0 0 0 0 0 1 0
0 1 0 0 0 0 0
0 0 1 0 0 0 0
0 1 0 0 0 0 0
0 0 1 0 0 0 0
0 0 0 0 0 1 0
1 0 0 0 0 0 0
0 0 0 0 0 1 0
0 0 0 0 1 0 0
0 0 0 0 0 0 1
0 0 0 0 1 0 0
0 1 0 0 0 0 0
1 0 0 0 0 0 0
0 0 0 0 0 1 0
0 0 0 0 0 0 1
0 1 0 0 0 0 0
0 0 1 0 0 0 0
0 1 0 0 0 0 0
1 0 0 0 0 0 0
0 0 0 1 0 0 0
0 0 1 0 0 0 0
0 0 1 0 0 0 0
0 0 0 0 0 1 0
0 1 0 0 0 0 0
1 0 0 0 0 0 0
0 0 0 0 1 0 0
1 0 0 0 0 0 0
0 0 0 1 0 0 0
0 0 1 0 0 0 0
1 0 0 0 0 0 0
1 0 0 0 0 0 0
0 0 1 0 0 0 0
0 0 0 0 0 0 1
0 1 0 0 0 0 0
1 0 0 0 0 0 0
0 0 0 0 0 0 1
0 1 0 0 0 0 0
0 0 1 0 0 0 0
0 0 0 0 0 1 0
0 0 0 0 0 1 0
0 0 0 1 0 0 0
0 0 0 1 0 0 0
0 0 1 0 0 0 0
0 0 0 0 0 0 1
0 0 0 0 0 1 0
0 0 0 0 1 0 0
0 0 0 1 0 0 0
0 1 0 0 0 0 0
0 1 0 0 0 0 0
0 0 1 0 0 0 0
0 0 0 0 0 1 0
0 0 0 0 1 0 0
0 0 0 1 0 0 0
0 0 1 0 0 0 0
0 0 0 0 0 0 1
1 0 0 0 0 0 0
1 0 0 0 0 0 0
0 0 0 0 0 1 0
1 0 0 0 0 0 0
1 0 0 0 0 0 0
0 0 0 0 1 0 0
0 0 1 0 0 0 0
1 0 0 0 0 0 0
0 0 0 0 1 0 0
0 0 0 1 0 0 0
0 0 0 0 0 1 0
0 0 0 0 0 0 1
0 0 0 0 1 0 0
1 0 0 0 0 0 0
0 0 0 1 0 0 0
0 1 0 0 0 0 0
0 1 0 0 0 0 0
0 0 0 0 0 1 0
0 0 1 0 0 0 0
0 0 0 0 0 0 1
0 0 0 0 0 0 1
1 0 0 0 0 0 0
0 0 0 0 0 1 0
0 0 0 1 0 0 0
1 0 0 0 0 0 0
1 0 0 0 0 0 0
1 0 0 0 0 0 0
0 0 0 0 0 1 0
0 0 0 0 0 1 0
0 0 0 0 0 1 0
0 0 0 0 0 0 1
0 0 0 1 0 0 0
0 0 1 0 0 0 0
1 0 0 0 0 0 0
0 1 0 0 0 0 0
0 0 1 0 0 0 0
0 0 0 1 0 0 0
0 0 1 0 0 0 0
1 0 0 0 0 0 0
0 0 0 0 0 0 1
1 0 0 0 0 0 0
0 0 1 0 0 0 0
0 0 0 0 1 0 0
0 1 0 0 0 0 0
0 1 0 0 0 0 0
0 0 0 1 0 0 0
0 0 0 0 0 1 0
0 0 0 0 0 0 1
0 0 0 1 0 0 0
0 0 0 0 0 0 1
0 1 0 0 0 0 0
0 0 0 0 1 0 0
0 0 0 0 0 0 1
1 0 0 0 0 0 0
0 0 1 0 0 0 0
1 0 0 0 0 0 0
0 0 0 0 1 0 0
1 0 0 0 0 0 0
0 0 1 0 0 0 0
1 0 0 0 0 0 0
0 0 0 0 0 1 0
0 0 0 0 1 0 0
0 0 0 0 1 0 0
0 1 0 0 0 0 0
0 0 0 0 0 0 1
0 0 0 1 0 0 0
0 0 0 0 1 0 0
0 0 0 0 1 0 0
1 0 0 0 0 0 0
0 0 0 0 0 1 0
0 0 0 0 0 1 0
1 0 0 0 0 0 0
0 0 1 0 0 0 0
0 0 0 0 0 0 1
0 0 0 0 1 0 0
1 0 0 0 0 0 0
1 0 0 0 0 0 0
0 0 0 0 0 0 1
0 0 0 0 0 0 1
0 0 0 0 0 1 0
0 0 0 0 0 1 0
0 0 0 0 0 0 1
0 0 0 1 0 0 0
0 0 0 1 0 0 0
0 0 0 0 0 1 0
1 0 0 0 0 0 0
0 0 0 0 1 0 0
0 1 0 0 0 0 0
0 1 0 0 0 0 0
0 0 0 1 0 0 0
0 1 0 0 0 0 0
0 0 0 1 0 0 0
0 0 0 0 0 0 1
1 0 0 0 0 0 0
0 0 0 0 1 0 0
0 0 0 0 0 0 1
0 1 0 0 0 0 0
0 0 1 0 0 0 0
0 0 0 0 0 0 1
0 0 0 0 0 1 0
1 0 0 0 0 0 0
1 0 0 0 0 0 0
0 0 0 0 1 0 0
0 0 1 0 0 0 0
0 0 1 0 0 0 0
0 0 0 0 0 1 0
0 0 0 1 0 0 0
0 0 0 0 1 0 0
1 0 0 0 0 0 0
0 0 0 0 1 0 0
0 1 0 0 0 0 0
0 0 0 1 0 0 0
0 0 0 1 0 0 0
0 1 0 0 0 0 0
1 0 0 0 0 0 0
0 0 1 0 0 0 0
0 0 0 0 0 1 0
0 0 1 0 0 0 0
0 1 0 0 0 0 0
0 0 0 1 0 0 0
0 0 0 0 0 0 1
0 0 0 0 0 1 0
0 0 0 0 0 0 1
1 0 0 0 0 0 0
1 0 0 0 0 0 0
0 0 0 0 0 0 1
0 1 0 0 0 0 0
0 0 1 0 0 0 0
0 0 0 0 0 1 0
0 0 0 0 1 0 0
0 0 0 1 0 0 0
0 0 1 0 0 0 0
0 0 0 0 1 0 0
0 0 1 0 0 0 0
0 1 0 0 0 0 0
0 1 0 0 0 0 0
0 0 0 1 0 0 0
0 0 0 0 0 0 1
0 0 0 0 1 0 0
0 0 1 0 0 0 0
0 0 1 0 0 0 0
0 1 0 0 0 0 0
0 0 1 0 0 0 0
0 0 0 0 1 0 0
0 0 0 0 0 1 0
0 1 0 0 0 0 0
0 0 0 0 0 1 0
0 0 1 0 0 0 0
0 0 0 0 1 0 0
0 0 0 1 0 0 0
0 1 0 0 0 0 0
1 0 0 0 0 0 0
0 0 0 0 0 0 1
0 0 0 0 0 0 1
0 1 0 0 0 0 0
0 0 0 0 0 0 1
1 0 0 0 0 0 0
0 0 0 1 0 0 0
0 0 0 0 0 0 1
0 0 0 0 1 0 0
0 0 1 0 0 0 0
0 0 0 0 0 1 0
0 0 0 0 0 1 0
0 0 0 0 1 0 0
0 0 0 0 0 0 1
0 0 0 0 1 0 0
1 0 0 0 0 0 0
0 0 0 0 0 1 0
0 0 0 0 1 0 0
0 0 0 0 0 1 0
0 0 0 0 0 1 0
1 0 0 0 0 0 0
0 0 0 1 0 0 0
1 0 0 0 0 0 0
0 0 0 0 0 0 1
1 0 0 0 0 0 0
1 0 0 0 0 0 0
0 0 0 0 0 0 1
0 0 0 1 0 0 0
0 0 0 0 0 0 1
0 1 0 0 0 0 0
0 0 1 0 0 0 0
1 0 0 0 0 0 0

Capacidades:
38 43 42 0 21 44 53
59 26 0 0 43 0 0
28 0 51 23 52 37 23
28 47 47 0 0 39 0
41 53 56 46 43 51 0
54 40 22 36 22 44 30
56 30 42 24 31 31 0
33 38 39 29 44 40 31
33 32 46 23 28 49 54
36 25 42 56 45 0 58
