m: 500
n: 10
p: 7

Distancias:
2.72 8.42 9.78 2.71 3.11 5.69 8.92 2.65 4.81 3.74
2.44 8.16 6.53 9.90 2.91 4.77 6.20 2.07 9.59 7.17
3.09 3.60 3.97 7.21 5.44 9.13 9.94 4.93 2.07 9.65
8.25 7.87 6.62 2.49 3.55 6.08 8.90 2.31 2.35 6.39
6.94 2.24 8.79 8.46 6.36 3.99 5.67 8.80 2.95 3.75
2.08 3.17 6.44 2.57 1.63 1.98 6.42 5.63 7.03 8.90
2.18 3.75 6.41 9.16 1.06 9.82 3.13 4.10 2.49 1.31
2.04 9.26 8.63 9.01 7.47 5.59 9.97 1.78 4.27 1.50
6.21 7.15 4.52 8.75 2.32 7.65 6.58 2.05 3.24 4.93
4.68 8.95 3.62 4.41 6.96 8.38 6.66 5.34 2.60 2.89
8.76 2.77 5.09 3.14 3.25 9.71 1.44 9.68 5.98 5.52
2.26 4.60 9.65 7.12 1.13 9.73 7.67 4.14 3.07 2.91
2.24 6.44 9.72 4.00 9.01 2.36 8.70 9.52 6.53 3.14
4.33 9.70 4.00 7.69 9.99 8.07 5.67 9.72 7.90 4.64
3.10 1.05 4.68 8.81 6.78 2.95 4.85 8.29 7.96 7.54
1.74 9.98 2.58 9.04 5.19 7.37 1.08 4.82 1.60 2.26
4.30 7.78 8.40 1.73 6.54 7.98 4.51 5.14 1.22 3.01
2.65 4.56 1.09 1.43 5.98 7.46 7.23 6.83 4.92 4.53
3.37 3.19 5.93 8.25 5.59 1.37 4.74 6.94 9.75 4.88
2.87 1.20 1.17 5.46 1.37 3.23 4.49 3.26 8.48 1.39
8.56 1.03 5.00 7.92 4.82 7.95 5.54 9.34 2.13 3.19
9.16 6.01 9.26 1.04 5.06 8.46 7.90 4.44 1.97 9.48
3.26 4.29 3.09 1.16 5.79 2.49 1.31 8.19 3.19 3.65
7.70 8.12 7.05 8.14 6.79 2.18 1.96 9.79 5.48 7.02
1.52 4.26 5.00 3.88 9.39 3.19 6.01 8.52 9.44 5.05
5.06 4.28 5.54 8.74 1.73 2.02 4.90 5.59 7.39 4.36
4.09 9.13 5.96 2.60 9.02 4.03 6.00 7.88 1.52 2.04
2.48 4.08 1.01 6.56 6.45 2.88 6.74 4.12 7.59 9.67
4.40 2.29 3.01 4.97 7.38 3.70 5.60 6.69 2.06 4.67
3.34 4.94 7.27 7.90 9.13 3.75 4.83 1.95 3.65 4.09
8.46 9.49 6.35 7.19 6.13 9.18 2.79 6.79 1.82 1.91
6.10 4.43 7.68 7.27 8.47 4.53 1.50 5.17 8.68 2.12
7.59 5.63 5.24 9.00 5.40 7.42 8.93 7.03 1.89 3.26
8.26 3.36 3.08 1.82 1.08 3.81 1.50 2.58 2.77 7.26
4.69 1.54 8.04 6.72 8.21 3.22 2.64 3.88 7.59 4.61
1.53 1.04 8.12 8.56 6.55 6.44 3.21 6.73 9.93 1.97
2.62 2.63 3.52 4.45 8.20 9.33 3.42 2.64 4.12 7.33
2.95 4.39 6.04 9.49 6.23 3.14 6.45 9.18 3.31 7.31
2.54 1.42 3.96 5.38 5.07 6.22 3.50 4.06 5.52 5.33
7.14 6.75 9.58 5.89 3.20 9.66 1.93 4.93 4.30 3.07
1.45 8.25 9.83 4.40 7.67 9.08 8.39 1.26 9.55 7.94
7.41 5.85 1.68 1.26 7.61 3.66 1.15 8.04 3.14 5.94
7.25 4.72 1.33 4.05 3.04 1.42 9.48 6.03 5.89 9.57
4.67 1.10 6.29 1.64 7.28 6.39 6.59 9.53 4.95 5.13
8.06 6.82 4.78 5.64 2.93 2.31 9.09 6.25 9.27 9.08
3.35 3.69 9.98 2.83 8.84 9.73 8.44 3.03 2.75 5.96
2.21 1.44 2.32 8.91 7.44 4.56 8.58 3.95 8.52 4.46
5.36 1.11 5.29 2.89 6.47 3.35 4.98 7.04 6.72 2.03
1.17 9.31 8.16 4.59 9.63 7.62 1.06 5.05 9.83 7.44
3.67 7.76 6.37 1.99 8.62 3.31 1.14 2.33 2.45 6.20
4.17 2.45 9.62 2.04 6.15 2.04 8.23 3.14 1.39 7.95
2.27 9.89 6.58 7.37 6.74 3.44 1.39 2.37 1.17 8.02
4.81 3.77 4.44 3.05 9.02 5.19 5.16 8.89 8.76 1.63
6.95 5.88 5.67 9.67 4.19 7.15 7.09 5.95 9.10 2.94
1.37 4.00 7.04 8.90 3.14 9.44 2.08 5.28 7.10 5.02
1.47 5.06 4.92 7.31 5.22 7.88 3.87 9.32 8.37 1.05
4.44 6.14 1.16 8.02 9.60 5.43 4.94 9.93 1.86 4.91
1.57 5.74 1.95 8.01 9.42 3.34 9.70 3.52 3.26 1.93
2.46 2.49 7.55 9.54 5.51 4.20 5.84 7.15 2.69 1.73
6.87 4.77 1.11 1.58 8.19 6.58 1.16 5.26 3.61 3.64
3.68 2.35 9.04 9.19 8.09 7.40 9.45 9.18 6.98 3.66
9.43 1.19 1.17 1.54 5.65 6.31 4.50 5.16 6.16 7.64
8.27 3.65 8.87 1.03 8.95 3.96 5.26 2.42 3.09 9.27
2.73 7.89 1.96 3.24 1.51 8.86 9.46 7.14 2.99 9.18
9.23 6.12 8.47 5.62 9.11 8.64 3.75 1.08 7.03 7.51
6.03 5.13 8.85 6.62 3.24 1.16 8.50 7.85 6.00 6.02
3.73 4.49 2.54 3.64 7.59 6.37 7.81 9.37 1.83 3.22
9.04 6.71 5.22 3.89 3.64 6.32 9.50 5.86 3.41 4.82
8.10 8.09 7.88 5.34 8.99 3.03 3.09 1.57 9.86 9.94
3.72 4.42 3.99 7.02 3.17 3.55 2.26 9.40 7.20 8.34
1.41 3.13 6.04 2.55 5.03 2.99 3.86 7.81 6.15 4.89
3.56 2.43 5.44 9.07 8.53 7.68 4.25 7.54 9.09 3.18
9.39 3.01 7.32 1.48 7.04 5.35 2.00 9.37 1.50 5.76
9.88 1.42 4.50 7.48 4.10 1.18 3.87 4.13 3.17 9.00
7.48 9.70 4.65 8.40 4.14 6.76 2.00 8.55 6.75 8.96
1.73 2.74 4.66 2.33 5.33 8.14 4.46 6.35 4.27 6.61
4.20 7.98 7.03 8.77 4.21 5.52 4.09 2.41 1.50 6.35
4.42 4.80 4.53 6.98 1.37 8.33 7.57 8.13 9.16 3.62
3.33 8.65 4.55 5.06 9.08 4.29 9.81 5.20 8.48 3.39
5.40 3.50 3.50 1.41 8.16 9.16 3.12 7.44 6.57 1.71
6.82 4.19 4.75 4.61 3.56 1.79 9.03 2.70 7.83 4.26
1.47 1.71 7.34 2.98 4.45 8.72 6.29 4.55 7.21 1.19
7.11 5.24 2.04 7.90 8.41 2.65 2.22 5.21 9.11 6.27
3.07 6.54 5.06 3.44 6.47 8.62 6.59 2.19 9.38 2.36
1.47 7.37 3.01 1.91 2.59 6.86 5.48 2.92 4.80 5.94
7.70 3.81 5.78 2.61 8.85 6.70 9.04 1.96 6.06 5.78
1.84 5.81 8.86 7.14 7.05 7.98 2.03 4.06 3.58 4.44
7.98 5.34 6.82 8.62 1.22 7.17 1.72 1.68 3.71 9.93
2.06 4.07 4.85 2.09 1.27 6.04 6.05 5.95 6.06 1.32
8.51 2.09 1.53 3.38 2.60 5.96 9.85 1.63 8.61 8.40
4.58 3.49 4.55 1.36 3.16 8.32 9.43 6.60 2.94 8.60
8.37 5.78 9.96 1.10 1.94 1.31 1.64 7.01 9.72 8.74
9.18 3.53 9.97 4.19 7.35 4.86 9.22 6.12 6.35 1.59
3.57 6.30 3.70 1.52 6.38 6.05 6.08 9.11 9.39 1.72
3.28 9.28 8.99 1.53 8.88 8.65 2.38 9.78 1.73 7.12
4.16 7.50 6.47 5.50 8.26 3.98 8.00 7.08 7.69 7.34
7.32 7.05 5.34 8.75 4.08 8.40 1.23 7.45 1.92 4.19
5.12 2.63 7.03 1.33 2.70 2.86 3.66 7.61 2.35 1.77
5.85 6.56 6.98 5.26 8.62 6.02 6.61 9.33 3.31 3.38
1.99 3.29 8.15 2.34 9.46 2.20 7.29 3.85 6.86 3.29
1.81 9.33 2.41 6.49 3.28 5.13 9.08 2.48 8.05 8.19
7.69 4.18 6.42 7.88 1.08 5.15 6.76 5.58 8.71 4.66
7.62 3.00 1.78 9.40 7.38 1.85 6.35 3.05 7.12 2.79
8.42 7.21 5.81 1.36 7.39 4.11 8.33 9.07 6.92 2.80
4.64 3.85 4.86 9.44 5.86 7.06 9.20 3.74 5.23 5.89
3.77 4.05 6.91 6.36 4.97 2.27 3.11 3.00 7.26 4.13
5.92 8.58 9.24 9.17 5.04 5.67 8.30 2.28 1.57 3.33
7.94 9.04 6.76 2.15 1.13 8.43 4.95 7.85 8.42 3.92
2.09 5.64 8.55 4.82 3.98 3.37 2.01 1.21 4.84 5.55
5.54 2.65 8.51 7.42 1.39 9.57 1.29 5.28 6.24 2.95
5.42 2.79 2.49 3.11 6.18 5.35 6.34 9.63 7.56 1.09
2.61 7.84 2.27 3.93 4.42 1.14 7.25 7.25 5.09 2.00
5.46 5.93 7.57 4.50 8.32 3.51 7.53 4.95 9.77 6.55
7.45 7.39 5.08 4.01 1.36 4.55 2.44 3.83 3.47 1.74
2.85 4.85 8.19 8.60 4.85 6.09 4.14 4.61 3.32 5.18
9.04 3.59 2.69 7.03 2.46 1.93 9.10 1.25 8.92 3.03
6.54 4.61 9.09 6.94 3.86 6.25 2.72 5.45 5.52 2.43
7.79 9.95 8.84 8.33 4.40 9.54 4.69 3.69 4.13 4.66
4.62 3.42 7.66 2.18 5.95 8.61 8.92 3.40 8.96 9.16
6.99 9.94 9.92 5.52 7.29 9.70 1.43 8.11 7.19 2.60
2.32 1.93 5.67 7.11 8.01 1.99 8.24 3.42 4.04 5.42
8.29 7.97 2.07 9.13 1.23 3.16 3.68 8.07 2.54 9.51
8.94 5.10 8.53 4.08 6.32 8.59 8.02 7.18 7.65 6.03
5.35 7.67 6.09 7.46 1.82 3.52 2.57 8.98 6.63 4.93
6.36 5.45 8.69 4.16 3.57 4.06 8.59 1.00 8.19 3.42
7.63 6.53 3.37 9.67 4.79 9.20 8.52 8.13 5.28 6.11
5.76 6.79 7.65 5.07 3.44 6.82 9.40 7.49 9.31 8.55
7.54 2.72 1.64 6.35 8.62 8.49 5.34 1.89 2.97 7.22
7.41 9.78 2.49 8.06 3.94 4.57 2.92 6.86 1.81 2.93
8.32 7.00 6.76 8.54 9.78 3.71 9.12 5.27 7.61 5.79
1.95 1.48 7.65 5.30 1.13 6.55 6.52 6.64 1.38 1.82
7.40 6.08 3.47 5.29 4.22 7.16 6.32 2.33 2.54 7.29
6.86 4.71 3.72 1.41 9.99 3.25 3.72 2.55 1.50 9.24
9.00 6.76 2.15 2.62 7.69 1.68 2.93 9.30 8.64 8.52
2.99 2.22 2.19 5.19 1.12 3.94 5.78 8.61 1.59 5.03
1.17 8.56 1.91 2.52 8.72 7.14 5.50 5.59 3.72 5.14
8.52 2.47 3.16 9.38 7.94 8.45 2.10 7.73 9.61 5.13
2.81 4.10 9.83 2.71 4.99 3.22 5.10 7.68 3.40 6.46
5.36 1.69 1.10 7.93 1.91 2.78 8.47 4.65 2.80 1.36
8.86 6.99 7.62 7.90 4.92 4.35 7.89 1.88 1.71 9.51
2.92 4.02 6.66 3.15 6.04 7.59 5.83 5.55 7.53 9.62
2.34 7.09 8.98 9.45 9.79 3.27 6.45 3.81 8.75 1.75
5.91 1.25 9.94 8.62 8.45 4.36 9.13 8.80 8.66 5.97
3.58 9.03 5.21 7.56 5.99 8.96 6.94 6.73 3.45 7.50
6.63 1.11 7.97 2.12 9.82 9.48 2.97 2.52 4.30 9.81
5.31 9.90 6.93 6.51 9.63 5.36 6.58 3.97 4.30 7.86
8.44 9.53 3.79 5.90 9.61 9.72 8.66 9.24 9.82 5.08
9.14 2.06 1.58 5.86 7.79 9.75 7.35 2.20 8.92 7.54
9.95 3.24 5.56 2.08 9.21 2.68 5.53 4.17 9.06 4.19
4.01 5.86 5.76 7.90 7.36 9.64 8.62 3.21 6.58 6.93
6.63 8.84 4.18 8.62 2.08 5.92 7.12 6.35 2.66 8.64
5.88 5.92 5.27 8.61 8.80 9.31 4.75 9.53 3.37 5.68
4.47 3.43 1.82 6.30 4.24 3.15 8.31 7.24 5.88 3.33
6.11 5.41 7.30 7.23 1.94 5.43 2.81 6.91 2.41 2.45
1.52 9.28 9.44 3.85 3.62 2.09 8.92 1.52 9.25 8.01
2.52 5.48 5.21 8.25 2.40 7.32 7.14 9.66 6.62 4.03
7.71 9.07 3.08 2.68 9.59 9.80 6.29 2.50 9.34 1.29
9.01 2.70 5.07 1.90 1.37 3.52 1.47 2.35 6.18 3.34
4.83 9.81 3.77 4.28 2.85 8.32 1.29 3.51 6.25 6.46
5.59 5.53 4.86 6.64 6.35 8.05 2.10 6.80 8.49 3.49
2.34 1.19 6.91 6.31 1.32 8.53 3.98 7.31 3.16 1.81
4.16 7.00 8.30 9.87 1.71 5.80 7.70 1.82 3.45 6.64
9.78 5.91 3.44 4.96 6.76 6.09 3.68 4.46 9.79 8.17
8.10 8.70 8.46 1.54 3.51 3.62 1.90 1.04 4.17 4.27
8.18 1.30 4.37 9.68 5.19 9.65 3.23 1.30 8.39 3.20
8.04 4.57 4.38 4.78 6.69 2.38 3.64 5.24 4.17 7.52
5.84 8.27 6.58 6.32 9.26 1.57 7.58 9.55 7.03 5.95
5.15 2.75 3.14 6.96 2.13 4.36 3.58 3.13 9.72 7.62
9.73 1.10 3.96 4.27 9.08 5.18 5.97 4.03 2.73 5.90
5.84 7.10 3.97 2.27 1.88 5.53 3.65 7.44 3.77 2.82
2.70 8.35 1.20 8.27 5.64 9.36 2.88 2.27 5.51 1.94
1.14 6.78 8.53 9.87 7.04 6.12 4.93 1.99 3.38 9.60
3.09 4.28 7.10 6.18 9.11 3.21 1.90 6.88 9.52 3.53
6.69 9.22 5.82 4.34 3.36 6.29 1.18 6.95 7.38 2.42
9.93 3.73 6.29 7.92 2.72 5.11 2.39 1.18 2.97 3.58
2.69 4.54 6.01 3.18 4.26 8.85 7.15 8.16 1.16 3.24
2.11 1.24 4.69 3.99 6.13 5.29 9.89 4.75 3.08 5.33
6.76 9.21 7.32 5.55 5.27 6.89 5.61 5.33 7.56 3.13
9.17 2.62 2.34 8.94 8.00 4.21 2.13 5.84 8.49 8.62
9.51 1.06 1.70 8.00 6.03 2.56 7.76 4.98 5.39 1.93
3.62 9.36 5.85 8.53 9.50 4.30 5.55 3.47 2.34 9.10
1.02 9.65 9.76 1.36 2.67 5.80 4.04 7.49 3.78 2.48
8.34 7.49 3.03 2.45 7.17 6.65 9.01 7.27 1.83 8.37
8.18 2.01 6.61 4.98 3.84 3.18 8.51 1.98 9.28 7.96
1.04 8.84 2.80 6.82 2.28 6.84 6.32 5.85 8.05 8.92
7.25 5.64 5.53 2.18 2.24 8.91 1.98 1.55 5.00 7.16
9.57 8.28 9.42 4.19 5.54 2.46 7.51 4.29 6.32 2.60
9.35 6.55 6.09 9.50 7.48 8.69 2.50 3.32 8.20 6.88
4.90 5.11 8.78 7.38 5.65 8.75 3.44 3.96 4.46 6.22
4.82 7.26 1.79 9.42 6.34 6.85 5.66 6.43 8.32 4.72
2.98 3.15 4.09 3.10 7.75 2.28 6.80 4.85 3.92 6.87
3.16 5.65 4.31 6.58 4.35 3.65 2.06 7.24 3.07 6.08
2.60 7.81 7.07 4.95 2.67 5.09 5.06 7.87 6.93 7.30
3.87 7.35 1.01 1.41 4.63 1.06 8.89 7.07 5.51 4.15
7.40 7.26 6.35 6.35 3.63 7.30 6.18 7.49 9.20 8.04
4.11 1.97 2.45 1.51 2.38 2.37 2.12 8.94 4.23 8.90
3.96 3.32 4.90 9.70 4.82 3.28 6.95 8.80 6.31 3.84
7.48 3.98 5.06 1.10 6.01 9.59 7.45 6.82 8.58 1.13
3.53 8.94 5.07 1.83 5.89 8.56 5.01 1.05 1.70 2.44
2.10 8.61 9.59 4.66 6.70 2.91 7.04 3.85 9.45 4.09
7.80 8.60 3.47 7.69 4.15 9.87 6.75 2.73 1.28 5.50
7.40 1.34 3.71 8.53 1.01 3.38 6.39 2.33 9.34 3.72
8.80 1.69 1.72 7.09 1.83 3.70 9.32 3.15 8.31 4.11
6.38 6.91 4.61 1.15 7.47 4.95 3.25 7.16 9.70 2.05
8.79 5.41 4.54 9.41 8.44 2.63 8.61 9.91 9.08 1.94
8.82 7.84 1.67 6.56 8.43 4.33 8.68 4.43 1.19 3.35
4.77 4.51 6.65 3.55 6.83 9.65 8.97 6.58 9.42 8.05
4.20 6.18 2.84 3.05 5.16 9.30 8.04 4.48 5.05 3.75
9.03 1.03 4.16 8.51 9.15 1.07 8.84 4.26 2.57 1.99
6.96 3.90 2.50 4.36 2.61 9.71 9.21 9.30 8.66 2.30
7.23 7.86 4.32 8.95 9.92 6.47 1.46 2.53 2.97 2.90
9.77 3.14 9.65 9.02 2.97 4.61 9.91 6.58 7.07 8.04
2.43 2.81 2.05 6.19 1.07 8.68 2.39 9.51 2.33 6.84
6.19 7.26 5.40 2.11 2.74 9.89 3.87 3.66 9.05 7.56
9.25 2.04 3.55 6.29 7.28 4.88 5.31 5.96 6.14 2.45
1.66 3.97 1.21 3.92 6.45 1.34 4.45 8.11 2.82 2.84
2.64 2.20 4.55 4.83 7.96 6.90 3.01 2.15 4.69 9.84
2.29 7.88 4.89 6.55 2.99 8.08 5.25 4.78 4.86 7.67
7.85 7.92 1.86 7.39 7.30 7.08 7.56 1.99 3.52 8.20
4.78 2.05 6.58 1.99 4.93 6.93 4.68 5.78 4.04 2.64
7.03 1.24 3.07 7.75 2.16 6.36 6.42 4.64 5.95 3.70
7.60 1.32 9.20 1.80 4.05 8.78 9.48 9.92 5.36 9.79
2.26 7.37 8.96 8.80 9.86 9.14 5.16 6.21 1.82 4.34
8.88 6.67 3.30 2.59 5.73 2.30 6.95 2.03 6.23 8.38
3.26 9.57 9.78 1.99 2.07 3.93 1.78 1.06 1.91 4.60
1.83 5.67 3.26 2.31 3.33 4.38 5.85 6.41 8.57 8.04
7.11 9.21 2.70 9.38 2.38 2.67 6.97 7.37 8.13 7.69
4.78 2.07 7.89 7.10 7.69 8.18 9.11 4.77 6.87 2.77
7.55 5.62 4.38 1.75 3.68 9.06 3.68 3.99 9.08 8.29
3.24 7.71 8.86 5.03 7.38 8.24 3.30 1.19 8.41 9.64
8.66 3.10 9.16 7.61 8.66 8.10 8.06 3.62 2.88 2.00
7.32 4.88 3.50 9.51 7.87 5.02 1.19 9.25 2.86 3.87
2.74 2.31 7.17 1.32 3.82 3.97 6.55 6.40 3.38 6.55
4.66 5.32 2.40 8.09 1.89 8.75 7.24 4.43 1.74 1.72
4.66 8.77 4.34 3.42 5.46 1.03 7.97 7.49 3.63 2.75
7.77 4.05 9.05 9.44 8.25 2.84 9.13 1.49 9.51 5.55
3.83 1.11 3.44 7.09 4.82 1.42 6.39 3.13 3.85 7.18
5.30 6.49 4.73 1.75 8.30 8.98 4.14 4.13 2.33 8.97
6.74 2.62 7.04 9.27 6.15 2.43 4.22 1.76 1.28 5.58
2.09 6.42 7.22 7.12 5.93 9.01 6.60 4.92 4.89 1.21
2.07 3.93 1.09 2.29 5.00 9.09 8.47 1.07 4.99 7.21
4.74 8.93 5.88 6.25 3.62 5.58 2.57 1.93 3.63 3.53
5.53 9.00 8.00 7.80 7.35 2.02 2.29 5.04 4.84 3.25
1.60 8.15 6.11 7.09 5.25 6.86 9.88 8.25 1.71 4.95
9.13 6.77 8.03 4.88 1.44 9.40 6.88 6.31 4.24 2.52
8.56 8.50 1.27 6.58 1.67 3.40 8.56 7.48 2.07 7.08
5.30 9.53 5.56 6.45 5.81 4.33 3.58 1.51 2.06 4.33
6.49 6.98 6.57 4.88 6.86 9.60 5.31 1.24 8.59 9.66
6.33 6.71 9.42 5.94 1.21 2.00 6.30 3.63 4.83 8.56
2.74 5.28 9.57 3.71 5.63 6.08 3.73 9.74 9.55 6.18
4.35 4.47 2.95 9.28 5.62 1.50 2.84 2.84 4.96 5.85
4.76 1.89 7.30 5.09 1.31 6.53 4.06 4.36 6.21 3.79
8.45 4.12 2.63 3.00 3.33 9.67 8.01 9.25 8.23 3.10
9.98 5.83 8.50 1.99 3.16 3.96 7.19 1.99 1.60 1.04
3.40 4.89 3.43 2.79 2.11 5.49 9.96 8.59 2.90 8.61
1.54 6.26 4.05 3.38 4.82 6.55 9.66 8.67 8.53 1.85
1.69 2.32 2.22 6.85 8.47 7.33 4.70 6.01 5.41 9.30
7.47 8.89 1.98 7.76 3.93 2.37 5.39 1.51 8.11 4.07
5.95 4.57 5.56 5.43 1.54 8.64 4.47 8.00 4.41 4.41
8.56 5.09 4.48 4.86 5.68 2.16 5.23 3.34 5.44 9.77
7.23 1.12 3.13 2.45 5.17 8.59 4.55 7.02 4.99 5.59
1.72 7.07 5.05 1.43 9.60 9.88 5.87 2.40 8.44 7.06
5.90 1.03 7.32 3.79 3.74 9.81 1.77 6.94 4.11 6.59
2.24 5.06 6.23 2.84 8.17 8.86 1.98 8.47 3.48 7.51
4.61 6.41 1.66 9.44 4.12 6.03 8.68 4.97 6.26 1.00
1.12 8.62 9.73 3.08 7.14 4.88 7.32 5.66 8.17 5.19
2.04 3.00 8.90 7.94 9.36 1.05 9.07 7.39 2.10 7.19
7.71 9.44 4.90 5.82 6.27 1.46 2.70 1.96 6.80 9.21
9.47 9.97 6.51 1.91 8.12 9.08 6.72 2.13 7.23 7.34
7.14 7.80 3.58 6.57 5.67 1.89 6.10 6.36 5.64 9.90
4.87 5.43 3.73 9.20 3.65 5.35 2.37 5.97 5.40 6.62
1.25 8.16 7.86 9.06 8.94 6.93 2.33 4.50 6.85 4.21
7.44 7.47 1.29 4.64 4.11 8.72 7.16 1.36 3.83 2.68
3.62 3.48 7.00 6.56 9.29 9.16 2.82 4.02 5.20 3.07
9.13 9.46 7.05 1.64 9.25 5.85 7.39 7.19 5.39 6.41
4.29 2.07 7.56 1.21 1.84 9.62 2.12 5.43 8.64 1.33
5.24 7.44 3.98 2.61 1.59 4.16 3.29 3.28 1.68 4.54
5.49 2.37 8.74 4.58 3.36 3.02 8.58 1.02 4.59 4.54
5.13 5.58 8.67 8.46 7.26 2.16 8.87 6.92 4.28 6.99
9.62 9.76 4.76 1.46 3.69 4.60 7.09 8.48 3.36 2.81
6.55 4.06 6.74 6.51 5.52 1.96 4.44 7.31 2.01 5.40
3.32 5.40 3.52 5.47 8.68 6.59 1.21 2.48 3.95 9.54
5.19 5.95 4.30 8.64 9.87 8.78 1.20 2.93 1.21 4.83
4.29 2.55 9.16 9.91 9.89 6.28 3.91 1.41 3.55 9.05
9.98 3.26 2.61 9.37 3.68 6.91 4.57 6.09 4.19 2.54
6.33 7.81 7.46 4.51 6.38 1.65 4.16 1.16 1.55 3.40
5.84 4.07 5.25 5.13 5.24 4.99 7.71 3.76 4.94 4.39
3.90 8.73 6.76 5.04 5.75 9.98 7.09 7.21 4.09 4.12
7.28 8.04 2.20 8.43 6.38 5.91 3.34 8.13 5.58 9.58
9.19 8.39 1.05 9.48 2.64 4.37 5.44 5.32 9.77 1.73
8.78 3.39 5.48 8.15 4.24 1.05 5.58 7.48 3.22 1.84
5.99 8.48 8.83 3.67 5.18 6.59 7.54 2.42 2.76 6.07
4.01 2.67 8.63 9.38 6.28 1.42 4.20 2.47 9.84 3.17
8.29 1.33 1.97 5.89 8.19 4.92 9.21 1.02 1.72 9.83
8.26 2.51 3.92 9.49 9.82 2.96 6.32 4.61 4.77 8.87
4.86 1.75 3.24 9.34 6.94 3.44 1.97 8.99 8.94 8.89
4.23 9.24 1.33 1.17 1.63 4.58 3.77 6.94 6.19 4.81
3.14 3.51 8.84 2.14 8.29 10.00 1.90 3.16 7.60 4.50
1.78 6.17 6.16 9.26 7.22 9.15 8.96 5.56 4.91 7.54
4.53 7.72 8.47 1.25 2.24 1.87 3.24 9.41 9.19 7.55
4.65 6.59 4.94 1.03 1.66 9.22 6.34 2.71 1.67 8.25
7.02 9.98 1.75 3.88 3.76 1.39 8.53 6.50 7.33 8.82
2.72 2.24 3.39 5.27 6.47 7.87 7.50 2.46 4.92 7.03
2.40 6.49 6.92 1.27 4.33 5.14 4.19 5.26 1.51 9.09
2.76 2.74 4.20 5.83 6.40 3.37 1.57 6.69 1.09 7.32
7.60 9.16 5.43 2.02 5.42 9.47 9.37 4.29 8.29 9.43
8.88 9.34 9.91 3.43 1.68 6.10 3.35 5.67 4.00 4.39
9.23 4.71 1.29 1.15 1.19 7.52 7.84 4.96 5.70 7.78
8.81 9.20 3.90 9.85 8.57 2.43 7.99 4.22 5.64 9.47
4.79 8.29 7.15 4.33 1.52 9.28 9.62 3.51 1.04 3.84
3.23 2.29 5.18 9.00 9.71 5.57 8.57 4.04 7.45 9.75
8.21 4.11 1.16 2.06 5.68 3.56 6.77 6.81 3.02 9.87
3.63 2.81 4.06 4.65 7.37 8.43 6.58 2.93 6.53 3.59
5.46 8.53 1.47 8.24 8.23 6.19 7.47 1.32 1.02 7.77
3.22 4.78 4.72 5.05 9.54 7.86 8.85 6.13 3.07 6.64
9.30 3.74 4.11 6.85 5.88 3.54 5.70 5.00 3.64 4.99
7.63 4.64 8.51 5.16 8.46 6.64 8.34 3.43 9.79 1.15
5.59 8.62 2.43 4.10 7.64 7.87 7.82 5.85 3.18 2.87
1.50 8.40 6.07 5.82 8.31 5.58 7.64 7.74 7.83 3.22
1.14 3.24 7.98 5.57 8.13 9.62 3.22 9.31 1.52 3.25
9.04 1.32 2.09 5.84 2.35 5.27 4.98 7.39 3.61 2.65
3.51 6.46 1.98 1.48 6.23 8.68 2.59 2.09 5.74 2.54
5.48 8.80 6.86 5.90 9.50 3.91 6.64 2.04 5.57 5.37
3.56 9.86 5.67 1.49 8.20 9.29 1.14 5.46 2.06 5.72
4.95 7.55 8.58 1.79 7.01 4.23 9.69 4.62 8.64 6.47
7.79 6.01 8.35 5.00 5.95 6.34 5.30 5.93 3.76 3.78
8.09 2.24 5.18 9.28 2.91 7.35 1.65 7.48 3.87 1.67
4.46 9.71 3.20 6.76 2.28 4.20 4.70 5.96 9.74 4.07
5.78 2.14 5.43 6.77 5.83 4.60 5.71 4.05 5.69 5.70
6.67 1.69 1.38 6.58 2.55 8.20 2.62 1.82 3.76 9.87
9.90 1.36 6.75 5.39 1.65 7.29 8.87 7.03 7.16 9.67
5.84 4.01 8.81 8.04 5.15 1.89 5.22 4.55 2.72 2.89
6.81 7.92 7.45 6.84 4.14 8.45 3.66 9.23 2.63 9.84
5.81 8.80 2.35 6.36 5.60 3.77 9.30 8.77 8.10 6.05
6.34 8.14 8.76 4.51 7.20 6.25 6.83 6.62 3.59 4.46
2.88 5.82 9.61 8.80 8.62 5.09 9.11 4.43 9.74 4.57
6.06 6.35 9.34 9.78 2.58 2.19 2.38 7.42 5.28 2.39
5.15 7.30 8.69 8.04 7.48 9.52 3.27 5.00 3.52 3.03
7.39 9.94 7.57 2.09 4.47 8.36 9.45 9.33 8.07 7.26
1.10 1.45 5.57 5.23 7.24 2.03 1.11 5.13 9.15 1.81
6.63 8.64 8.62 5.94 8.82 8.29 5.82 7.26 9.39 7.08
8.70 1.94 6.72 9.81 7.48 3.03 2.80 2.94 2.54 5.73
8.15 8.29 5.72 8.31 3.18 4.25 1.92 3.59 6.73 5.63
1.53 9.90 1.73 4.21 3.04 7.33 1.50 1.59 4.73 9.41
2.43 6.46 5.37 6.88 3.48 9.44 9.27 2.84 5.75 3.35
1.18 6.08 3.21 1.26 3.95 3.35 6.86 1.15 4.86 6.24
7.65 3.89 2.68 1.77 1.36 4.69 9.10 6.17 5.04 8.10
9.54 9.91 9.45 8.19 4.73 3.87 9.32 6.15 1.71 2.84
6.55 6.25 5.53 3.60 1.08 6.98 5.20 4.41 6.03 7.60
3.61 1.61 6.26 5.79 6.58 8.59 5.69 2.84 1.65 2.92
1.69 3.65 8.45 2.27 9.05 8.61 2.51 2.39 3.28 5.23
8.67 4.95 3.28 5.74 5.87 4.01 7.35 4.66 6.86 3.55
8.33 4.04 8.03 9.06 7.27 8.01 7.19 4.32 8.05 4.28
4.43 2.69 4.81 3.16 5.00 6.53 1.91 1.35 5.53 5.54
3.49 6.43 4.42 5.26 2.80 7.00 2.44 8.48 8.76 4.80
9.08 4.60 2.92 4.66 4.77 3.60 1.04 9.03 6.70 1.90
6.53 4.06 7.70 8.15 1.51 5.67 8.42 5.51 1.66 9.19
9.37 3.99 9.50 8.33 2.71 6.51 6.77 5.00 5.94 8.12
1.36 9.18 5.49 1.24 7.60 8.97 8.59 4.65 8.79 9.80
6.23 5.23 8.99 4.97 7.39 6.05 5.58 3.70 6.05 4.69
5.57 6.99 7.61 8.57 7.27 8.15 6.58 7.66 1.91 3.51
4.88 4.80 5.22 5.51 7.46 1.42 3.75 7.57 1.12 8.20
9.96 3.29 9.60 4.75 5.98 4.44 7.54 2.28 1.21 6.49
5.54 7.92 6.06 2.54 4.50 2.67 6.69 7.48 4.04 2.76
9.75 2.62 6.36 8.67 3.61 8.70 5.60 2.86 7.83 9.33
2.91 6.05 1.47 9.26 3.43 4.71 7.66 1.43 2.97 3.82
8.69 3.13 6.40 5.29 1.73 3.57 3.23 7.55 1.13 8.52
3.16 4.46 8.27 9.86 9.69 2.20 1.17 6.69 6.33 8.09
4.29 4.97 9.72 3.40 1.47 8.26 9.50 1.11 6.37 8.65
2.07 1.39 4.46 5.31 6.45 1.68 1.49 8.07 8.25 6.99
1.27 6.15 2.24 6.80 9.96 7.06 9.28 9.78 8.64 8.39
1.40 5.06 8.25 4.33 6.51 7.76 1.59 5.53 6.92 8.05
8.97 4.06 1.80 3.69 7.56 6.69 5.01 2.48 2.37 3.67
6.17 6.88 1.91 8.23 9.29 9.90 1.08 5.77 5.89 9.07
7.68 2.12 6.08 7.63 5.37 1.41 6.03 2.16 1.41 4.75
1.92 6.59 6.06 6.31 5.44 4.53 1.07 1.45 5.59 5.78
7.66 1.46 9.07 9.86 8.64 5.13 6.08 4.73 8.73 5.97
4.33 1.37 5.14 8.12 7.52 9.83 10.00 5.70 7.54 9.78
9.51 5.11 7.33 1.22 7.06 9.11 7.59 9.77 2.70 2.18
7.11 8.04 9.84 9.91 8.98 8.50 8.57 5.06 3.22 4.86
2.32 9.42 3.67 7.49 5.83 6.58 9.33 6.67 7.09 6.62
7.97 8.67 3.01 6.81 3.46 3.91 5.48 2.06 1.39 3.69
9.22 3.29 3.00 9.15 7.80 1.37 7.68 8.01 5.51 6.86
8.08 9.96 3.83 9.73 9.47 5.56 6.00 2.61 9.19 1.37
3.71 9.09 6.04 2.30 7.29 2.06 2.54 7.62 6.78 3.23
9.41 4.71 3.90 6.23 6.51 2.42 3.65 6.43 9.82 6.81
9.70 8.48 1.98 4.12 5.72 4.28 5.59 7.98 6.54 7.29
6.75 5.67 9.82 7.82 1.27 4.57 2.76 4.04 4.00 5.66
8.31 9.19 7.76 6.25 1.64 6.15 4.57 8.60 6.51 4.91
3.76 5.56 5.72 5.34 7.17 1.31 1.77 2.76 6.43 6.73
5.59 7.27 4.94 2.84 5.13 2.15 3.17 3.32 2.59 3.18
9.62 5.09 5.63 6.24 2.41 8.98 8.43 6.27 8.55 4.54
3.19 6.14 9.12 7.13 4.33 7.71 7.68 9.03 1.83 6.00
7.37 6.93 5.78 7.57 3.56 7.52 2.70 8.52 5.69 3.76
2.77 1.16 7.32 6.54 4.20 6.53 9.86 5.10 7.24 5.80
1.13 2.02 1.77 5.28 1.78 3.96 1.33 5.54 7.76 5.45
1.24 6.84 5.50 2.12 5.75 3.94 6.85 3.49 1.71 5.11
3.07 7.50 9.94 3.20 8.33 8.23 7.00 5.40 7.38 3.06
6.69 7.94 8.37 9.87 8.12 5.58 3.12 8.73 1.98 2.57
1.06 1.07 9.66 3.23 5.65 6.60 5.02 7.14 1.23 5.70
5.77 9.26 7.23 3.91 8.64 7.73 7.56 9.63 3.01 6.13
8.84 7.73 9.75 7.23 6.06 4.72 2.36 1.69 4.59 8.56
3.15 8.32 5.53 9.01 8.67 2.08 4.40 2.62 5.10 9.79
6.33 5.49 5.31 7.27 4.06 1.69 8.15 4.92 6.80 7.51
7.35 4.78 4.81 4.80 4.86 9.04 6.57 3.67 7.31 3.24
9.23 8.37 3.22 9.13 5.61 5.90 2.55 1.86 3.59 2.08
3.91 3.00 6.10 7.38 9.90 7.90 2.33 8.75 2.86 2.32
8.83 6.44 6.68 3.08 7.51 1.74 1.51 1.20 5.94 2.91
4.99 2.75 5.56 2.08 1.88 8.40 8.57 2.05 3.82 7.89
7.85 3.18 3.12 8.47 2.58 1.80 9.89 8.24 1.18 5.07
1.77 8.13 8.62 7.42 6.21 9.94 9.23 1.29 1.50 5.61
2.56 8.00 4.07 8.92 2.08 4.15 7.41 8.11 3.32 4.68
7.45 2.46 9.26 8.70 4.03 6.22 1.34 5.57 5.75 7.23
8.45 3.10 2.57 4.80 3.72 1.26 5.36 8.41 9.89 2.04
9.68 5.37 5.99 9.92 4.20 4.71 8.60 5.41 2.11 7.38
4.30 1.31 1.42 5.44 9.75 2.60 7.32 7.23 2.42 6.34
4.86 8.81 2.70 9.64 5.35 4.99 7.47 6.07 3.53 2.80
7.44 5.20 4.93 7.05 8.64 4.62 2.89 3.05 3.29 1.66
6.22 8.11 3.27 8.54 3.79 9.82 8.62 2.67 2.50 1.94
2.30 1.74 4.74 5.44 7.89 2.92 4.15 8.48 4.44 2.33
6.71 4.18 2.97 7.03 7.52 6.24 8.99 6.27 8.92 1.25
2.57 7.48 6.85 6.00 3.57 6.27 9.97 7.25 9.62 5.29
8.85 4.25 5.66 9.77 7.56 5.34 1.40 8.78 3.41 9.08
3.49 9.80 5.20 1.14 4.33 8.56 7.78 7.97 2.69 1.56
6.18 7.85 2.20 7.20 7.77 1.52 5.52 1.11 8.59 3.98
5.61 8.14 8.46 1.70 9.85 5.09 6.13 2.26 5.28 4.40
8.12 7.91 1.54 3.36 3.98 9.06 2.81 8.19 2.63 1.97
3.34 6.14 5.95 8.20 5.73 5.39 9.57 8.37 1.74 2.78
4.34 1.84 3.32 6.86 2.78 7.75 8.28 8.32 6.77 1.24
4.50 8.72 4.65 5.30 4.30 3.28 3.11 9.92 3.94 1.02
3.70 4.48 1.79 4.21 3.63 5.72 8.98 4.73 9.96 4.60
4.14 5.54 9.87 1.74 7.56 1.43 6.14 7.07 9.74 4.04
9.46 5.49 5.15 3.76 8.65 5.15 2.14 4.32 8.12 8.70
6.68 6.08 7.35 5.11 5.75 4.33 9.22 8.45 4.96 1.17
8.96 3.64 8.69 2.35 9.16 1.22 9.23 2.25 9.75 3.03
1.26 3.89 5.86 3.70 7.14 4.42 3.12 1.91 6.34 3.46
3.19 7.66 9.15 4.05 6.37 7.25 2.73 6.77 1.45 8.09
9.16 7.73 2.76 9.11 2.03 3.00 2.96 3.01 4.23 7.60
3.41 1.60 6.94 1.69 8.92 6.39 5.91 8.02 2.39 5.28
7.22 2.48 7.55 1.84 5.38 9.61 6.18 6.35 1.67 2.95
5.33 3.82 9.84 8.37 3.20 7.55 2.27 9.91 4.39 1.81
6.62 4.46 5.84 3.87 3.95 9.14 9.16 9.47 6.80 6.43
1.67 6.89 9.86 7.92 6.23 5.69 4.56 1.77 8.22 8.37
6.97 9.98 6.52 8.34 8.37 4.46 8.08 5.86 8.63 5.81
5.39 5.07 9.68 8.36 1.26 1.16 3.01 1.05 8.78 9.03
6.04 2.16 8.19 2.64 4.49 4.89 8.41 7.25 8.51 9.93
1.50 9.51 1.99 8.16 9.76 4.72 4.53 3.09 7.00 9.85
6.28 9.15 8.46 8.33 8.32 8.54 9.67 8.11 3.85 3.99
1.84 7.71 5.06 6.13 8.95 1.92 8.20 3.13 1.18 4.94
7.84 8.97 2.31 1.18 2.92 8.51 6.42 6.22 10.00 5.34
7.72 7.55 7.29 8.43 7.54 6.09 7.84 8.71 3.21 9.43
5.51 6.00 9.01 9.04 7.85 7.00 2.42 5.08 9.79 5.65
2.01 6.39 1.98 6.55 1.48 8.92 2.68 3.59 3.95 7.51
5.25 9.43 1.61 4.02 7.96 4.74 1.47 5.19 1.71 1.22
9.79 2.26 8.26 2.30 3.38 1.03 1.79 9.80 2.58 2.68
9.68 2.44 5.97 9.78 2.90 5.99 9.56 6.39 8.24 2.54
2.48 3.03 3.47 5.22 7.33 9.33 1.11 4.20 9.78 5.15
4.41 6.54 3.41 2.50 4.10 4.94 1.41 9.14 7.35 2.02
7.58 4.84 8.80 8.43 1.48 6.24 7.82 6.77 2.54 2.04
3.62 3.77 8.94 1.25 1.99 2.63 2.42 5.52 4.29 8.58
8.31 7.55 9.49 2.66 4.29 5.28 6.22 8.04 2.75 2.19
7.42 6.50 5.28 5.44 7.85 4.42 2.07 9.73 9.45 4.94
8.88 4.94 6.57 3.53 1.19 6.00 7.17 8.73 4.54 8.43
3.30 3.22 1.11 3.40 7.39 2.82 1.68 1.35 2.79 4.77
7.02 9.34 2.36 4.79 7.45 3.70 5.15 1.52 7.82 8.46
9.40 6.49 2.53 7.22 5.05 3.35 6.33 4.39 3.97 7.46
3.77 3.13 3.92 7.19 3.30 7.46 7.56 3.13 9.49 9.92
1.78 2.46 1.91 1.86 6.28 9.60 2.14 2.85 5.59 7.35
1.27 6.38 8.67 8.25 3.98 5.11 9.68 3.22 6.35 9.55
2.46 8.57 1.73 2.10 5.21 3.83 3.15 7.21 7.83 2.19
7.85 8.41 9.86 5.42 9.92 1.62 4.21 1.61 1.29 3.71
5.66 4.51 1.90 2.83 8.31 9.65 9.16 3.66 6.37 2.88
3.47 7.75 4.35 5.86 1.38 7.92 8.29 2.66 8.90 7.03
2.52 3.04 9.68 8.90 2.54 7.97 1.44 4.22 8.95 4.31
1.20 9.26 9.85 2.38 2.03 1.37 5.14 6.92 2.57 4.28
7.19 7.15 9.82 9.33 9.08 1.66 7.49 2.57 4.76 6.47
3.79 5.86 5.78 7.53 6.87 8.39 6.56 7.98 8.31 7.78
9.63 1.01 2.68 5.91 2.80 4.12 8.69 1.04 5.55 5.24
6.86 9.54 1.96 8.67 2.43 9.92 4.53 1.65 1.33 3.40
8.84 7.65 6.40 8.55 3.76 7.17 5.23 9.35 8.35 1.05
3.64 1.53 5.13 6.47 3.34 8.99 4.13 5.03 6.71 9.53
7.93 7.34 3.37 6.50 1.80 2.18 4.84 2.80 6.13 2.98
4.54 1.16 2.78 5.21 8.77 8.24 9.40 9.85 3.95 2.35
5.94 4.87 7.86 8.07 7.10 1.33 9.01 1.15 7.01 2.36
5.14 1.73 7.43 6.25 5.89 9.70 4.09 1.03 7.23 9.79
9.92 1.45 4.94 3.73 4.09 6.54 7.83 9.16 4.86 1.92
8.61 7.29 4.65 9.77 2.84 3.03 9.75 2.84 8.10 6.11
1.91 7.22 9.17 4.81 1.69 5.27 3.06 6.62 5.55 4.65
6.66 6.83 7.24 3.36 4.81 9.68 8.44 6.46 7.09 3.78
3.52 7.34 2.87 2.46 9.13 1.48 7.75 3.16 9.43 4.74
6.08 3.79 5.58 9.53 8.90 9.81 8.50 6.00 7.43 4.98
4.63 7.65 4.83 4.53 4.97 5.29 7.63 8.34 2.34 8.57
1.21 9.30 5.74 4.73 4.85 9.02 1.42 1.90 7.84 8.74
1.65 4.53 3.39 6.71 4.52 6.65 3.42 6.06 2.04 2.81
5.17 4.66 5.83 7.94 5.79 7.92 7.81 8.31 6.18 3.13
4.06 5.35 7.77 8.85 2.37 9.37 1.70 9.27 1.81 2.09
9.74 5.68 7.21 6.18 6.50 9.74 2.51 9.89 2.39 3.80
2.88 7.13 5.40 7.41 7.83 3.05 2.98 4.51 1.01 5.15
4.99 2.15 8.15 2.88 9.13 3.85 3.37 6.29 4.43 9.61
1.52 8.56 6.75 3.79 9.88 5.18 8.31 6.97 8.49 7.98

Demandas:
0 0 0 0 0 0 1
0 0 0 0 0 1 0
0 0 0 0 0 0 1
0 0 0 0 0 0 1
0 0 0 0 0 1 0
0 0 0 0 0 0 1
0 0 0 1 0 0 0
1 0 0 0 0 0 0
0 0 1 0 0 0 0
0 0 0 0 1 0 0
0 1 0 0 0 0 0
0 0 0 0 1 0 0
1 0 0 0 0 0 0
0 1 0 0 0 0 0
0 0 1 0 0 0 0
0 1 0 0 0 0 0
0 0 0 0 0 1 0
1 0 0 0 0 0 0
0 0 0 0 0 0 1
0 0 0 0 1 0 0
0 0 0 1 0 0 0
0 0 0 1 0 0 0
0 0 0 0 0 0 1
0 0 1 0 0 0 0
0 0 0 1 0 0 0
0 0 0 1 0 0 0
1 0 0 0 0 0 0
0 0 0 0 0 1 0
0 0 0 0 0 0 1
0 0 0 1 0 0 0
0 0 0 0 0 1 0
0 0 0 1 0 0 0
1 0 0 0 0 0 0
1 0 0 0 0 0 0
0 0 0 0 1 0 0
0 0 0 0 0 1 0
0 0 0 0 0 0 1
0 0 0 1 0 0 0
0 1 0 0 0 0 0
0 1 0 0 0 0 0
1 0 0 0 0 0 0
0 0 0 0 0 0 1
0 0 1 0 0 0 0
0 0 0 0 0 1 0
0 0 1 0 0 0 0
0 0 0 0 0 1 0
0 0 0 0 1 0 0
0 0 0 0 0 0 1
0 0 0 0 0 0 1
0 0 0 1 0 0 0
0 1 0 0 0 0 0
1 0 0 0 0 0 0
0 0 0 0 1 0 0
0 0 1 0 0 0 0
0 0 1 0 0 0 0
0 0 0 1 0 0 0
0 0 0 0 0 0 1
0 0 0 0 0 1 0
0 0 0 0 0 1 0
0 0 0 0 1 0 0
0 1 0 0 0 0 0
0 1 0 0 0 0 0
0 1 0 0 0 0 0
0 0 0 0 1 0 0
0 1 0 0 0 0 0
0 0 1 0 0 0 0
0 0 0 1 0 0 0
0 1 0 0 0 0 0
1 0 0 0 0 0 0
0 0 0 0 0 0 1
0 0 0 0 0 1 0
0 0 0 1 0 0 0
1 0 0 0 0 0 0
0 0 1 0 0 0 0
0 0 0 1 0 0 0
0 0 0 0 1 0 0
0 0 0 0 0 1 0
0 0 0 0 0 1 0
0 0 0 0 0 0 1
0 0 0 0 0 1 0
0 0 0 0 0 0 1
0 0 0 1 0 0 0
0 1 0 0 0 0 0
0 0 1 0 0 0 0
0 1 0 0 0 0 0
0 1 0 0 0 0 0
0 0 0 0 0 1 0
0 0 1 0 0 0 0
0 0 0 0 0 0 1
0 1 0 0 0 0 0
1 0 0 0 0 0 0
0 0 0 0 0 0 1
0 0 0 0 1 0 0
0 0 0 0 1 0 0
0 0 1 0 0 0 0
0 0 0 0 1 0 0
0 0 0 0 0 0 1
0 0 0 0 1 0 0
0 0 0 0 1 0 0
0 0 0 1 0 0 0
0 0 1 0 0 0 0
0 0 0 1 0 0 0
0 0 1 0 0 0 0
0 0 0 0 0 0 1
0 0 0 0 0 0 1
0 0 1 0 0 0 0
0 0 1 0 0 0 0
0 0 0 0 0 1 0
0 0 1 0 0 0 0
0 0 1 0 0 0 0
0 0 0 0 0 1 0
0 0 0 0 0 0 1
0 0 1 0 0 0 0
0 1 0 0 0 0 0
0 0 1 0 0 0 0
0 0 0 0 0 0 1
1 0 0 0 0 0 0
0 0 0 0 0 0 1
0 0 0 0 0 1 0
1 0 0 0 0 0 0
0 0 1 0 0 0 0
0 1 0 0 0 0 0
1 0 0 0 0 0 0
0 0 0 0 0 0 1
1 0 0 0 0 0 0
0 0 0 0 0 0 1
0 0 0 1 0 0 0
0 0 0 0 0 1 0
0 0 0 0 1 0 0
0 0 0 0 1 0 0
0 0 0 1 0 0 0
0 0 0 0 0 0 1
1 0 0 0 0 0 0
0 0 1 0 0 0 0
0 0 0 0 0 0 1
0 0 0 0 0 1 0
1 0 0 0 0 0 0
1 0 0 0 0 0 0
0 0 0 0 0 0 1
0 0 0 0 0 1 0
0 1 0 0 0 0 0
1 0 0 0 0 0 0
0 0 0 1 0 0 0
1 0 0 0 0 0 0
0 0 0 0 1 0 0
0 0 1 0 0 0 0
0 0 0 0 0 0 1
0 1 0 0 0 0 0
0 0 1 0 0 0 0
0 0 1 0 0 0 0
0 0 0 0 0 1 0
0 0 0 0 1 0 0
1 0 0 0 0 0 0
0 0 0 0 0 1 0
0 1 0 0 0 0 0
0 0 0 0 0 1 0
1 0 0 0 0 0 0
0 0 0 0 0 1 0
0 0 0 0 1 0 0
0 0 0 1 0 0 0
0 1 0 0 0 0 0
1 0 0 0 0 0 0
0 0 0 0 1 0 0
0 0 0 0 0 0 1
0 0 1 0 0 0 0
1 0 0 0 0 0 0
0 0 0 1 0 0 0
0 0 0 0 1 0 0
0 0 0 1 0 0 0
0 1 0 0 0 0 0
0 1 0 0 0 0 0
0 0 0 1 0 0 0
0 1 0 0 0 0 0
0 0 0 1 0 0 0
1 0 0 0 0 0 0
0 1 0 0 0 0 0
0 0 1 0 0 0 0
0 0 0 0 0 1 0
0 0 0 0 0 1 0
0 0 0 0 0 0 1
0 0 1 0 0 0 0
0 0 1 0 0 0 0
0 1 0 0 0 0 0
1 0 0 0 0 0 0
0 0 0 0 1 0 0
0 0 0 0 1 0 0
0 0 0 0 0 0 1
0 0 1 0 0 0 0
1 0 0 0 0 0 0
0 0 0 0 1 0 0
0 0 0 0 1 0 0
0 0 0 0 1 0 0
0 0 0 0 1 0 0
0 0 0 0 1 0 0
0 0 0 0 0 0 1
0 1 0 0 0 0 0
0 0 0 0 0 1 0
1 0 0 0 0 0 0
0 0 0 0 1 0 0
0 0 0 0 0 0 1
0 0 1 0 0 0 0
0 1 0 0 0 0 0
0 0 0 0 0 1 0
0 0 0 0 1 0 0
0 0 0 0 1 0 0
0 0 0 1 0 0 0
0 1 0 0 0 0 0
0 0 0 0 0 0 1
0 0 0 1 0 0 0
1 0 0 0 0 0 0
1 0 0 0 0 0 0
0 1 0 0 0 0 0
0 0 0 0 1 0 0
0 0 0 0 1 0 0
0 0 0 1 0 0 0
0 0 0 0 0 0 1
0 0 1 0 0 0 0
0 0 1 0 0 0 0
1 0 0 0 0 0 0
0 0 0 1 0 0 0
0 0 0 0 0 0 1
0 1 0 0 0 0 0
0 1 0 0 0 0 0
0 0 0 0 1 0 0
0 0 1 0 0 0 0
0 0 0 1 0 0 0
0 0 0 0 1 0 0
0 0 0 0 0 1 0
0 1 0 0 0 0 0
0 0 0 0 0 1 0
0 0 1 0 0 0 0
0 0 0 0 0 1 0
0 0 1 0 0 0 0
0 0 0 0 1 0 0
0 0 0 0 0 0 1
0 0 0 0 0 0 1
0 0 1 0 0 0 0
1 0 0 0 0 0 0
1 0 0 0 0 0 0
0 0 0 0 1 0 0
0 0 0 0 1 0 0
1 0 0 0 0 0 0
0 0 0 0 0 0 1
0 0 0 0 0 0 1
0 0 1 0 0 0 0
0 1 0 0 0 0 0
0 0 0 0 0 1 0
0 0 0 1 0 0 0
0 0 0 1 0 0 0
0 1 0 0 0 0 0
0 0 0 0 0 0 1
0 0 0 1 0 0 0
1 0 0 0 0 0 0
0 1 0 0 0 0 0
1 0 0 0 0 0 0
0 0 0 1 0 0 0
0 0 0 0 0 0 1
0 0 1 0 0 0 0
0 0 0 0 1 0 0
0 0 1 0 0 0 0
1 0 0 0 0 0 0
0 0 0 0 1 0 0
0 1 0 0 0 0 0
0 1 0 0 0 0 0
0 0 0 0 1 0 0
0 0 1 0 0 0 0
0 1 0 0 0 0 0
0 0 1 0 0 0 0
0 0 0 0 0 0 1
0 0 0 0 0 0 1
0 0 0 0 1 0 0
1 0 0 0 0 0 0
0 0 0 0 1 0 0
1 0 0 0 0 0 0
0 0 1 0 0 0 0
0 0 0 0 0 0 1
0 0 0 0 0 0 1
0 0 0 0 0 0 1
0 0 0 0 1 0 0
0 0 0 0 0 1 0
0 0 0 0 1 0 0
0 0 1 0 0 0 0
1 0 0 0 0 0 0
0 0 0 0 0 1 0
0 0 0 0 1 0 0
0 0 1 0 0 0 0
1 0 0 0 0 0 0
0 1 0 0 0 0 0
0 0 0 0 1 0 0
0 0 0 0 0 1 0
0 0 0 0 1 0 0
1 0 0 0 0 0 0
0 0 0 0 0 0 1
1 0 0 0 0 0 0
0 0 0 0 0 0 1
1 0 0 0 0 0 0
0 0 0 0 1 0 0
0 0 0 0 1 0 0
0 0 0 0 0 1 0
1 0 0 0 0 0 0
0 0 0 1 0 0 0
0 0 1 0 0 0 0
0 0 0 0 0 1 0
0 0 0 0 1 0 0
0 0 0 0 1 0 0
0 0 0 0 0 1 0
1 0 0 0 0 0 0
1 0 0 0 0 0 0
0 0 0 0 0 1 0
0 1 0 0 0 0 0
1 0 0 0 0 0 0
0 0 0 0 1 0 0
1 0 0 0 0 0 0
0 0 0 0 0 0 1
0 0 0 0 1 0 0
0 0 1 0 0 0 0
0 0 1 0 0 0 0
0 0 1 0 0 0 0
0 0 0 0 1 0 0
0 0 0 0 0 1 0
0 1 0 0 0 0 0
0 0 1 0 0 0 0
0 0 0 1 0 0 0
1 0 0 0 0 0 0
0 0 0 0 0 1 0
1 0 0 0 0 0 0
0 0 0 0 1 0 0
0 0 0 0 1 0 0
0 0 1 0 0 0 0
0 0 0 0 0 0 1
0 0 0 0 0 1 0
0 0 0 1 0 0 0
0 0 0 0 0 1 0
0 1 0 0 0 0 0
0 0 0 0 1 0 0
0 0 0 0 0 1 0
0 0 0 0 0 0 1
0 0 0 0 1 0 0
0 0 0 1 0 0 0
0 0 0 0 1 0 0
0 0 1 0 0 0 0
1 0 0 0 0 0 0
0 1 0 0 0 0 0
0 0 1 0 0 0 0
0 0 0 0 0 0 1
0 0 1 0 0 0 0
0 0 0 0 0 1 0
0 0 0 0 0 1 0
0 0 0 0 0 0 1
1 0 0 0 0 0 0
0 0 0 0 1 0 0
0 0 0 1 0 0 0
0 1 0 0 0 0 0
1 0 0 0 0 0 0
0 0 0 0 0 0 1
0 0 0 0 1 0 0
1 0 0 0 0 0 0
1 0 0 0 0 0 0
0 0 0 1 0 0 0
0 0 0 0 0 0 1
0 1 0 0 0 0 0
0 0 0 0 1 0 0
0 0 0 1 0 0 0
0 0 0 0 0 1 0
1 0 0 0 0 0 0
0 0 1 0 0 0 0
0 0 0 0 0 0 1
0 0 0 0 0 1 0
0 0 0 1 0 0 0
0 0 0 0 1 0 0
0 0 1 0 0 0 0
1 0 0 0 0 0 0
0 0 0 1 0 0 0
0 0 0 0 0 0 1
0 0 0 0 0 0 1
0 0 1 0 0 0 0
0 0 1 0 0 0 0
0 1 0 0 0 0 0
0 0 1 0 0 0 0
0 1 0 0 0 0 0
0 0 0 1 0 0 0
0 0 0 0 0 0 1
1 0 0 0 0 0 0
0 0 0 0 0 1 0
0 0 1 0 0 0 0
0 0 0 0 0 0 1
0 0 0 0 0 1 0
1 0 0 0 0 0 0
0 0 0 0 0 0 1
0 0 1 0 0 0 0
0 0 0 0 0 0 1
0 0 0 0 0 1 0
0 0 1 0 0 0 0
0 0 0 1 0 0 0
0 0 1 0 0 0 0
0 0 0 0 0 0 1
0 0 0 0 1 0 0
0 0 0 0 0 1 0
1 0 0 0 0 0 0
0 0 0 0 0 0 1
1 0 0 0 0 0 0
0 0 0 0 0 1 0
0 0 0 0 0 1 0
1 0 0 0 0 0 0
0 0 0 0 1 0 0
0 0 0 1 0 0 0
0 0 0 0 1 0 0
0 0 0 0 0 0 1
0 0 0 0 0 1 0
0 0 0 0 0 1 0
0 0 0 1 0 0 0
0 0 0 0 1 0 0
0 0 1 0 0 0 0
1 0 0 0 0 0 0
0 1 0 0 0 0 0
0 0 1 0 0 0 0
0 0 1 0 0 0 0
1 0 0 0 0 0 0
0 0 0 0 0 1 0
0 0 0 1 0 0 0
0 0 1 0 0 0 0
0 0 0 0 0 1 0
0 0 0 0 0 1 0
0 0 0 0 1 0 0
1 0 0 0 0 0 0
0 1 0 0 0 0 0
0 0 0 0 0 1 0
0 1 0 0 0 0 0
0 0 1 0 0 0 0
1 0 0 0 0 0 0
0 0 0 1 0 0 0
0 0 0 1 0 0 0
0 1 0 0 0 0 0
0 1 0 0 0 0 0
1 0 0 0 0 0 0
0 0 0 0 0 0 1
0 0 0 0 0 0 1
0 0 1 0 0 0 0
0 0 0 1 0 0 0
0 0 0 1 0 0 0
0 0 0 1 0 0 0
1 0 0 0 0 0 0
1 0 0 0 0 0 0
0 0 0 0 1 0 0
0 0 0 0 1 0 0
0 0 0 0 0 1 0
0 1 0 0 0 0 0
0 0 0 0 1 0 0
0 0 0 0 0 0 1
0 0 0 0 0 1 0
0 0 0 0 0 1 0
0 0 0 0 1 0 0
1 0 0 0 0 0 0
1 0 0 0 0 0 0
0 0 0 1 0 0 0
1 0 0 0 0 0 0
0 0 0 0 0 1 0
0 0 1 0 0 0 0
0 0 1 0 0 0 0
0 0 1 0 0 0 0
0 1 0 0 0 0 0
0 0 0 1 0 0 0
0 0 0 0 0 0 1
0 0 0 0 0 0 1
0 0 0 0 0 1 0
1 0 0 0 0 0 0
0 0 1 0 0 0 0
0 0 0 0 1 0 0
0 1 0 0 0 0 0
0 0 1 0 0 0 0
0 0 1 0 0 0 0
0 0 0 0 1 0 0
0 0 0 0 0 1 0
0 0 0 0 1 0 0
1 0 0 0 0 0 0
0 1 0 0 0 0 0
0 0 0 0 0 1 0
0 0 1 0 0 0 0
1 0 0 0 0 0 0
1 0 0 0 0 0 0
0 0 0 0 0 0 1
0 1 0 0 0 0 0
0 1 0 0 0 0 0
0 0 0 0 0 0 1
0 0 1 0 0 0 0
0 0 0 0 1 0 0
0 0 1 0 0 0 0
1 0 0 0 0 0 0
0 0 0 0 0 1 0
0 0 0 1 0 0 0
0 0 0 0 1 0 0
1 0 0 0 0 0 0
0 0 0 0 1 0 0
0 0 0 1 0 0 0
1 0 0 0 0 0 0
0 0 1 0 0 0 0
0 0 0 0 0 1 0
0 0 1 0 0 0 0
0 0 0 0 1 0 0
0 0 0 0 1 0 0

Capacidades:
27 31 30 37 21 42 57
0 39 47 31 55 39 55
24 39 24 50 45 20 24
50 26 23 48 0 0 50
48 29 0 43 20 0 55
36 41 50 31 25 25 31
33 22 31 31 22 47 46
20 42 24 36 0 31 29
31 40 0 50 0 29 35
33 54 42 25 46 30 0
