m: 500
n: 5
p: 7

Distancias:
4.36 3.32 8.91 6.03 3.61
6.30 1.51 8.17 7.45 4.56
7.53 4.76 9.86 9.39 4.59
8.28 7.28 6.70 2.07 5.90
8.02 7.20 8.68 2.74 6.84
4.42 1.55 6.49 1.04 9.77
8.86 9.11 1.89 4.30 7.18
3.89 2.46 7.21 5.85 6.68
2.70 8.79 6.31 7.44 4.45
5.10 2.87 1.50 4.00 6.32
9.62 9.90 7.23 5.96 9.60
9.59 3.85 4.31 6.16 6.49
5.69 5.45 9.86 2.38 9.11
6.36 5.31 1.45 1.07 4.09
4.38 4.24 9.60 4.88 8.46
9.11 3.31 5.67 6.61 6.24
1.31 3.19 9.09 6.99 6.30
6.73 5.22 8.91 1.82 6.37
1.41 1.59 8.80 8.90 2.97
7.48 4.04 4.49 3.09 1.54
4.18 1.50 7.18 8.73 5.11
4.76 4.69 2.15 6.28 1.38
9.24 8.54 5.23 2.39 9.39
7.58 6.74 3.65 3.97 5.21
4.08 5.93 9.04 3.52 3.76
2.84 7.23 3.71 1.39 2.70
8.08 4.28 4.49 4.84 9.96
6.16 9.39 9.14 3.67 3.25
8.03 6.50 9.65 5.35 3.89
8.87 3.22 6.28 1.03 3.17
9.63 1.59 1.04 1.30 7.11
6.79 1.59 6.94 5.81 1.99
8.86 9.97 1.19 2.95 4.17
4.95 1.96 9.34 6.88 4.64
2.09 1.71 9.89 5.43 5.91
8.12 8.07 5.18 2.08 6.88
3.70 6.96 6.33 5.94 7.05
7.72 4.58 1.28 9.98 5.35
1.21 6.67 4.42 3.83 6.65
4.01 8.63 1.28 8.12 3.52
6.10 4.91 8.53 9.65 7.08
6.17 5.21 3.33 3.29 7.66
9.09 5.35 8.27 8.43 8.19
4.60 8.18 9.31 5.36 3.13
5.49 2.40 3.21 7.64 6.29
7.86 8.70 1.21 6.47 2.75
6.63 2.27 9.86 1.14 9.80
5.37 7.75 3.30 5.29 2.27
5.47 7.18 1.03 8.37 7.22
3.81 5.94 4.03 5.28 2.50
7.07 9.82 8.72 1.25 1.86
5.54 1.57 9.40 4.61 6.81
1.56 5.65 2.67 4.01 1.13
6.27 1.45 4.70 3.08 8.67
5.61 8.25 1.05 4.74 8.01
2.55 1.92 5.96 5.80 9.92
9.40 7.74 9.13 5.64 1.93
4.83 9.78 7.27 8.40 1.21
6.74 5.15 4.64 5.09 5.99
9.98 4.94 3.00 3.88 9.82
1.92 9.39 7.53 1.46 1.92
7.14 2.58 6.77 9.86 3.28
8.48 9.82 9.01 7.31 3.86
3.29 2.28 3.79 2.86 3.94
3.45 1.82 7.67 5.93 8.36
2.09 7.76 2.65 7.55 5.04
9.90 5.09 6.08 5.53 7.56
3.51 3.02 7.74 6.83 5.75
4.06 4.38 2.70 2.23 6.28
9.42 1.32 7.54 3.53 6.71
7.34 3.79 3.38 1.48 4.91
8.49 8.07 5.06 1.01 2.38
5.67 8.37 6.88 2.31 8.57
9.71 5.30 7.49 2.35 6.90
9.16 9.74 2.21 1.40 6.50
8.99 2.02 6.81 4.14 5.23
8.52 3.55 1.81 5.31 7.37
2.56 4.47 6.44 4.91 9.25
9.20 4.23 4.58 8.44 4.24
9.63 6.96 8.70 9.81 2.40
1.10 6.52 7.32 3.95 6.74
1.17 3.18 8.53 6.56 3.29
7.85 9.33 4.87 4.60 4.41
7.41 1.41 3.52 5.67 8.92
1.43 1.22 3.24 4.21 3.08
7.01 8.04 7.29 6.43 3.96
3.85 3.69 4.80 1.54 2.54
2.02 2.13 7.23 3.60 6.69
8.92 7.92 2.47 5.19 6.42
8.55 7.80 8.81 4.62 5.36
4.08 9.43 8.45 5.47 4.42
1.36 6.12 2.47 7.79 4.06
7.80 9.16 7.78 2.11 3.05
3.85 1.63 9.84 4.23 3.57
8.75 8.01 5.09 9.12 5.23
3.60 7.67 3.70 7.85 6.93
7.23 8.82 5.29 5.76 2.78
2.82 8.71 5.85 3.84 6.36
4.23 2.02 4.18 2.73 5.43
9.46 1.84 6.34 5.76 4.74
2.30 2.80 1.27 2.03 6.54
9.07 3.53 4.88 3.29 4.34
6.26 2.19 2.41 1.53 7.88
5.64 8.91 5.99 4.95 7.45
9.10 9.53 8.39 2.99 8.69
7.22 6.61 1.26 2.64 9.93
6.53 6.77 4.77 6.42 2.51
4.13 7.34 6.91 9.01 7.70
9.72 7.59 2.09 7.34 9.66
6.58 9.17 9.90 5.91 3.77
7.84 8.58 1.32 9.97 6.32
8.27 9.59 1.49 9.57 8.06
9.54 8.26 5.12 7.75 2.85
5.94 4.10 4.00 5.73 3.53
5.56 7.47 9.94 1.40 2.13
8.67 6.48 4.86 5.92 3.41
1.74 5.21 7.76 7.92 9.99
5.62 7.60 2.55 9.53 4.96
9.80 7.14 4.49 9.59 3.34
5.46 6.80 5.84 2.04 2.18
7.31 3.68 8.37 1.11 7.90
4.34 7.31 6.94 8.67 9.59
3.90 7.81 6.74 9.27 6.98
4.03 1.40 8.24 6.47 3.10
1.57 9.94 7.51 7.33 2.74
4.87 3.39 8.90 4.77 9.60
4.47 7.91 3.77 3.08 2.44
2.13 8.25 6.12 5.85 8.37
6.71 3.71 6.98 7.09 2.04
8.12 7.62 8.92 9.31 9.42
2.49 6.57 7.72 3.36 3.69
7.70 6.39 8.58 9.56 6.66
2.96 7.72 1.98 5.47 3.22
1.14 4.12 8.14 7.33 6.94
8.63 4.71 7.68 5.54 2.12
5.83 4.65 6.79 9.53 1.42
1.84 2.97 3.38 7.35 4.14
5.22 9.33 8.28 4.46 4.13
3.06 6.55 9.50 1.63 7.21
7.99 5.74 6.49 9.25 8.94
5.95 3.26 5.64 5.51 6.21
4.77 4.06 3.72 8.15 1.03
1.63 8.60 3.70 5.56 5.42
9.87 7.45 4.69 2.64 6.08
5.06 9.41 8.29 8.10 9.88
8.04 6.23 9.07 4.63 5.16
5.53 3.46 9.39 3.73 8.13
6.78 8.59 6.76 1.66 7.98
4.90 2.27 3.21 5.05 8.23
7.60 3.64 5.19 6.18 4.38
2.92 4.67 4.60 2.41 1.21
3.70 4.43 2.95 5.26 1.86
8.66 6.50 2.54 7.35 6.75
7.68 8.59 2.51 3.32 5.44
7.07 7.72 3.21 8.43 9.00
5.76 3.13 3.71 1.41 2.44
4.16 7.02 1.13 9.22 9.96
1.65 3.36 3.60 1.32 3.13
8.05 5.78 5.17 7.07 4.90
8.96 7.68 3.80 1.71 9.67
1.33 2.93 6.17 2.79 1.46
4.21 5.78 5.61 2.50 7.29
8.11 5.81 1.50 6.03 9.13
3.08 1.40 3.27 8.24 6.72
8.88 5.44 9.19 4.56 2.07
4.85 5.83 7.59 9.13 4.46
8.58 6.64 8.26 8.66 6.10
3.83 8.32 5.17 6.19 4.84
5.33 6.39 4.69 5.03 6.13
5.70 9.94 2.44 1.67 9.14
4.45 5.41 6.12 7.72 4.43
4.56 5.27 9.31 6.62 3.80
1.23 9.86 8.40 1.32 4.24
9.79 6.09 4.67 4.62 3.25
6.28 8.10 7.64 1.71 9.78
2.07 5.64 6.16 8.05 3.62
6.46 2.64 6.65 6.74 8.33
4.71 9.43 1.65 6.19 4.88
3.85 4.80 3.35 6.93 9.57
2.92 3.48 3.87 3.87 1.37
1.01 6.44 7.61 4.55 4.89
4.47 1.86 5.65 3.54 4.38
4.56 7.75 4.91 1.81 8.53
6.36 6.37 7.43 2.22 1.89
9.24 4.44 3.33 4.51 2.58
2.99 5.17 2.71 1.79 3.91
6.70 5.76 6.45 6.32 4.89
7.68 8.15 9.93 1.16 4.99
6.17 4.85 7.83 1.86 5.58
2.12 4.10 3.87 5.56 1.09
6.64 5.90 7.19 7.14 6.46
4.63 7.08 7.54 7.72 4.56
2.63 4.46 2.19 3.98 3.88
7.81 4.61 2.23 6.66 6.36
9.57 2.61 6.60 9.90 9.56
1.76 8.14 9.27 8.21 2.39
5.39 9.83 1.34 7.88 6.50
7.68 1.38 6.88 9.80 2.83
3.64 3.34 5.91 5.45 8.50
3.92 5.49 8.86 8.49 4.26
6.45 5.25 3.03 3.16 1.11
9.52 6.05 4.22 4.63 8.38
7.99 4.76 6.87 1.91 5.67
5.03 5.00 8.25 2.13 2.86
9.56 5.09 8.19 6.60 3.09
6.44 8.92 3.04 5.76 8.14
8.72 5.46 4.29 2.81 8.71
2.74 3.20 1.96 8.32 8.60
1.91 7.25 3.68 5.51 9.43
6.71 5.13 6.62 6.43 1.51
7.14 6.80 6.15 8.39 4.27
4.62 7.43 7.07 4.66 1.73
7.07 6.84 1.36 3.89 4.37
7.14 7.34 1.72 9.89 5.61
9.81 4.57 1.16 8.00 3.82
9.01 9.08 8.94 6.63 1.49
8.57 5.56 8.98 9.19 3.56
1.56 4.46 5.96 9.77 8.89
7.94 8.10 7.10 9.01 6.26
1.61 7.42 7.30 8.79 8.16
4.59 2.01 2.54 7.65 5.12
7.14 1.99 3.75 1.24 9.12
8.58 9.63 6.38 2.39 9.59
7.82 8.30 9.28 4.13 8.00
9.26 8.23 7.84 4.97 7.55
4.67 7.69 4.66 7.62 7.71
4.43 1.93 6.37 8.72 1.18
2.04 9.83 2.20 2.90 6.45
5.08 9.99 9.85 5.20 9.81
5.68 8.89 9.17 9.67 2.95
7.83 6.97 6.64 4.31 8.76
6.26 3.28 2.69 7.57 7.96
1.70 5.57 9.70 5.41 1.96
8.01 8.44 5.10 9.79 5.97
4.71 8.57 6.46 9.95 9.64
4.01 3.66 4.81 1.17 6.92
8.21 8.93 6.54 8.52 4.03
4.14 5.19 8.47 1.31 3.24
8.61 8.49 6.96 3.00 8.68
6.23 4.45 1.32 9.63 2.38
7.10 3.94 3.97 2.03 9.61
3.82 7.16 5.43 6.41 3.55
9.48 6.16 1.09 4.20 2.12
3.85 3.92 4.27 8.70 6.31
1.05 5.95 7.80 1.48 6.97
3.71 6.47 1.14 9.00 3.93
8.90 1.13 1.12 2.96 1.52
4.03 6.85 7.25 8.78 4.80
1.10 7.51 9.79 1.16 2.07
9.39 5.38 4.37 7.58 7.27
3.29 4.54 8.86 4.57 1.44
7.27 9.22 2.58 6.52 1.37
3.88 1.30 6.90 3.38 1.32
3.79 9.62 9.43 4.99 9.12
1.67 7.66 9.94 9.07 7.17
8.30 7.05 9.05 2.80 6.62
9.04 6.33 6.15 9.51 6.04
8.89 5.10 1.90 8.53 7.14
1.47 3.37 1.34 6.84 9.60
9.93 4.61 2.37 8.19 3.58
6.96 3.58 5.26 4.54 1.07
4.43 8.72 3.66 9.78 6.54
8.26 4.96 2.40 9.64 9.07
7.55 7.30 5.83 2.43 6.32
6.20 10.00 4.80 6.28 9.15
5.42 6.59 1.87 3.03 3.07
4.53 3.49 2.59 2.75 7.83
6.94 4.92 9.71 9.16 8.52
4.60 3.71 2.62 8.15 2.86
3.52 6.62 4.86 2.82 7.83
9.03 3.35 7.29 1.98 6.95
9.89 2.64 6.95 7.41 6.76
8.64 2.45 9.30 4.12 1.26
5.82 1.21 8.70 5.59 5.84
2.16 6.54 9.05 9.52 9.66
4.68 7.36 7.56 9.32 7.88
4.15 1.57 9.44 8.69 6.94
8.93 7.31 4.95 4.10 6.99
1.23 5.76 8.04 2.55 6.66
8.15 2.65 9.59 3.35 2.88
5.00 3.27 7.17 4.84 9.96
4.78 2.68 8.35 9.24 7.95
7.58 2.36 2.67 9.12 5.34
2.71 6.96 5.90 4.70 9.95
4.23 9.92 9.37 4.22 2.14
1.93 5.19 2.77 5.88 7.56
9.92 6.53 6.48 2.03 9.40
8.33 7.59 5.64 5.47 6.13
1.39 4.23 9.52 5.74 9.60
1.23 6.21 4.48 8.25 9.47
9.92 9.01 8.61 8.19 4.49
5.34 4.25 9.95 8.83 7.36
2.74 6.87 2.02 9.39 4.26
3.03 8.50 9.30 1.43 9.83
3.37 2.57 7.18 3.65 4.83
4.79 9.12 5.83 2.10 1.53
3.86 4.11 7.27 4.00 1.68
4.61 1.14 1.62 6.64 2.65
9.91 2.69 3.60 6.41 5.01
6.88 8.03 5.24 9.92 9.56
5.93 6.04 4.42 4.74 4.43
6.53 1.80 9.35 7.10 7.62
1.21 8.47 9.42 9.90 9.72
9.64 7.21 9.46 4.31 9.88
3.89 6.25 7.73 8.42 4.61
9.89 3.03 7.82 3.75 8.02
3.50 4.70 8.87 5.36 5.46
3.06 8.19 9.33 1.67 6.73
8.44 5.67 3.65 9.39 2.14
4.60 6.90 8.10 8.18 3.77
3.19 7.78 8.41 5.21 7.43
2.63 4.30 5.41 1.10 7.36
2.44 2.56 8.47 6.48 3.15
2.32 2.43 8.22 1.09 8.88
1.25 3.10 7.95 3.44 2.57
6.23 1.56 7.28 5.56 8.92
6.05 2.10 8.21 7.76 3.03
9.42 9.86 4.31 9.62 4.01
3.41 3.52 1.90 1.78 7.09
2.83 7.97 5.43 2.23 1.44
1.52 9.01 7.20 4.82 5.32
9.77 8.10 2.28 1.96 4.98
9.89 2.61 9.10 4.78 4.99
2.89 6.86 7.42 1.13 5.48
3.24 7.73 2.65 6.98 3.07
9.79 4.04 5.46 7.80 9.63
1.40 2.86 7.59 5.57 9.96
2.79 4.61 4.89 2.38 3.62
2.90 5.80 7.35 8.35 9.89
1.42 6.32 8.98 5.44 8.80
9.21 6.34 3.25 9.84 2.19
1.29 1.23 2.86 2.02 8.78
7.76 8.97 9.55 5.25 7.80
5.90 7.94 7.25 1.25 1.20
5.54 8.28 5.72 5.87 8.80
3.78 2.05 4.37 5.89 6.88
5.62 5.30 1.51 2.26 7.50
6.46 7.04 4.76 3.71 7.43
9.37 7.12 5.83 9.91 7.22
2.77 8.30 5.41 1.44 2.49
9.63 7.01 9.44 5.50 4.11
4.38 6.53 8.11 2.95 8.61
8.30 6.41 9.48 4.11 1.24
8.46 8.55 9.92 8.48 8.59
7.54 4.37 1.97 7.74 5.79
1.98 4.51 3.33 3.51 2.46
2.95 9.33 3.52 6.61 2.33
1.76 6.47 9.19 8.64 8.69
4.13 2.92 5.28 6.27 4.47
2.30 9.40 1.73 9.80 7.23
5.43 6.12 6.86 7.70 2.91
9.52 3.04 6.52 1.69 2.99
9.18 1.62 1.58 6.03 3.78
8.45 4.76 7.14 8.77 4.09
7.23 9.37 5.81 2.49 2.79
5.47 7.21 7.92 9.87 9.43
9.34 1.42 3.80 3.25 3.77
7.70 5.97 6.99 8.87 4.23
3.71 8.41 2.89 7.79 4.25
7.37 5.29 2.52 6.03 7.64
2.74 3.94 9.76 4.34 6.21
9.69 5.30 6.98 1.50 8.31
2.36 4.27 2.16 7.20 7.29
1.31 9.53 2.78 8.11 2.59
9.26 9.18 8.57 7.99 7.32
9.07 9.49 2.77 4.97 2.90
3.43 6.09 6.63 9.53 1.56
4.57 2.37 6.61 5.43 3.27
4.83 5.62 6.96 5.67 9.93
8.76 1.98 6.43 2.13 9.11
8.27 3.45 7.47 2.78 9.22
3.23 3.51 7.12 3.55 3.44
9.07 7.33 4.89 4.25 2.27
1.01 5.22 2.48 4.30 4.98
2.79 5.29 2.95 1.39 6.35
8.39 2.69 6.02 2.42 9.49
5.70 1.84 3.89 1.00 9.83
2.53 4.49 3.43 8.06 1.62
2.83 1.69 5.99 8.29 3.15
4.38 9.82 1.79 5.39 1.22
8.51 5.74 4.84 7.29 6.77
7.11 7.75 3.74 4.71 2.58
6.80 6.60 8.48 9.13 9.39
8.14 5.40 1.02 4.00 3.92
3.90 9.70 1.91 1.74 9.53
5.84 2.21 7.93 6.07 2.96
3.07 7.50 5.23 2.57 7.84
8.85 4.89 3.32 4.51 3.60
5.74 5.37 4.25 5.24 7.26
5.59 3.35 9.54 3.64 1.26
3.29 8.21 5.41 9.82 4.27
6.76 6.70 6.63 7.54 6.34
3.61 5.08 5.80 9.71 3.50
9.66 8.23 9.15 1.06 6.47
9.58 7.15 1.08 5.08 5.21
3.53 3.60 7.56 9.05 2.70
1.22 4.60 2.80 9.39 4.89
4.57 1.12 7.19 9.59 6.59
6.26 7.30 5.36 6.43 9.89
5.21 6.22 5.91 9.17 7.51
4.79 1.57 4.29 7.12 4.55
2.90 4.95 8.86 9.25 2.83
1.06 5.90 4.99 9.89 6.16
9.02 5.90 6.45 3.90 8.43
2.54 3.62 3.40 3.55 5.27
1.64 4.29 2.20 7.09 2.93
7.13 3.24 2.62 8.33 8.28
9.39 7.49 8.40 1.84 7.21
4.41 4.77 6.89 9.87 7.06
3.36 4.58 9.52 7.02 7.90
3.64 2.49 8.81 2.41 7.39
9.58 1.10 3.98 3.94 4.80
9.66 4.23 4.22 9.49 9.95
4.11 5.20 8.68 8.16 6.18
8.79 7.15 6.48 6.84 9.81
3.61 5.44 5.84 7.29 6.64
3.12 3.64 4.07 8.53 3.00
5.46 5.62 6.55 9.25 9.71
3.53 6.02 8.86 5.75 5.10
7.46 9.13 8.71 8.19 1.50
7.15 4.21 8.61 9.88 4.08
8.73 8.07 2.60 8.07 7.92
3.47 9.74 2.87 3.83 7.44
6.49 3.87 3.79 8.84 6.43
2.17 9.89 2.20 1.69 8.74
5.84 4.85 8.55 9.41 7.81
8.72 7.41 7.89 8.68 5.94
1.66 4.26 2.51 9.36 8.66
2.93 1.11 1.72 2.75 3.42
2.00 7.62 2.34 5.40 9.87
8.76 7.54 6.00 3.88 7.66
7.90 5.18 4.84 5.59 7.75
3.28 1.42 6.63 1.74 9.18
1.95 7.40 7.42 3.60 7.72
5.04 8.57 4.90 4.33 7.39
5.87 3.41 8.57 2.67 2.86
1.51 6.56 3.34 4.56 9.02
3.60 2.13 8.00 6.77 7.17
2.65 7.93 7.77 6.88 1.39
8.52 1.66 8.66 9.07 3.75
7.58 1.44 2.80 2.77 4.97
6.59 1.64 2.82 6.70 1.47
9.14 3.09 7.64 1.89 5.11
6.95 9.11 4.97 8.90 7.77
1.87 1.50 6.73 5.83 2.96
2.07 9.45 6.21 1.84 6.40
8.79 6.10 5.20 4.31 2.38
3.87 1.76 2.19 4.15 2.77
2.62 9.67 1.39 8.64 5.86
6.51 6.53 9.13 1.07 4.61
1.86 1.14 1.96 9.21 1.06
5.09 1.50 3.11 5.89 1.68
2.05 7.11 8.21 2.48 4.96
4.43 3.29 1.42 9.85 8.70
3.45 6.76 1.89 2.26 5.67
7.98 8.35 5.44 9.06 2.18
5.22 4.88 2.77 4.03 8.10
8.74 9.88 3.76 8.65 7.09
2.16 7.62 8.49 2.38 6.70
4.24 8.78 7.63 6.72 7.71
7.76 5.51 4.06 6.46 4.86
1.94 5.29 7.61 8.27 9.58
8.65 7.14 5.77 3.90 7.34
2.35 4.56 6.77 5.05 1.35
5.25 2.50 2.97 5.57 8.10
8.90 1.42 1.61 9.41 6.41
6.01 1.25 9.60 7.00 4.22
2.15 4.29 1.30 3.89 8.80
1.97 2.51 1.05 1.81 5.57
2.76 5.84 1.34 5.80 5.10
2.64 1.14 1.01 8.01 9.09
9.38 9.77 6.74 5.20 2.47
9.64 7.64 9.37 2.01 5.40
9.81 7.84 9.39 7.93 8.45
2.97 4.48 2.28 2.52 9.10
7.94 9.49 2.20 9.64 3.43
7.74 7.34 4.62 9.85 6.97
3.59 2.07 2.77 8.23 3.77
3.73 9.38 7.13 9.43 5.58
7.37 4.43 7.59 9.53 1.26
3.53 9.08 4.49 2.36 1.74
5.95 1.55 5.91 8.16 2.11
5.72 1.32 8.43 8.14 8.28
3.36 2.01 9.92 9.15 1.57
1.52 3.93 2.39 7.34 3.43
8.15 1.20 6.25 9.70 7.49
8.23 1.17 5.05 6.94 6.36
6.62 6.82 8.35 6.25 2.92
6.75 7.55 9.75 4.69 8.56
3.12 1.43 3.45 8.12 8.57
3.09 1.66 7.41 4.05 7.02
1.36 5.37 3.67 9.59 6.07
6.98 3.32 6.65 6.93 1.22
6.59 2.66 3.53 8.47 1.97
1.34 6.22 4.00 1.52 6.49
6.98 6.23 1.17 5.31 3.94
2.08 8.72 4.78 8.39 9.38
4.40 6.70 4.11 2.86 6.18
7.51 1.98 1.42 4.44 7.99
5.60 2.26 6.88 3.07 4.09

Demandas:
0 0 0 0 0 0 1
0 0 0 1 0 0 0
0 1 0 0 0 0 0
0 0 0 0 0 0 1
0 0 0 1 0 0 0
0 0 0 1 0 0 0
1 0 0 0 0 0 0
0 0 0 0 0 1 0
0 0 1 0 0 0 0
0 0 0 0 1 0 0
0 0 1 0 0 0 0
0 0 1 0 0 0 0
0 1 0 0 0 0 0
0 0 0 0 0 0 1
0 0 0 0 1 0 0
0 0 0 0 0 1 0
0 0 0 1 0 0 0
0 0 0 0 0 0 1
0 0 1 0 0 0 0
0 0 0 0 1 0 0
0 0 1 0 0 0 0
1 0 0 0 0 0 0
0 0 0 0 1 0 0
0 0 0 1 0 0 0
0 0 0 0 1 0 0
0 0 1 0 0 0 0
1 0 0 0 0 0 0
0 0 0 0 0 0 1
0 0 1 0 0 0 0
0 0 1 0 0 0 0
0 0 0 0 1 0 0
0 0 0 0 1 0 0
0 0 0 0 0 1 0
0 0 0 0 0 0 1
1 0 0 0 0 0 0
0 1 0 0 0 0 0
0 0 0 0 1 0 0
0 0 0 0 0 1 0
1 0 0 0 0 0 0
0 0 0 1 0 0 0
0 0 0 0 0 0 1
0 0 0 0 0 0 1
0 0 1 0 0 0 0
1 0 0 0 0 0 0
1 0 0 0 0 0 0
1 0 0 0 0 0 0
1 0 0 0 0 0 0
0 0 1 0 0 0 0
0 1 0 0 0 0 0
0 0 0 0 0 1 0
0 0 0 0 0 1 0
0 0 0 0 1 0 0
0 0 0 0 1 0 0
0 0 0 1 0 0 0
0 0 1 0 0 0 0
0 0 0 0 0 1 0
0 1 0 0 0 0 0
1 0 0 0 0 0 0
0 0 0 0 0 0 1
0 0 0 1 0 0 0
0 1 0 0 0 0 0
1 0 0 0 0 0 0
0 0 0 1 0 0 0
0 0 0 0 0 0 1
1 0 0 0 0 0 0
0 1 0 0 0 0 0
0 0 1 0 0 0 0
0 0 0 0 1 0 0
0 0 0 0 1 0 0
0 0 1 0 0 0 0
0 1 0 0 0 0 0
0 1 0 0 0 0 0
0 1 0 0 0 0 0
0 0 1 0 0 0 0
1 0 0 0 0 0 0
0 0 0 0 1 0 0
0 1 0 0 0 0 0
0 0 1 0 0 0 0
0 0 0 1 0 0 0
0 0 0 1 0 0 0
1 0 0 0 0 0 0
0 0 0 0 1 0 0
0 0 0 1 0 0 0
0 0 1 0 0 0 0
0 0 0 0 1 0 0
1 0 0 0 0 0 0
0 0 0 0 0 0 1
0 0 0 0 0 1 0
0 0 0 1 0 0 0
0 0 0 0 0 1 0
0 0 0 0 1 0 0
1 0 0 0 0 0 0
1 0 0 0 0 0 0
0 1 0 0 0 0 0
0 0 0 0 1 0 0
0 1 0 0 0 0 0
0 1 0 0 0 0 0
0 0 0 0 0 1 0
0 0 0 0 0 1 0
1 0 0 0 0 0 0
0 0 0 0 0 1 0
0 0 0 1 0 0 0
0 0 1 0 0 0 0
1 0 0 0 0 0 0
0 0 0 0 1 0 0
0 0 1 0 0 0 0
0 0 0 0 0 1 0
1 0 0 0 0 0 0
0 0 0 0 0 0 1
0 0 0 0 0 1 0
0 0 0 0 0 0 1
1 0 0 0 0 0 0
0 0 0 0 0 1 0
0 0 0 0 1 0 0
0 0 1 0 0 0 0
0 0 0 0 0 0 1
0 0 0 1 0 0 0
1 0 0 0 0 0 0
1 0 0 0 0 0 0
0 0 0 1 0 0 0
0 0 0 0 0 1 0
0 1 0 0 0 0 0
0 0 0 0 0 0 1
0 1 0 0 0 0 0
0 0 0 0 0 0 1
0 1 0 0 0 0 0
0 0 0 0 1 0 0
0 0 0 0 0 0 1
1 0 0 0 0 0 0
1 0 0 0 0 0 0
0 0 0 0 0 0 1
1 0 0 0 0 0 0
0 1 0 0 0 0 0
0 0 0 0 0 1 0
0 0 0 0 0 1 0
0 0 1 0 0 0 0
1 0 0 0 0 0 0
0 0 0 0 1 0 0
0 0 0 0 0 1 0
0 1 0 0 0 0 0
0 0 0 0 0 1 0
0 0 0 0 0 1 0
1 0 0 0 0 0 0
0 0 0 0 0 0 1
0 0 0 0 0 1 0
1 0 0 0 0 0 0
0 0 0 0 1 0 0
0 1 0 0 0 0 0
0 0 0 0 0 0 1
0 0 0 0 0 0 1
0 0 1 0 0 0 0
0 0 1 0 0 0 0
0 0 0 0 0 1 0
0 0 0 0 1 0 0
0 1 0 0 0 0 0
0 0 0 0 0 0 1
0 0 0 0 0 0 1
1 0 0 0 0 0 0
0 0 0 1 0 0 0
0 0 0 1 0 0 0
1 0 0 0 0 0 0
0 1 0 0 0 0 0
0 0 0 0 0 1 0
0 0 0 0 1 0 0
0 0 0 0 0 0 1
0 0 0 0 0 1 0
0 0 0 0 0 1 0
0 0 0 0 0 1 0
0 0 0 0 0 0 1
0 0 0 1 0 0 0
0 0 0 0 1 0 0
0 1 0 0 0 0 0
1 0 0 0 0 0 0
0 0 0 1 0 0 0
0 0 0 0 0 0 1
0 0 0 0 1 0 0
0 0 0 0 0 1 0
0 0 0 1 0 0 0
1 0 0 0 0 0 0
0 1 0 0 0 0 0
0 0 0 0 0 0 1
1 0 0 0 0 0 0
0 0 0 1 0 0 0
0 0 0 0 1 0 0
0 0 0 1 0 0 0
0 0 0 1 0 0 0
0 0 1 0 0 0 0
0 0 1 0 0 0 0
0 0 0 0 1 0 0
0 0 0 0 1 0 0
0 0 0 0 0 0 1
0 0 0 0 1 0 0
0 1 0 0 0 0 0
0 1 0 0 0 0 0
0 0 1 0 0 0 0
0 1 0 0 0 0 0
0 0 1 0 0 0 0
0 0 0 0 0 1 0
0 0 0 0 0 0 1
0 0 1 0 0 0 0
0 0 0 0 0 0 1
0 1 0 0 0 0 0
0 1 0 0 0 0 0
0 0 0 0 1 0 0
0 0 0 0 1 0 0
0 0 1 0 0 0 0
0 0 0 0 0 0 1
0 0 0 0 0 0 1
0 0 0 0 0 0 1
0 0 0 0 1 0 0
1 0 0 0 0 0 0
0 0 1 0 0 0 0
0 0 0 0 0 1 0
0 0 0 1 0 0 0
0 0 0 1 0 0 0
0 0 1 0 0 0 0
0 0 0 0 1 0 0
0 0 1 0 0 0 0
0 0 0 0 0 1 0
0 1 0 0 0 0 0
0 0 0 0 0 1 0
0 0 0 0 0 0 1
0 0 0 0 0 0 1
0 0 0 1 0 0 0
0 0 0 0 0 0 1
0 0 0 0 0 0 1
0 0 0 1 0 0 0
0 0 0 0 1 0 0
0 1 0 0 0 0 0
0 0 0 0 1 0 0
0 0 0 0 0 0 1
0 0 0 0 0 1 0
0 1 0 0 0 0 0
0 0 0 0 0 0 1
0 0 0 1 0 0 0
0 0 0 0 0 0 1
0 0 0 0 1 0 0
0 0 0 1 0 0 0
0 0 0 0 0 0 1
0 0 0 0 0 0 1
0 0 0 1 0 0 0
0 1 0 0 0 0 0
0 0 0 0 0 0 1
0 0 0 0 1 0 0
0 0 0 0 1 0 0
0 0 0 1 0 0 0
0 1 0 0 0 0 0
0 0 0 0 0 0 1
0 1 0 0 0 0 0
0 1 0 0 0 0 0
0 0 0 0 0 1 0
1 0 0 0 0 0 0
0 0 0 1 0 0 0
0 1 0 0 0 0 0
0 0 0 1 0 0 0
1 0 0 0 0 0 0
0 0 0 0 1 0 0
0 0 0 0 0 0 1
0 0 1 0 0 0 0
0 0 1 0 0 0 0
0 0 0 0 0 1 0
1 0 0 0 0 0 0
0 0 1 0 0 0 0
0 0 0 1 0 0 0
0 1 0 0 0 0 0
0 0 0 0 1 0 0
0 0 0 0 1 0 0
0 0 0 1 0 0 0
0 0 0 0 1 0 0
0 0 0 0 1 0 0
0 0 0 1 0 0 0
0 0 0 0 0 1 0
0 0 0 0 0 1 0
0 0 0 1 0 0 0
1 0 0 0 0 0 0
0 0 1 0 0 0 0
0 1 0 0 0 0 0
0 0 0 0 0 0 1
0 1 0 0 0 0 0
0 0 0 0 1 0 0
0 0 0 0 0 1 0
0 1 0 0 0 0 0
0 0 0 0 0 1 0
0 0 0 0 0 0 1
0 0 1 0 0 0 0
0 0 1 0 0 0 0
0 0 1 0 0 0 0
1 0 0 0 0 0 0
1 0 0 0 0 0 0
0 0 0 0 0 0 1
0 0 0 0 0 0 1
0 1 0 0 0 0 0
1 0 0 0 0 0 0
0 1 0 0 0 0 0
1 0 0 0 0 0 0
0 1 0 0 0 0 0
0 0 0 0 1 0 0
0 0 0 1 0 0 0
0 0 0 0 0 0 1
0 0 1 0 0 0 0
1 0 0 0 0 0 0
0 0 0 0 1 0 0
0 0 1 0 0 0 0
1 0 0 0 0 0 0
1 0 0 0 0 0 0
0 0 0 0 0 0 1
0 0 0 0 0 1 0
0 1 0 0 0 0 0
0 0 0 0 0 0 1
1 0 0 0 0 0 0
0 0 0 0 0 0 1
1 0 0 0 0 0 0
0 0 0 1 0 0 0
0 0 0 0 0 0 1
0 0 0 1 0 0 0
0 0 0 1 0 0 0
0 0 1 0 0 0 0
1 0 0 0 0 0 0
0 0 1 0 0 0 0
0 0 1 0 0 0 0
0 0 0 0 0 1 0
0 0 0 0 0 1 0
0 1 0 0 0 0 0
0 0 0 0 0 1 0
0 0 0 0 0 0 1
0 0 0 0 0 1 0
0 0 1 0 0 0 0
0 0 0 1 0 0 0
0 0 0 1 0 0 0
0 0 0 1 0 0 0
0 0 0 1 0 0 0
1 0 0 0 0 0 0
0 0 0 0 0 1 0
0 0 0 0 0 0 1
0 0 0 0 1 0 0
0 0 0 0 0 1 0
0 0 0 0 0 1 0
1 0 0 0 0 0 0
1 0 0 0 0 0 0
0 0 0 0 1 0 0
0 0 0 1 0 0 0
0 0 0 0 1 0 0
0 0 0 0 0 1 0
1 0 0 0 0 0 0
1 0 0 0 0 0 0
1 0 0 0 0 0 0
0 0 0 1 0 0 0
0 0 0 0 0 0 1
0 0 0 0 0 1 0
0 0 0 0 0 1 0
1 0 0 0 0 0 0
0 0 1 0 0 0 0
0 0 1 0 0 0 0
1 0 0 0 0 0 0
1 0 0 0 0 0 0
0 0 0 0 1 0 0
0 0 1 0 0 0 0
0 1 0 0 0 0 0
0 0 0 0 0 0 1
0 0 0 1 0 0 0
0 0 0 0 0 1 0
0 0 0 1 0 0 0
0 0 1 0 0 0 0
0 0 0 0 1 0 0
0 0 0 0 1 0 0
0 1 0 0 0 0 0
1 0 0 0 0 0 0
0 1 0 0 0 0 0
0 1 0 0 0 0 0
0 0 0 0 1 0 0
0 0 1 0 0 0 0
1 0 0 0 0 0 0
0 0 0 0 1 0 0
0 0 1 0 0 0 0
0 0 1 0 0 0 0
0 0 0 0 0 0 1
0 0 0 0 0 0 1
0 0 1 0 0 0 0
0 0 0 1 0 0 0
0 1 0 0 0 0 0
1 0 0 0 0 0 0
0 0 0 0 0 0 1
0 0 0 0 0 1 0
0 1 0 0 0 0 0
0 0 1 0 0 0 0
0 0 0 1 0 0 0
0 1 0 0 0 0 0
0 1 0 0 0 0 0
1 0 0 0 0 0 0
0 0 0 0 0 0 1
0 0 0 1 0 0 0
0 1 0 0 0 0 0
0 0 0 1 0 0 0
0 1 0 0 0 0 0
0 0 0 1 0 0 0
0 0 0 0 0 0 1
0 0 0 0 1 0 0
0 0 1 0 0 0 0
0 0 0 1 0 0 0
0 0 0 0 0 1 0
0 0 0 0 0 0 1
0 0 0 0 0 0 1
0 0 0 0 1 0 0
1 0 0 0 0 0 0
0 0 0 0 0 0 1
0 0 0 0 0 1 0
0 0 0 0 1 0 0
0 0 0 0 0 0 1
0 0 0 0 0 1 0
1 0 0 0 0 0 0
1 0 0 0 0 0 0
0 0 0 1 0 0 0
0 1 0 0 0 0 0
1 0 0 0 0 0 0
0 0 0 1 0 0 0
0 1 0 0 0 0 0
0 0 0 0 0 0 1
0 0 0 0 1 0 0
0 0 0 1 0 0 0
0 0 0 0 0 1 0
1 0 0 0 0 0 0
0 0 0 0 0 0 1
0 0 1 0 0 0 0
0 0 0 0 0 0 1
0 0 0 1 0 0 0
0 0 0 0 1 0 0
0 0 1 0 0 0 0
0 0 0 0 0 1 0
0 1 0 0 0 0 0
0 0 1 0 0 0 0
0 1 0 0 0 0 0
0 1 0 0 0 0 0
0 0 0 0 0 1 0
0 1 0 0 0 0 0
0 1 0 0 0 0 0
0 0 0 0 0 1 0
0 0 1 0 0 0 0
0 0 0 0 1 0 0
0 0 0 0 0 1 0
1 0 0 0 0 0 0
0 0 1 0 0 0 0
0 0 1 0 0 0 0
0 0 0 0 1 0 0
0 0 0 0 1 0 0
0 0 0 0 1 0 0
0 1 0 0 0 0 0
0 1 0 0 0 0 0
0 0 0 0 0 0 1
0 1 0 0 0 0 0
0 0 0 0 0 0 1
0 0 1 0 0 0 0
0 0 0 1 0 0 0
0 0 0 1 0 0 0
0 0 0 0 0 0 1
0 0 1 0 0 0 0
0 0 0 0 0 0 1
0 0 0 1 0 0 0
0 0 0 0 1 0 0
0 1 0 0 0 0 0
1 0 0 0 0 0 0
0 0 1 0 0 0 0
0 0 1 0 0 0 0
1 0 0 0 0 0 0
0 0 0 1 0 0 0
0 0 1 0 0 0 0
0 1 0 0 0 0 0
0 1 0 0 0 0 0
0 1 0 0 0 0 0
0 0 0 1 0 0 0
0 0 0 1 0 0 0
0 0 0 0 0 1 0
0 0 0 0 0 1 0
0 0 0 0 0 1 0
0 0 0 0 1 0 0
0 0 0 0 1 0 0
0 0 0 0 0 0 1
0 0 1 0 0 0 0
0 0 0 0 1 0 0
0 0 0 1 0 0 0
0 0 0 0 1 0 0
0 0 0 0 0 1 0
0 0 0 0 0 0 1
0 0 1 0 0 0 0
0 0 0 0 1 0 0
1 0 0 0 0 0 0
0 0 1 0 0 0 0
0 0 1 0 0 0 0
0 0 0 1 0 0 0
0 0 0 0 1 0 0
0 0 0 0 0 1 0
0 0 1 0 0 0 0
1 0 0 0 0 0 0
0 0 0 1 0 0 0
0 0 0 0 1 0 0
0 0 0 0 0 0 1
0 0 0 1 0 0 0
0 0 0 0 0 1 0
0 0 0 0 0 1 0
0 0 0 0 1 0 0
0 0 0 0 1 0 0

Capacidades:
51 31 33 36 57 33 42
22 30 25 34 24 20 22
52 34 25 44 22 23 54
34 54 31 40 48 0 59
51 26 51 44 22 42 43
