m: 1000
n: 10
p: 8

Distancias:
7.75 6.56 5.81 8.59 1.21 8.24 9.71 4.09 4.65 5.91
1.80 7.69 2.57 6.51 3.25 4.76 2.78 6.22 5.14 9.57
7.17 2.88 7.68 9.17 1.52 9.99 7.42 6.02 9.72 6.56
4.12 6.91 1.06 9.41 9.35 5.17 2.52 6.85 8.20 4.58
8.12 9.22 7.46 8.29 1.03 8.02 7.78 4.34 5.71 9.76
2.92 1.38 3.19 4.00 1.56 6.33 2.97 4.06 1.49 1.85
5.77 2.71 3.42 8.51 6.00 6.80 5.28 8.73 3.25 3.39
1.96 7.47 5.13 6.12 5.18 1.18 5.64 1.29 2.64 1.84
1.01 7.85 5.30 4.22 2.89 7.45 9.18 3.31 7.96 4.31
3.49 5.52 1.81 2.44 5.02 7.53 2.44 1.26 9.90 7.39
5.72 2.39 7.28 2.35 4.29 8.89 6.98 5.00 4.24 4.59
6.19 1.53 2.90 6.29 1.08 5.89 9.02 8.04 2.92 4.22
1.39 9.70 6.34 5.56 1.93 8.79 4.90 3.27 4.16 5.97
7.48 7.68 4.51 1.83 6.19 2.14 1.20 9.47 3.51 2.27
9.56 1.73 2.61 7.09 5.72 4.59 8.88 4.15 2.37 2.00
8.84 3.30 2.23 1.85 1.23 6.23 1.98 9.60 3.34 4.69
7.65 6.47 5.16 5.39 2.04 7.34 1.49 2.63 4.29 5.91
9.16 7.53 5.82 6.41 1.56 7.10 4.98 6.23 8.20 1.41
1.21 8.01 2.12 2.50 1.29 9.41 8.72 3.43 4.43 4.11
7.89 9.00 2.62 1.86 1.03 8.52 2.34 8.19 9.65 6.97
3.54 4.96 9.76 7.11 6.44 2.29 7.87 6.80 5.52 8.91
6.35 1.76 7.87 3.37 6.09 5.59 5.50 2.44 2.32 3.04
9.36 6.28 5.78 4.72 8.10 5.11 9.08 2.65 7.26 4.34
6.72 3.19 8.57 6.21 7.22 3.30 7.39 1.68 6.08 1.17
5.80 7.93 5.02 6.20 4.94 1.02 5.06 9.05 8.64 1.52
9.03 3.97 6.71 9.36 8.96 8.53 2.69 6.82 2.50 4.47
1.67 9.33 3.23 1.30 9.38 8.12 7.08 5.08 9.13 6.11
7.40 8.22 7.93 1.12 9.75 1.47 3.92 5.79 3.63 9.63
2.43 8.51 8.15 6.03 1.90 5.31 2.08 9.69 9.72 6.24
8.40 2.98 8.42 5.92 4.79 1.03 8.09 3.43 6.24 1.33
7.44 3.30 1.85 6.46 4.13 4.75 6.21 5.06 6.55 6.23
9.64 6.11 9.96 7.85 7.03 5.16 9.48 6.85 4.81 7.29
5.90 2.01 7.82 6.06 8.51 7.17 2.34 1.40 5.10 4.65
4.60 2.58 9.01 7.95 1.86 4.64 3.50 3.58 1.84 6.52
4.83 9.74 5.10 5.13 1.21 1.55 3.90 8.03 8.68 5.25
2.47 8.13 3.51 3.86 5.44 3.75 5.46 9.11 3.58 5.20
7.65 9.98 8.32 4.42 6.96 7.00 5.75 6.23 7.18 5.26
5.60 9.00 1.68 7.42 1.46 5.24 7.64 5.64 2.87 2.65
8.91 5.16 2.70 6.90 1.73 4.21 9.29 3.35 4.53 4.26
9.55 7.77 9.49 5.46 2.18 9.78 6.56 3.26 1.55 8.96
4.08 1.86 2.34 1.04 4.59 6.85 5.47 1.47 6.74 8.74
6.48 9.53 3.18 3.27 5.64 1.56 7.73 5.55 6.81 7.36
3.18 2.43 3.11 9.18 1.61 2.95 4.64 4.60 5.99 6.10
1.78 8.48 8.29 1.55 5.24 2.60 4.96 8.15 4.98 3.65
5.56 7.26 9.08 1.15 6.26 8.47 1.78 2.12 4.60 2.74
9.02 9.49 8.63 2.15 1.64 4.76 9.80 1.05 2.67 2.22
6.17 9.18 9.68 2.33 6.10 9.39 2.75 5.23 4.90 5.66
3.90 1.78 9.73 7.68 7.77 9.79 4.33 2.42 3.45 7.78
7.44 3.50 2.38 9.25 9.36 9.32 8.97 5.33 4.44 4.16
6.10 4.99 2.00 4.51 8.31 7.64 8.48 4.21 1.33 3.96
7.44 5.69 9.00 4.87 1.94 9.36 6.52 6.74 7.43 8.17
7.04 3.16 2.53 3.56 3.43 6.33 3.28 5.22 2.92 6.26
9.98 7.09 6.32 4.69 3.15 6.59 8.58 6.46 9.38 7.59
2.86 4.34 1.47 2.86 7.22 7.88 8.29 1.23 6.91 5.51
2.46 2.76 8.37 6.42 4.79 4.96 9.50 5.30 7.61 8.94
4.90 9.02 2.45 9.66 8.68 2.17 7.70 5.13 2.76 1.23
7.06 8.36 2.65 6.01 3.02 1.98 2.17 7.22 5.60 9.95
4.60 2.26 3.93 4.70 6.70 1.67 6.83 8.80 8.68 8.05
4.11 7.28 8.35 5.09 8.87 3.68 5.13 3.54 9.74 6.89
2.38 4.31 4.85 4.80 3.23 1.48 8.17 1.50 3.67 8.73
8.56 5.33 4.63 1.41 2.33 7.20 1.93 1.14 5.11 7.52
8.98 6.77 3.18 5.06 5.23 5.94 8.53 3.73 2.34 7.09
6.73 2.81 3.20 9.04 8.26 4.13 5.33 3.30 1.68 1.02
2.07 2.04 8.49 5.61 1.91 1.78 8.30 9.73 4.23 7.00
7.60 5.15 7.27 4.85 5.99 1.57 9.60 6.71 9.51 8.48
3.61 1.57 8.77 4.59 5.16 3.87 2.63 3.88 4.74 8.17
9.22 1.18 8.14 5.37 2.38 5.29 5.68 3.47 2.09 1.42
4.66 9.00 5.48 6.15 2.22 1.99 2.08 2.30 1.48 8.82
8.99 5.48 1.04 1.49 9.63 2.97 9.53 5.68 6.21 7.17
8.10 5.18 7.57 7.14 3.38 1.91 6.78 8.55 7.88 7.58
9.81 3.26 3.50 6.13 5.71 6.54 8.88 7.00 6.14 8.79
8.14 9.93 5.18 7.51 3.42 5.63 9.78 5.08 8.61 4.10
4.11 5.19 8.18 8.22 4.57 7.61 8.57 4.89 1.90 4.28
8.65 4.60 1.23 3.57 6.40 9.88 9.89 6.15 8.65 1.52
9.60 6.13 2.69 6.29 1.69 2.03 2.29 3.29 5.86 1.24
9.92 1.60 1.04 2.97 4.25 8.89 1.48 1.13 3.95 5.59
4.54 7.79 3.83 9.10 4.57 9.85 5.93 7.27 4.16 4.30
6.45 2.82 1.63 6.39 5.67 9.92 2.45 1.58 1.65 2.97
9.37 2.17 6.54 8.06 8.66 4.63 1.38 2.02 3.70 2.69
7.89 2.55 5.15 5.64 8.68 6.95 1.78 6.54 7.47 5.31
2.41 6.59 9.08 6.83 1.76 8.51 9.52 1.87 4.86 5.75
5.70 6.46 6.12 2.17 1.06 3.55 9.03 7.80 4.77 9.78
3.80 8.14 9.66 3.29 2.05 2.52 5.26 4.50 4.14 3.01
5.15 2.38 8.28 3.17 6.36 2.59 2.74 3.91 8.78 4.87
5.07 1.70 3.11 9.29 2.65 3.27 4.26 8.41 9.27 3.67
3.60 2.13 6.76 7.89 6.33 3.97 7.60 7.63 1.80 6.14
4.67 7.69 5.50 9.08 9.24 4.22 7.79 3.33 2.17 9.31
3.83 5.00 1.30 7.69 2.60 2.54 9.88 3.37 9.78 9.43
1.15 6.17 1.71 2.64 7.40 9.90 3.23 7.81 6.87 6.78
2.11 8.88 6.34 3.64 9.04 5.82 5.84 5.60 6.08 7.01
2.42 3.63 6.37 5.45 5.24 3.72 3.09 2.18 7.08 1.14
2.87 7.88 7.03 9.26 5.91 2.13 3.26 5.56 3.52 7.36
4.78 2.14 4.13 5.96 7.51 9.74 5.17 2.37 7.08 5.14
9.73 7.36 2.30 6.38 9.54 3.52 8.26 1.28 9.74 1.99
8.24 8.94 4.96 6.11 7.02 4.65 2.42 3.51 9.39 4.22
2.09 3.02 9.42 7.11 4.08 6.09 5.73 9.22 6.54 8.60
3.07 3.81 9.57 2.64 2.30 5.72 6.92 4.10 4.03 2.65
1.84 9.92 3.12 1.10 3.44 5.42 5.86 2.15 5.82 8.42
7.33 1.14 4.49 2.15 9.09 7.30 2.48 5.17 5.99 4.97
1.47 1.01 3.53 1.10 3.13 9.52 4.69 7.48 9.17 6.30
8.37 5.19 6.63 1.18 1.46 1.10 6.18 1.80 7.91 7.65
7.41 5.77 9.98 4.82 2.96 2.33 3.85 2.99 1.08 3.27
5.28 5.65 7.94 3.10 5.74 2.98 9.18 4.21 3.70 1.93
8.37 4.13 7.44 7.44 1.45 1.89 8.43 9.24 8.43 8.98
8.28 9.93 3.82 3.51 7.81 5.40 6.09 2.37 7.02 8.57
6.09 8.43 4.91 5.41 8.11 3.22 4.31 2.38 5.79 6.43
5.44 6.69 9.55 5.97 3.62 2.78 3.46 5.70 2.03 5.65
7.48 4.13 3.34 3.98 5.60 8.93 1.85 7.61 9.90 2.08
2.32 6.85 2.39 4.06 4.84 6.01 8.32 7.31 5.13 6.38
9.61 4.24 6.31 9.94 8.89 3.72 8.37 3.35 1.39 7.87
5.16 2.42 5.36 5.27 4.04 7.02 7.49 7.72 2.78 2.51
2.37 4.33 5.97 6.96 7.61 4.14 7.56 8.23 2.13 8.98
9.30 5.53 3.92 4.00 5.45 7.36 8.23 4.55 3.10 5.34
7.53 3.95 4.18 5.72 6.87 6.91 1.48 8.47 7.94 6.45
3.63 6.74 1.82 6.40 3.25 7.21 8.41 9.65 4.20 9.62
5.38 1.33 9.34 5.41 3.11 5.72 3.21 2.18 3.67 5.18
1.67 4.21 5.59 5.49 4.55 7.88 4.62 9.12 1.10 5.23
2.84 5.97 8.81 6.27 8.32 9.29 1.20 5.80 5.00 6.14
2.33 3.93 1.24 7.06 3.41 5.88 3.79 7.96 6.33 1.75
6.16 4.80 8.22 9.65 2.36 6.75 1.10 2.53 6.87 9.38
5.15 4.58 6.77 9.13 3.98 1.73 2.34 2.25 5.79 3.48
9.05 7.80 3.55 7.32 7.97 1.23 8.78 1.51 4.50 1.27
6.85 9.16 3.77 9.98 1.57 3.26 9.45 3.89 8.39 4.32
6.24 8.94 1.84 3.40 4.39 1.71 5.60 7.87 8.15 9.59
6.31 9.60 9.16 5.07 8.56 5.35 6.52 4.62 5.17 1.83
6.67 4.53 8.58 3.46 9.20 2.55 9.42 2.81 1.27 7.57
4.87 8.27 4.64 4.41 6.43 1.46 8.18 5.11 5.79 5.83
7.37 2.20 1.58 1.90 4.20 7.23 5.15 7.86 2.72 9.61
8.83 4.13 6.27 10.00 5.76 6.49 4.76 1.64 1.10 7.41
5.25 4.47 2.48 1.76 3.37 1.24 1.12 8.92 5.87 3.36
6.57 7.91 5.40 8.09 8.06 1.01 3.46 4.01 2.55 2.48
2.78 7.85 1.01 3.14 2.57 2.65 4.37 8.88 1.59 1.15
7.59 5.17 1.23 7.08 1.61 7.81 4.07 6.97 7.00 4.56
8.24 9.80 7.93 1.01 3.95 5.69 3.47 6.84 3.10 1.42
5.40 3.11 3.14 8.46 5.46 9.15 6.65 2.02 7.93 7.95
3.40 5.63 7.91 1.01 1.07 4.04 6.40 2.97 6.99 8.17
1.50 7.19 6.82 4.22 7.39 4.66 4.36 7.13 7.33 3.69
9.95 4.18 1.84 8.39 7.89 4.22 6.67 8.38 3.90 4.41
2.72 4.63 8.41 2.18 2.04 7.75 4.97 7.94 8.73 4.88
4.75 8.61 6.70 7.36 9.11 2.33 6.94 6.62 9.71 6.25
3.94 7.15 3.42 1.79 8.20 3.84 5.78 8.59 7.81 1.21
5.48 7.26 3.46 8.95 4.08 5.53 6.57 9.57 1.44 1.83
3.20 8.95 9.83 4.97 2.50 4.98 4.50 9.61 3.32 7.37
6.19 9.07 3.00 3.63 2.31 1.53 4.18 5.71 8.07 9.43
3.48 6.32 8.83 7.38 2.38 6.00 7.45 1.89 2.65 4.53
6.84 3.92 9.99 2.38 6.99 1.88 4.43 1.36 5.50 9.40
6.33 1.15 2.77 9.45 6.13 8.99 6.98 6.97 2.13 8.95
1.21 4.16 1.91 4.66 1.53 1.22 6.52 6.43 5.38 7.23
9.23 4.66 4.54 4.15 4.33 7.34 3.42 7.92 4.89 3.71
3.82 4.53 1.16 2.26 3.46 8.73 8.29 4.69 9.40 7.81
6.98 7.48 4.87 8.58 3.94 7.04 6.47 7.37 5.14 2.85
7.31 3.50 2.77 7.89 7.24 8.62 5.14 1.80 7.31 7.60
8.50 7.58 2.73 9.57 5.59 1.70 1.26 1.07 6.68 5.38
7.17 3.15 3.18 7.81 2.45 6.66 7.77 3.00 6.43 7.10
3.03 6.47 5.32 6.59 3.31 8.81 1.87 8.80 6.98 1.40
9.67 3.56 2.56 4.27 9.14 2.27 5.35 4.97 9.66 5.62
5.71 6.14 2.41 3.38 3.61 9.78 7.33 6.08 8.63 8.43
7.79 9.37 8.81 5.67 8.40 7.88 2.15 2.94 4.11 8.36
3.91 3.56 6.29 4.23 4.43 9.51 8.72 8.98 9.14 9.21
5.65 3.38 8.61 9.29 8.79 8.67 2.53 7.43 1.51 8.93
4.44 1.41 1.78 1.79 1.25 1.93 4.91 9.26 8.90 4.52
6.79 9.84 8.51 2.94 5.47 5.13 9.66 2.82 4.81 4.56
7.06 3.18 1.88 5.27 2.59 9.84 9.33 7.88 3.20 5.90
3.28 9.57 7.54 7.91 4.99 2.36 9.40 6.31 1.08 2.93
7.80 4.93 1.45 1.28 6.58 9.55 2.82 6.67 2.33 7.21
2.12 4.21 2.21 4.64 5.55 8.39 2.23 2.10 6.15 3.60
3.64 1.02 2.27 7.30 3.03 8.72 1.91 3.05 4.25 1.56
4.28 1.19 2.55 6.27 8.25 9.66 2.16 8.27 7.72 3.16
1.10 4.83 9.34 4.88 1.76 1.06 6.96 5.87 2.04 2.53
8.34 1.35 2.39 2.61 1.95 5.01 1.89 3.80 9.22 1.58
8.70 4.12 3.60 4.13 8.53 7.69 6.01 2.01 5.67 8.27
3.72 2.43 4.08 9.77 7.39 7.62 4.62 8.41 4.74 5.68
9.67 3.55 5.23 9.18 9.55 4.12 3.89 2.13 3.55 3.35
2.47 3.05 4.12 1.97 9.30 1.70 9.31 1.32 1.76 3.62
9.46 8.13 9.54 5.29 9.21 2.87 8.52 9.88 8.72 2.38
9.42 3.58 6.87 9.39 4.89 1.48 3.20 6.85 2.63 3.77
3.93 6.21 3.33 1.14 4.19 5.36 7.36 4.49 6.12 5.21
2.00 3.15 9.26 3.68 4.08 5.18 2.92 2.75 2.00 1.75
2.92 2.37 2.06 9.76 7.70 8.06 1.98 8.38 9.96 8.08
1.56 5.59 6.31 5.92 3.39 8.73 2.69 2.71 5.63 9.14
8.20 4.13 2.06 3.59 9.76 7.43 6.69 9.19 3.21 1.50
9.36 10.00 3.62 5.51 6.65 3.83 9.86 8.79 9.41 8.09
5.14 2.49 2.79 7.09 2.74 5.17 4.01 6.53 6.68 5.77
5.11 6.06 8.67 5.36 8.16 1.07 2.02 8.33 7.81 5.00
2.77 2.55 6.00 5.89 3.47 5.03 8.64 2.42 6.64 1.57
6.47 8.39 1.02 3.99 4.25 4.85 7.19 4.57 5.21 1.17
1.25 6.88 9.96 3.44 6.38 5.01 2.89 1.49 8.32 7.09
5.58 1.32 3.45 9.90 4.08 5.65 9.26 7.89 1.66 1.80
1.88 9.91 3.47 1.65 5.50 9.89 9.67 8.92 4.56 4.51
5.19 2.16 5.10 1.90 5.60 4.78 3.89 9.55 9.36 9.24
3.75 7.79 1.98 3.93 8.39 4.09 6.28 4.63 5.91 7.14
5.73 1.95 7.94 4.50 4.07 4.13 2.48 6.18 6.37 5.08
1.97 1.88 1.33 2.17 3.32 6.14 9.04 7.75 1.84 6.52
1.20 5.07 9.13 4.29 7.48 9.13 3.51 2.41 4.58 4.64
1.79 1.03 6.72 4.31 6.75 9.65 6.20 1.22 8.68 3.05
2.07 2.65 8.17 2.97 1.25 9.62 7.66 1.65 9.14 9.07
2.22 9.09 8.47 4.67 1.71 8.40 4.41 8.82 4.90 3.27
6.65 9.22 8.00 2.85 5.49 8.77 5.52 2.37 8.45 8.01
3.04 5.52 2.81 7.60 2.19 1.03 7.62 7.08 1.74 2.44
7.85 9.72 7.69 4.44 6.09 7.33 6.13 1.88 2.73 4.21
9.15 2.66 7.26 5.51 9.18 3.57 1.26 1.29 4.72 2.17
8.96 6.45 2.94 7.16 3.62 4.81 1.82 4.91 4.53 9.02
5.80 7.93 5.60 7.56 9.67 8.81 8.25 4.20 1.13 6.80
5.92 3.91 7.23 9.41 7.67 7.07 2.72 9.03 7.24 8.32
7.78 8.62 2.17 2.60 1.39 5.15 1.07 6.92 9.07 2.22
2.55 2.29 3.03 5.05 8.97 4.08 7.01 6.60 3.34 3.60
2.54 5.46 1.48 4.24 4.46 9.55 2.41 2.67 7.28 1.81
3.74 8.50 2.89 7.19 3.75 5.41 2.05 9.30 5.60 3.59
7.89 3.95 1.32 4.94 7.59 2.23 1.46 8.31 7.05 7.05
4.37 6.36 9.73 7.90 3.28 6.72 9.99 4.64 5.53 9.65
4.70 9.44 7.16 7.74 8.45 2.92 4.75 4.52 6.44 9.47
4.06 8.18 5.72 8.04 2.17 2.02 9.48 9.17 2.55 4.40
7.62 2.09 6.73 2.53 6.89 6.79 5.60 5.26 5.34 5.50
9.64 5.46 6.96 1.17 1.04 5.30 5.58 5.21 6.61 4.97
8.97 4.89 6.65 7.89 2.72 3.50 6.82 8.02 8.66 9.70
8.42 4.18 9.34 9.61 1.86 2.78 8.36 7.42 5.47 4.60
3.52 7.14 8.20 9.49 1.01 2.83 4.27 7.30 7.97 1.30
3.32 6.78 3.70 8.06 1.86 7.77 6.64 1.18 1.24 4.30
5.64 6.33 2.11 6.43 5.97 5.50 2.21 8.54 5.45 2.79
3.84 3.11 9.93 1.96 6.21 8.73 2.68 8.11 5.37 5.11
7.71 9.30 5.67 2.13 6.10 8.07 9.13 7.15 5.92 3.44
3.76 7.69 4.27 1.88 7.27 4.83 4.12 5.52 5.55 5.66
4.63 1.20 9.89 9.98 3.10 9.47 4.67 7.38 4.07 8.76
5.35 2.19 2.74 9.93 6.03 5.00 4.03 2.72 1.37 5.31
9.50 4.49 6.90 3.20 6.09 3.03 2.08 4.09 8.03 1.90
7.51 4.79 3.89 2.19 7.49 9.91 9.60 1.32 7.57 6.44
7.38 4.37 1.18 3.23 6.92 3.58 9.16 8.82 9.23 2.08
2.53 5.17 1.56 3.97 7.79 2.15 7.31 7.78 5.76 8.61
5.39 9.60 4.71 7.77 3.15 1.89 1.29 5.73 4.27 5.75
7.98 6.12 8.29 8.79 7.26 9.71 7.88 6.22 1.53 3.95
4.91 1.77 5.36 4.12 8.49 2.43 1.37 6.46 6.25 3.70
2.38 1.54 9.14 2.45 4.65 6.51 7.42 5.11 4.82 6.50
4.78 7.63 3.25 2.04 3.44 8.24 1.25 3.57 3.63 3.01
9.02 1.48 1.34 2.83 5.33 8.52 3.38 3.97 1.19 6.79
4.12 6.64 4.43 5.66 6.77 5.39 4.44 3.18 5.12 5.26
4.59 4.92 7.56 3.48 8.76 4.52 8.70 2.80 3.55 2.74
2.40 4.58 9.52 8.74 2.09 1.91 2.72 5.29 8.16 1.32
7.22 3.31 7.90 7.95 2.60 3.01 8.33 6.38 3.88 3.07
7.05 6.86 4.21 6.58 3.27 6.72 7.83 8.76 2.73 8.14
1.98 9.08 2.76 5.34 1.01 3.35 4.29 3.89 3.15 3.34
1.49 1.70 9.88 2.80 1.92 6.40 5.31 6.80 5.12 7.27
2.51 4.66 6.43 6.28 1.42 8.52 4.45 2.24 8.52 6.26
6.37 1.96 3.17 6.81 7.39 2.66 8.65 7.54 5.98 2.75
3.48 7.54 6.55 1.50 1.24 8.35 4.10 2.21 4.91 3.93
7.99 3.60 1.39 5.47 4.71 9.34 6.71 4.01 8.83 6.70
3.31 3.21 5.06 2.00 3.22 3.27 6.22 1.08 5.75 8.39
5.42 5.96 7.00 8.78 5.61 7.72 7.88 1.83 2.62 8.47
5.49 9.78 2.06 4.57 9.26 1.29 9.48 7.57 3.91 7.68
7.81 8.16 3.91 9.91 6.54 2.46 5.76 9.45 4.64 8.98
1.90 7.45 6.85 1.84 6.57 9.90 1.89 1.82 5.41 5.92
4.59 8.20 3.44 9.40 2.38 5.00 5.30 5.92 8.27 8.51
1.86 4.24 7.65 4.88 6.00 4.59 4.40 7.82 8.07 3.90
2.10 9.85 4.78 8.96 9.61 9.58 3.80 2.12 4.29 3.86
6.06 2.60 7.78 5.55 8.67 1.08 5.40 6.83 1.16 8.51
1.08 5.73 6.24 6.41 4.45 9.17 7.02 4.67 2.68 3.78
7.27 5.11 4.69 8.04 5.71 4.06 7.24 4.02 1.25 4.65
1.52 4.32 5.81 4.87 7.52 2.31 4.22 4.49 8.04 7.58
4.03 7.61 4.83 7.41 5.13 6.70 3.12 3.70 9.34 5.59
9.71 8.67 8.93 3.24 8.61 9.37 3.05 8.13 5.39 4.08
4.97 6.94 2.21 8.91 5.71 2.51 2.98 1.61 9.91 4.27
3.20 1.60 9.06 2.80 4.28 4.13 1.87 9.65 1.19 7.30
3.87 5.52 8.45 7.52 3.12 9.64 5.85 1.21 4.89 9.69
7.72 9.37 2.73 4.56 6.22 9.61 2.29 4.58 1.92 4.28
9.88 4.75 6.98 2.92 4.97 8.01 7.21 7.54 8.11 9.31
8.74 6.95 1.51 7.19 5.10 4.00 8.29 7.97 6.41 5.80
3.86 7.85 8.17 9.40 8.89 7.78 4.31 7.49 4.44 9.91
1.63 9.68 3.87 8.58 4.77 8.82 2.85 5.22 6.14 4.17
7.92 3.66 8.93 6.25 8.54 7.63 7.71 1.85 5.99 6.33
3.76 7.78 7.99 9.10 1.38 3.07 1.33 3.24 9.27 2.45
5.62 6.74 1.26 9.30 8.16 5.50 6.64 4.04 1.76 5.87
9.90 2.56 5.17 2.53 2.64 6.75 7.48 8.32 4.70 1.97
8.34 6.53 2.40 2.64 9.84 2.22 5.11 9.78 7.37 7.42
8.34 3.30 8.58 6.97 3.16 8.81 3.67 1.93 6.35 4.93
9.27 9.56 4.81 5.91 6.67 4.16 3.34 7.75 7.34 4.30
2.46 6.90 6.34 9.13 2.81 8.78 9.94 6.00 6.33 7.00
4.75 4.92 7.79 9.00 5.21 6.99 3.72 7.59 5.37 7.55
9.49 9.63 1.53 3.19 6.61 3.08 8.10 4.71 9.84 5.46
2.08 5.14 6.15 2.01 7.31 4.85 6.49 5.00 5.17 1.26
7.15 7.24 1.54 2.28 9.63 2.07 3.72 9.23 2.21 2.08
5.73 5.30 1.47 6.32 1.93 9.75 1.81 8.85 8.88 1.80
6.56 5.86 1.37 1.98 1.27 1.43 2.48 1.07 4.16 8.09
8.51 8.56 8.99 5.40 9.34 3.32 8.20 6.35 9.23 3.15
4.36 4.60 9.27 3.51 5.80 9.48 2.73 4.53 1.15 4.68
8.49 3.70 3.73 3.30 5.79 1.05 7.53 6.25 6.07 5.80
3.94 7.55 9.78 6.41 6.15 6.95 6.80 4.56 9.83 2.85
9.37 8.71 5.64 6.81 7.56 6.74 7.21 2.25 4.79 6.20
1.90 9.26 9.98 8.62 1.70 8.13 4.52 5.78 7.13 3.15
3.51 6.38 7.68 3.67 3.42 6.04 3.71 9.71 9.73 6.16
8.76 5.77 7.05 8.98 6.59 4.63 3.93 2.30 7.57 8.02
4.67 4.25 3.47 1.22 4.07 7.32 9.19 1.65 3.46 7.84
3.96 3.91 7.51 5.39 4.43 3.48 4.76 2.51 1.82 1.52
3.05 7.74 8.90 3.69 1.38 8.01 8.41 4.72 6.03 6.76
9.99 5.46 5.15 7.88 4.57 8.10 7.26 4.86 9.58 1.26
1.89 6.68 6.63 6.24 6.76 2.53 6.88 6.97 9.03 4.81
4.39 4.49 9.66 9.45 5.31 8.94 6.28 3.63 7.68 9.87
4.45 2.54 8.76 5.20 5.80 3.91 8.02 9.46 6.60 7.40
6.14 5.21 3.91 4.20 1.30 4.67 7.67 7.00 7.46 4.34
5.06 9.42 1.28 9.85 8.41 7.97 1.17 6.57 5.68 7.47
5.01 4.56 1.80 2.17 5.94 5.38 8.72 7.99 8.99 7.27
1.98 4.87 2.81 7.67 5.69 2.17 1.51 4.87 5.20 6.91
8.38 9.67 3.61 4.90 3.06 7.48 7.89 2.59 3.68 9.63
1.20 4.76 7.90 1.22 8.14 1.39 9.32 8.30 1.01 6.35
7.93 4.35 8.86 2.35 5.31 1.84 9.87 6.93 2.26 1.75
5.59 7.09 9.56 1.36 1.94 5.18 3.62 7.28 5.66 3.46
1.89 8.39 8.13 9.29 5.17 4.63 6.03 3.25 2.52 2.90
4.33 4.59 4.76 3.27 9.39 4.35 3.69 6.77 4.45 6.81
6.33 3.07 9.10 6.17 8.04 7.10 9.63 7.45 7.61 4.42
8.08 9.38 4.70 1.88 2.82 1.75 3.36 8.25 6.48 2.18
7.71 5.65 9.92 6.44 5.78 5.70 5.91 5.60 1.25 9.96
3.63 5.13 8.97 1.82 5.08 7.57 3.37 5.71 5.49 1.63
7.11 3.62 2.42 4.70 6.20 5.57 7.49 1.49 5.23 3.39
3.61 6.68 5.82 5.28 4.56 3.55 9.29 9.52 3.65 1.92
5.44 9.73 8.48 5.74 1.23 3.25 3.64 3.48 4.23 8.22
5.70 2.11 7.19 4.03 7.66 6.98 1.24 7.36 8.69 8.41
6.04 5.15 8.50 8.81 5.23 5.99 2.25 5.97 2.57 5.90
8.96 3.41 1.64 1.24 1.67 4.75 6.45 4.53 2.91 8.56
6.54 7.81 7.38 1.73 2.52 7.07 1.17 7.91 9.77 1.24
4.74 4.46 7.49 9.54 6.70 1.65 8.65 8.46 3.30 6.25
5.30 9.13 7.64 6.94 8.38 6.26 9.72 5.89 8.47 5.92
7.69 4.71 2.44 5.20 1.40 3.45 5.42 4.31 1.59 2.44
6.66 4.64 2.51 5.19 1.76 8.19 8.85 1.38 1.78 7.39
7.20 5.54 4.82 5.77 7.46 7.61 2.83 2.18 8.73 5.97
8.27 2.22 8.15 8.79 2.33 4.87 3.35 2.48 8.89 1.43
5.33 8.18 9.17 1.24 8.56 8.45 5.48 2.18 6.39 7.19
1.71 4.96 6.53 3.30 2.82 1.29 5.44 3.02 8.62 4.32
5.33 2.31 7.88 8.01 8.29 3.45 8.71 6.72 1.04 7.80
6.14 3.18 7.49 5.07 5.49 8.32 7.41 6.80 6.27 1.62
5.49 2.90 5.92 7.22 3.79 4.30 1.64 4.95 7.67 7.97
8.71 9.41 9.30 5.47 3.12 7.20 3.41 8.27 2.91 8.72
9.46 5.71 5.03 9.30 7.68 8.23 4.28 2.19 9.03 7.02
1.43 7.47 6.47 6.85 9.96 4.36 7.30 9.85 2.43 5.86
4.34 6.66 4.71 4.15 3.96 3.57 1.82 7.55 6.09 3.02
3.59 2.50 4.10 1.83 9.04 3.40 3.18 2.80 2.99 8.10
5.60 9.89 8.93 3.26 6.24 3.34 6.73 1.08 2.47 4.86
2.56 1.35 8.88 1.77 5.91 9.84 8.85 1.73 3.39 1.50
3.72 4.09 8.65 8.82 6.14 2.27 3.85 7.40 6.25 2.27
1.07 2.25 8.95 7.75 5.87 3.10 9.38 2.12 8.05 5.84
6.60 4.89 4.05 6.80 2.57 2.92 3.27 2.95 1.20 2.01
6.31 1.40 1.25 2.57 8.41 4.89 7.78 1.17 6.68 9.97
9.57 1.58 8.07 2.06 4.78 4.04 4.40 6.96 1.83 1.38
5.27 1.25 4.31 6.86 2.15 9.08 4.04 7.31 3.69 7.99
4.28 6.47 1.49 6.96 4.91 9.72 5.61 8.63 3.39 6.39
2.92 2.45 8.40 9.95 7.59 3.59 1.31 9.08 4.55 5.17
3.30 2.64 6.49 8.11 7.93 5.15 3.58 7.05 6.75 6.48
9.12 1.79 6.80 9.59 8.87 8.32 3.44 5.15 1.34 8.45
5.33 9.82 6.22 4.27 8.83 5.98 7.53 7.80 8.07 4.41
2.45 5.01 7.15 1.30 9.90 9.82 2.74 1.27 9.91 7.98
8.86 7.23 2.98 1.74 9.02 8.92 4.73 3.30 2.71 3.50
5.31 4.42 8.49 9.93 7.81 2.24 8.27 3.15 2.21 1.66
8.23 3.48 9.87 9.48 6.37 1.29 3.25 8.72 2.86 5.92
8.60 2.44 5.82 9.90 4.53 2.47 8.64 6.99 5.16 2.85
3.60 3.97 7.15 7.02 7.82 6.46 6.67 8.90 4.98 4.43
8.64 7.98 3.71 7.88 7.38 1.81 8.04 7.76 9.10 9.07
8.96 5.26 7.66 8.54 1.67 4.78 3.06 9.93 8.14 2.58
9.47 6.86 5.30 4.12 3.65 6.44 1.05 8.52 4.42 4.51
2.14 1.64 3.26 9.46 6.77 7.35 3.79 2.51 4.60 7.94
2.74 6.99 2.15 2.92 5.08 5.52 3.99 7.23 8.59 5.70
3.71 4.46 4.48 5.77 8.57 6.67 6.42 1.90 1.63 9.39
4.82 3.47 4.17 1.31 2.48 6.52 6.80 3.77 9.22 5.35
4.06 2.83 1.31 9.29 2.91 3.20 9.56 8.91 6.77 4.17
1.38 6.57 1.12 2.42 9.26 8.43 7.00 7.16 6.03 2.01
1.59 7.08 7.13 3.23 4.31 4.43 8.00 2.66 6.48 9.99
8.06 4.64 4.17 7.96 9.40 7.16 8.80 8.42 4.59 2.94
2.39 1.67 6.15 1.56 6.28 4.14 7.97 7.83 4.65 8.09
7.81 1.54 2.83 6.22 3.08 6.10 7.08 6.86 9.71 4.38
2.75 7.69 7.16 1.22 5.44 9.21 4.99 1.06 3.33 1.84
3.51 5.10 8.86 5.64 6.92 2.94 2.78 8.34 2.94 4.39
1.61 2.08 8.75 6.90 8.63 8.84 4.43 8.33 2.24 7.57
1.02 1.62 7.51 3.51 6.98 4.38 6.94 9.80 7.10 4.59
5.50 3.79 1.15 6.18 7.74 6.24 8.12 6.04 1.88 9.69
7.22 5.15 5.83 6.15 2.50 7.04 6.96 7.90 4.23 9.45
5.59 6.38 7.99 5.85 4.72 5.39 6.88 8.38 7.33 2.09
8.12 7.21 9.06 2.14 2.35 5.52 9.64 9.16 4.93 7.43
9.59 6.09 6.28 3.45 2.63 9.00 4.76 9.58 5.95 1.97
3.18 1.11 2.02 6.79 6.70 5.82 1.62 7.39 8.03 2.37
7.98 4.14 7.47 3.37 9.48 1.60 5.80 5.39 8.30 7.67
8.51 7.65 8.82 8.89 2.59 5.54 9.31 8.88 4.91 3.17
8.03 9.03 2.53 6.44 9.74 7.45 3.01 6.46 2.67 1.93
5.72 2.58 4.28 5.55 4.40 7.56 9.75 2.24 8.41 1.82
5.44 6.75 2.49 4.07 9.96 5.57 9.78 4.03 5.62 2.02
3.14 9.49 3.25 8.69 2.11 1.48 6.35 8.08 6.88 9.13
2.13 3.54 5.30 8.81 5.35 1.43 6.87 4.93 2.76 5.69
7.12 3.48 8.51 1.43 1.44 1.38 3.23 3.46 1.66 6.54
1.51 6.98 1.37 8.08 6.26 9.86 5.68 9.86 4.20 6.58
6.58 4.15 2.78 6.59 8.42 3.74 9.12 5.73 2.08 5.80
5.43 4.13 9.25 7.27 8.22 5.83 7.63 4.82 1.29 3.63
5.89 6.29 2.36 8.32 3.74 6.07 2.25 7.32 1.32 2.75
2.19 9.71 9.82 2.05 7.39 6.29 7.13 1.43 1.17 9.75
9.47 5.67 9.07 8.92 9.37 6.70 5.93 7.07 5.15 5.95
1.79 3.76 6.61 4.96 9.42 4.37 3.94 4.80 2.80 6.77
1.14 2.19 4.76 6.04 6.22 3.58 6.59 5.09 4.32 2.52
8.31 3.61 4.72 3.24 5.06 4.61 8.64 7.26 4.13 5.22
6.46 7.05 9.76 4.70 5.78 5.11 6.76 1.25 1.94 7.28
3.52 6.01 4.96 7.99 3.89 4.31 5.92 7.16 9.53 9.04
4.38 7.44 7.12 7.56 3.87 9.87 4.66 6.83 1.13 5.90
4.21 6.10 2.38 3.37 2.43 1.65 1.41 2.17 5.69 7.76
1.06 2.93 6.47 2.69 7.60 6.47 6.86 2.41 8.13 8.48
8.43 1.16 4.82 8.55 3.53 8.03 1.74 2.32 9.85 7.98
2.74 5.49 2.37 8.43 4.40 9.59 7.50 2.72 5.03 4.35
4.38 2.77 2.35 8.34 4.78 1.69 2.19 8.61 6.18 7.15
5.11 3.03 8.99 6.00 7.49 7.63 6.79 1.48 7.76 4.87
3.10 9.68 1.75 3.43 4.51 6.09 1.14 6.93 2.61 1.56
5.92 6.27 5.26 7.97 2.02 1.85 8.27 8.05 8.90 3.57
4.16 8.94 2.77 5.22 4.46 4.63 1.66 7.17 3.87 5.58
2.85 1.88 3.35 4.30 4.86 1.58 3.95 5.98 3.31 9.90
8.83 2.50 8.07 1.78 6.37 7.48 2.64 1.45 6.42 5.60
2.04 7.38 7.15 1.46 6.71 7.45 4.90 9.09 6.92 8.18
9.25 6.90 5.14 8.44 8.10 1.01 1.72 6.93 4.75 7.28
2.38 6.43 3.60 1.52 4.18 9.97 2.18 7.95 1.41 7.37
3.50 2.79 6.46 7.34 3.80 6.95 7.31 2.07 2.25 4.41
8.74 1.05 3.70 1.32 3.80 2.96 3.33 6.50 5.57 3.95
9.70 4.42 7.08 9.21 9.75 3.24 5.45 5.86 9.38 9.89
8.62 9.41 1.86 2.86 7.57 3.61 5.46 5.07 2.18 1.01
6.00 9.45 6.79 4.24 4.04 7.71 1.14 2.58 3.70 3.21
6.73 3.39 8.04 1.81 1.20 2.81 7.04 6.06 8.15 1.56
9.88 5.88 5.33 1.88 7.11 5.86 5.32 4.49 5.76 8.37
8.61 5.05 7.07 2.86 8.98 8.18 8.40 1.76 8.24 6.83
1.85 4.40 6.61 1.61 6.70 3.98 3.55 7.72 5.64 6.62
8.30 4.58 7.94 9.28 3.10 5.85 5.75 5.17 7.21 7.08
4.98 7.66 3.22 5.72 3.16 7.01 4.21 9.59 1.78 7.16
7.47 3.66 4.71 3.34 1.36 8.74 5.15 7.75 2.98 8.78
7.82 8.05 9.89 3.79 1.68 4.25 1.42 9.38 1.53 6.01
3.67 5.93 3.95 4.88 1.59 6.20 8.93 8.78 3.80 1.43
5.16 4.34 3.53 2.21 3.91 2.66 4.74 2.74 4.48 1.45
6.34 2.49 8.17 4.67 1.90 7.99 1.82 1.85 3.25 2.72
6.36 2.53 1.87 8.89 3.74 7.58 8.33 9.61 5.32 7.44
6.42 6.43 1.14 4.15 2.06 3.59 8.14 8.04 1.75 4.19
4.89 8.73 7.21 8.57 8.46 2.25 3.35 8.11 1.79 5.37
5.17 7.24 3.23 2.93 5.18 5.10 5.14 6.69 8.02 5.62
7.77 8.32 1.40 9.97 5.25 4.32 6.05 2.35 1.83 1.07
1.69 6.80 3.11 7.43 5.63 5.72 7.78 2.65 8.60 5.10
4.69 1.21 1.56 4.11 8.97 6.12 9.01 3.15 3.69 8.73
4.98 8.40 5.93 3.73 8.54 7.87 6.39 6.75 1.93 5.17
1.24 8.79 8.48 8.21 6.13 9.46 3.90 3.84 9.21 1.50
4.35 5.03 4.05 8.07 7.20 7.01 9.11 4.50 7.40 7.91
7.92 6.87 5.13 8.60 9.73 4.68 7.03 3.27 6.68 8.94
3.69 8.60 8.60 3.83 3.66 8.53 1.46 1.50 1.26 6.55
9.10 8.00 3.53 6.13 4.67 8.46 6.67 1.55 9.18 6.49
3.11 6.98 8.09 2.30 2.55 3.47 4.81 2.98 7.41 6.64
5.15 1.92 6.22 9.72 3.53 4.61 4.06 6.30 1.20 7.80
7.94 1.22 9.23 7.81 5.67 4.08 5.91 5.84 7.84 9.22
6.20 2.27 6.33 1.06 1.40 6.64 7.91 7.98 4.43 4.98
2.37 5.03 6.81 3.54 7.64 4.56 2.92 3.78 3.24 1.13
8.64 5.42 2.31 5.60 5.27 9.94 5.18 6.79 8.77 5.62
8.94 1.33 9.13 4.07 4.18 9.76 7.23 6.66 7.25 7.52
8.04 9.58 7.26 6.89 6.09 4.56 6.70 2.94 8.85 8.80
3.31 7.39 5.85 7.60 2.18 8.20 1.60 9.31 5.48 2.21
3.17 4.22 4.28 3.62 9.76 2.87 2.69 6.79 4.04 6.74
1.24 4.14 6.44 2.80 3.97 4.58 4.67 6.47 9.30 7.15
4.63 1.28 5.73 8.90 9.40 7.54 3.57 2.25 6.07 3.49
5.67 8.20 9.98 4.64 3.59 7.81 3.25 6.10 9.26 7.98
3.23 6.15 3.17 9.09 9.87 5.85 4.86 5.28 5.30 1.79
5.59 4.08 7.04 7.51 3.49 1.56 8.49 1.06 8.72 6.82
4.30 1.34 3.84 3.52 3.66 6.13 2.33 1.86 7.64 3.10
9.11 7.04 8.79 5.00 9.97 8.56 5.07 1.38 4.37 8.52
7.65 2.40 4.69 3.08 9.79 6.49 5.63 9.26 4.81 6.26
1.95 7.37 1.23 9.56 9.26 2.49 9.59 1.94 6.64 5.16
6.25 6.97 5.07 3.50 5.49 8.26 7.68 9.35 5.21 3.11
9.21 7.90 6.64 5.12 8.91 9.20 7.36 5.99 6.61 6.76
4.58 1.62 8.43 4.71 2.71 6.57 3.16 8.32 4.19 2.98
1.56 2.45 1.73 5.03 4.90 1.68 6.55 3.34 5.64 4.92
3.14 2.09 2.89 2.44 6.90 10.00 1.06 3.53 3.40 2.25
3.70 4.98 1.34 7.09 4.18 7.63 6.32 5.71 6.34 5.86
1.40 9.77 7.89 9.46 9.17 3.44 1.19 1.71 2.01 3.02
9.30 7.56 3.33 4.34 8.85 5.02 9.78 1.80 2.62 4.09
3.20 8.31 4.18 4.11 2.35 6.13 2.57 3.42 1.29 5.50
8.28 5.92 7.42 6.75 2.34 4.13 5.97 1.72 7.24 8.32
9.63 9.43 4.71 8.35 7.59 7.52 1.33 7.69 9.71 1.88
6.28 8.54 2.87 2.36 8.53 1.71 9.59 6.32 6.22 1.55
9.44 6.19 1.63 5.83 6.24 2.92 1.45 8.49 2.88 4.49
9.98 7.94 5.68 2.66 4.95 2.01 4.45 2.13 4.33 7.33
5.37 9.08 9.45 2.80 1.56 1.83 8.65 1.95 8.34 9.34
7.65 3.72 7.14 8.79 7.79 6.03 8.11 7.81 1.18 7.31
4.38 1.64 4.96 1.58 7.85 5.87 3.37 8.49 9.64 6.60
9.88 4.97 4.16 6.17 3.25 4.64 5.83 4.46 4.13 7.50
6.92 5.57 6.40 6.70 3.04 2.55 1.10 3.31 3.85 9.12
6.87 3.33 3.11 1.58 6.37 2.91 5.29 8.32 7.69 4.96
2.16 8.16 9.95 6.40 2.68 6.28 6.68 8.07 8.11 5.50
7.69 8.10 2.45 7.29 3.66 1.40 3.65 3.23 4.13 4.45
8.65 6.80 4.92 2.41 5.73 8.51 1.92 7.42 5.42 1.21
3.50 3.40 2.47 6.11 7.14 6.60 9.35 6.05 5.40 8.16
8.45 3.90 8.06 2.93 1.35 9.28 9.79 5.90 1.97 2.32
3.81 2.43 6.57 3.10 3.81 4.18 9.96 9.07 8.15 4.02
3.75 8.84 1.71 7.58 1.76 4.86 8.63 9.20 9.09 7.08
4.60 9.18 8.07 7.77 5.58 1.54 5.63 5.79 2.49 7.99
1.96 9.95 4.06 5.59 4.09 4.15 2.92 5.54 9.31 4.86
6.57 6.79 9.88 9.87 4.35 5.34 4.08 6.60 1.03 7.24
5.47 9.84 8.81 4.07 2.63 9.37 5.11 6.17 1.11 9.96
1.01 6.59 1.49 8.44 6.84 4.03 4.26 2.96 5.61 4.46
2.67 2.18 9.50 8.68 6.98 2.39 1.44 3.83 3.48 4.62
9.96 6.36 1.93 1.57 9.82 2.14 6.20 1.73 8.91 3.23
1.34 8.15 2.69 9.09 2.47 7.25 7.82 5.65 3.28 5.93
1.39 3.21 7.85 5.78 1.17 8.88 3.48 9.20 9.92 8.57
4.38 9.16 1.43 3.24 3.94 1.43 9.97 1.81 7.31 7.10
2.41 1.71 8.51 7.54 2.97 8.93 2.75 1.26 3.55 3.24
4.39 1.49 8.71 9.39 5.44 6.43 7.01 3.87 8.18 6.89
7.30 3.87 3.16 3.99 4.15 9.15 6.29 8.45 8.99 3.94
9.25 4.54 9.10 3.87 6.28 9.07 9.07 8.10 4.46 2.77
2.81 4.44 4.44 5.96 4.09 8.27 6.50 6.34 6.01 6.48
3.59 7.11 4.39 6.13 9.10 9.29 7.82 6.10 5.68 4.94
2.24 1.67 7.53 8.30 2.86 2.13 4.73 7.92 8.14 7.82
3.42 4.91 1.01 8.64 2.51 9.18 9.05 7.96 6.94 7.68
6.01 3.87 5.55 1.29 7.11 1.90 2.26 4.30 8.95 1.68
7.78 8.43 6.40 5.14 7.76 4.85 7.70 2.05 1.36 5.52
4.16 7.78 4.57 1.34 6.02 4.87 2.92 9.17 3.78 3.55
2.03 8.43 1.79 6.34 9.37 3.74 4.61 6.72 6.92 9.88
7.62 3.03 8.17 3.68 6.77 4.69 7.37 1.64 3.21 9.35
5.46 9.98 2.07 4.54 5.34 3.30 1.91 6.49 7.75 1.90
8.09 3.66 1.58 4.26 4.12 4.48 9.63 1.87 2.04 8.75
7.01 9.35 2.98 1.77 2.76 9.23 6.11 9.97 1.70 2.50
6.86 9.40 6.50 3.84 3.35 1.80 9.61 5.77 6.18 8.71
1.55 1.93 4.11 5.85 1.03 7.27 2.80 4.16 5.88 6.11
7.57 9.23 3.17 1.32 5.05 5.30 6.39 6.70 5.95 8.41
6.99 4.94 4.73 4.23 5.38 1.58 5.96 4.68 6.85 7.73
5.21 2.98 1.80 2.65 6.48 1.99 1.01 4.72 6.10 6.28
7.52 6.46 6.15 7.66 6.73 8.69 5.54 3.57 5.73 1.28
1.62 4.66 1.88 3.34 5.80 7.07 9.27 5.35 5.38 7.10
1.88 8.23 6.46 7.08 8.50 7.84 4.68 6.30 9.24 5.19
1.43 9.41 7.77 4.38 5.22 9.33 7.99 6.28 8.44 7.31
5.35 7.20 9.71 7.10 9.70 3.51 1.46 4.42 10.00 8.24
6.47 9.17 2.24 8.02 1.39 1.29 5.92 8.87 5.62 6.43
9.43 7.26 4.04 4.07 7.97 7.64 5.09 9.03 4.91 9.47
3.24 7.04 7.50 8.17 9.78 4.01 8.22 7.80 6.06 6.61
2.99 4.56 3.80 9.51 2.54 1.20 5.96 4.46 4.56 7.60
8.82 7.18 3.83 6.11 8.35 3.59 6.11 7.27 2.44 5.05
8.50 1.49 4.75 7.65 2.50 7.51 8.28 6.31 6.87 3.13
1.36 4.02 1.64 3.33 8.15 5.68 6.19 2.04 9.64 1.89
6.98 3.66 6.03 6.89 4.31 1.38 7.29 1.98 2.24 9.82
1.05 2.56 8.18 1.77 8.36 9.47 7.71 3.84 5.23 1.16
9.51 6.13 8.50 6.10 5.65 2.89 3.21 2.59 4.95 1.76
8.90 6.07 4.92 6.56 8.22 9.39 8.85 5.84 8.12 9.01
6.59 5.27 4.55 8.98 2.24 7.04 1.68 3.49 7.25 1.35
9.63 3.24 5.76 8.21 8.74 6.33 6.17 8.71 9.83 1.34
4.64 8.56 1.65 8.59 4.86 3.30 7.78 4.34 7.21 3.81
8.55 2.88 4.08 4.98 1.01 7.29 5.79 1.27 9.32 4.47
5.63 3.36 8.81 7.85 7.74 1.03 5.47 2.76 6.75 9.71
9.56 4.52 4.38 4.03 7.13 6.47 7.58 8.56 5.78 4.69
9.30 5.06 2.15 7.46 8.23 1.71 8.34 3.66 1.25 5.51
1.39 3.89 7.14 5.48 4.71 4.41 2.11 5.05 4.83 2.24
1.87 6.34 8.08 1.60 9.71 8.72 1.68 5.37 6.30 2.08
8.60 2.36 2.89 3.03 8.00 9.60 8.53 4.06 6.56 2.01
1.97 7.90 8.60 3.64 8.98 9.52 4.84 6.73 1.69 4.34
1.05 1.57 3.51 8.86 5.70 9.55 1.53 4.12 9.38 6.61
1.06 1.47 7.85 6.96 5.22 9.19 1.12 9.19 9.50 1.17
2.76 6.04 5.35 6.46 1.00 9.35 3.54 7.39 7.17 3.80
6.97 7.71 8.36 1.96 9.08 7.32 8.94 7.31 2.80 3.01
9.87 6.05 9.93 1.97 7.31 8.75 9.16 9.04 2.28 5.64
6.56 4.35 6.33 3.46 6.12 8.24 1.10 2.69 1.70 7.83
4.16 2.32 4.07 6.30 1.63 2.01 2.28 4.46 1.78 3.17
9.53 8.62 5.80 4.72 7.98 3.18 6.39 1.78 3.26 8.34
7.52 4.91 1.94 4.49 9.77 8.98 6.27 2.79 8.94 4.48
4.11 7.21 7.43 5.13 8.63 5.86 5.64 4.64 9.01 6.64
9.56 6.39 5.01 1.89 3.86 1.57 4.42 3.22 6.07 7.36
5.11 7.13 7.76 2.33 2.33 9.81 6.55 8.90 7.31 7.19
3.83 8.42 7.54 9.41 5.06 2.67 2.69 1.17 6.03 7.98
2.52 4.71 4.94 8.31 8.02 8.35 8.24 7.21 6.05 1.38
7.64 5.59 6.04 3.81 3.28 5.97 1.45 5.56 3.76 1.24
2.60 1.19 2.86 2.28 7.95 1.47 5.43 2.96 1.67 3.29
2.60 9.68 4.62 6.58 9.50 9.15 7.19 1.76 3.65 1.21
8.04 9.73 1.72 5.66 1.54 3.63 6.74 3.32 6.77 3.93
8.12 2.15 3.42 9.06 1.67 2.23 8.87 4.69 6.76 6.93
6.06 5.68 5.67 6.34 6.13 4.23 8.82 3.40 3.97 8.45
4.40 4.96 1.39 9.46 7.51 3.20 4.74 2.93 4.42 1.41
8.12 3.59 7.05 8.00 7.03 4.11 3.06 1.92 3.00 4.02
5.67 6.07 7.29 3.60 2.97 7.42 1.42 9.85 5.70 5.83
6.10 3.82 2.80 6.09 1.65 3.14 9.40 2.36 3.48 5.58
7.27 3.63 8.76 3.75 2.49 1.67 9.62 4.88 8.38 5.37
8.02 6.77 2.32 9.17 5.56 5.42 4.10 1.41 7.44 2.22
2.61 7.81 5.68 6.46 3.83 9.78 1.62 6.94 3.53 5.08
7.07 1.69 7.17 5.08 2.84 3.51 8.34 7.47 3.52 6.80
6.84 2.44 1.69 5.44 2.88 2.63 4.65 4.00 9.95 1.32
1.22 9.12 8.48 7.80 4.51 6.13 3.37 2.11 2.89 6.31
8.95 4.44 4.87 9.22 4.79 3.43 4.33 9.65 5.73 2.18
4.21 8.43 3.67 7.72 4.35 9.95 1.38 4.58 5.01 4.04
2.30 1.52 4.14 2.62 8.61 2.06 7.03 2.93 1.25 4.79
1.14 4.77 3.52 6.74 6.39 1.90 4.52 6.80 5.44 3.97
2.15 1.52 5.90 8.30 9.64 4.66 2.78 7.52 5.07 3.87
8.39 6.91 5.68 6.34 9.45 3.87 8.34 8.45 8.17 7.12
2.55 3.25 4.71 7.74 2.74 5.76 3.08 9.42 4.26 1.34
4.16 8.93 8.61 5.65 3.45 6.69 7.62 6.81 9.35 7.25
9.40 4.13 6.69 5.41 9.38 6.18 9.24 8.72 9.36 6.12
3.79 4.83 1.54 7.74 4.61 5.14 7.93 8.71 6.98 2.02
9.91 3.90 7.49 8.34 8.18 6.31 5.62 7.58 7.20 1.42
6.47 1.47 6.25 5.66 7.68 2.62 3.32 8.08 9.67 6.21
7.15 9.96 7.79 5.71 4.65 3.84 2.75 9.33 9.93 3.61
9.71 4.04 9.56 1.89 2.22 2.92 8.51 1.44 8.77 1.08
6.18 6.38 8.43 1.62 4.20 5.33 7.94 6.74 6.00 6.15
9.72 4.38 6.62 2.98 9.20 9.11 4.45 8.72 5.57 1.54
1.56 1.54 6.21 9.14 6.50 3.16 4.31 7.15 6.83 3.17
1.72 1.86 5.98 9.87 8.22 4.91 6.03 2.04 4.95 6.15
2.87 8.46 2.16 8.29 3.15 3.53 9.92 4.58 7.06 3.92
6.20 9.01 4.88 5.52 8.50 8.68 9.70 6.81 8.94 8.56
7.64 5.88 1.89 4.49 5.59 5.28 7.07 3.45 3.14 9.81
10.00 4.27 9.69 6.77 5.34 5.07 9.16 9.34 3.44 2.86
1.96 4.17 4.97 9.23 8.72 6.45 2.71 7.98 6.81 1.14
8.39 1.55 9.93 1.57 6.54 2.95 2.64 5.56 5.88 1.28
3.73 4.32 2.91 9.49 4.79 3.54 6.29 9.45 7.06 3.78
6.90 7.27 1.94 1.31 9.00 2.28 6.55 8.39 6.14 6.77
5.46 9.62 7.26 4.60 9.66 5.02 1.85 1.29 9.27 9.58
9.95 1.42 7.07 6.20 8.06 1.11 4.74 7.72 5.68 9.47
3.66 3.68 7.49 8.88 6.77 5.16 8.73 3.56 9.02 3.94
7.40 7.72 9.42 5.34 6.69 9.11 1.75 7.49 6.65 6.16
4.12 1.60 6.11 5.15 3.05 6.40 1.66 6.90 8.57 7.21
1.07 1.70 2.41 7.64 9.40 9.25 5.58 5.44 6.61 1.92
4.97 3.91 5.09 3.56 1.25 2.33 6.35 4.25 5.79 6.77
9.54 6.19 6.74 4.53 7.43 4.56 6.45 6.68 5.45 7.62
6.45 6.14 7.06 4.52 4.07 4.82 5.64 6.78 5.82 7.86
3.94 8.43 5.04 9.76 5.93 8.42 7.12 6.97 1.26 6.12
5.46 1.94 5.87 2.21 1.40 7.85 9.17 7.94 1.58 1.36
7.75 3.79 6.10 8.72 2.21 9.73 3.55 7.23 5.19 1.01
5.91 7.86 1.76 6.17 7.40 8.83 2.27 4.24 4.57 6.18
1.41 1.78 8.76 2.86 5.46 5.77 2.95 7.81 4.69 7.46
4.49 7.33 1.29 4.89 6.25 3.17 9.23 2.26 3.68 5.55
2.62 5.74 8.72 4.58 8.11 9.60 5.99 9.63 2.94 1.70
3.49 6.04 4.96 6.34 1.20 1.49 2.53 9.59 3.69 5.07
2.49 8.51 2.11 4.40 9.48 6.89 8.35 10.00 5.38 8.35
4.00 9.91 2.31 1.02 1.97 5.00 3.01 6.52 3.93 3.07
4.84 5.03 1.78 3.92 2.39 4.29 2.11 5.88 8.72 5.47
4.29 7.42 2.28 3.51 2.70 8.59 1.14 9.61 1.64 6.92
3.13 3.84 4.06 3.05 1.04 8.78 2.90 7.99 8.61 5.97
1.24 5.77 8.65 4.72 1.22 7.75 2.52 6.11 5.92 6.15
4.37 7.98 3.31 4.46 6.13 6.26 9.57 4.14 9.15 4.83
2.58 7.64 4.10 8.66 3.81 8.52 1.89 9.92 7.11 3.75
8.56 4.84 2.53 3.01 6.70 7.64 7.66 1.00 9.21 7.45
9.19 6.28 3.14 4.34 6.32 2.47 5.43 2.18 5.45 1.35
1.32 4.90 3.23 3.22 6.94 9.81 4.17 8.25 8.25 8.20
9.21 7.84 5.66 5.69 9.19 5.29 6.46 4.51 4.45 2.94
4.08 4.83 6.02 7.46 6.29 1.70 4.14 6.31 1.66 9.51
3.16 4.68 8.64 7.65 7.68 9.25 2.21 8.44 9.70 8.78
9.25 9.60 8.00 4.50 5.32 9.66 3.01 6.84 4.50 9.31
1.87 9.50 2.91 5.83 1.23 4.89 4.15 6.88 7.15 6.17
3.10 3.06 9.09 1.38 3.95 9.96 1.16 9.95 8.70 3.63
8.69 7.68 6.56 8.68 4.22 7.23 5.51 2.94 2.74 7.95
2.98 4.33 4.25 1.44 6.24 4.11 7.54 8.49 8.96 5.25
6.38 6.17 9.64 1.54 1.86 4.48 8.56 7.38 7.37 4.87
1.05 8.15 4.01 8.95 1.63 3.04 2.86 2.58 5.48 9.64
9.80 8.46 1.68 8.66 8.03 5.34 1.28 5.97 4.27 2.09
6.70 8.63 4.35 5.26 6.30 5.62 8.53 4.55 4.51 4.22
3.27 6.74 2.20 9.98 4.78 7.55 7.86 4.21 1.45 7.26
7.63 1.04 1.10 1.88 6.67 9.21 5.62 6.88 4.73 6.34
9.09 5.18 3.30 5.53 7.40 4.30 2.37 5.49 2.93 6.02
7.18 4.92 7.91 8.12 1.89 5.33 4.79 5.58 8.89 1.65
1.43 4.05 5.64 4.79 4.60 4.46 6.57 5.00 9.53 6.30
2.51 6.80 6.21 5.02 2.57 5.20 2.77 1.01 9.97 8.86
3.24 3.09 8.45 5.59 9.66 9.53 3.00 7.85 3.86 1.23
2.66 1.81 5.30 7.03 4.83 1.27 5.97 3.46 1.49 1.35
1.45 6.51 1.93 7.91 8.59 8.78 2.58 2.23 2.93 6.10
1.88 9.43 6.75 4.93 3.19 1.58 8.63 2.79 4.83 4.68
6.65 7.06 1.99 4.28 6.79 5.28 1.51 6.26 4.89 9.00
9.67 9.55 1.46 1.17 9.78 8.36 6.45 2.26 5.58 7.55
6.41 3.40 7.05 7.77 9.63 7.12 9.51 6.79 4.22 7.30
3.36 6.20 9.91 7.08 4.49 4.09 3.31 1.42 6.88 4.24
6.95 1.11 5.50 7.00 8.45 4.85 6.39 5.88 8.48 8.95
7.48 6.60 4.32 1.35 4.09 2.44 8.40 8.79 7.77 6.50
8.50 2.17 9.75 4.15 5.32 7.65 6.46 7.08 6.56 2.06
4.77 1.45 8.29 8.74 6.44 9.64 7.45 4.23 9.06 7.50
6.91 8.05 4.54 4.76 5.68 6.32 2.63 8.39 8.21 6.48
1.67 4.80 9.67 5.38 1.65 9.84 2.51 9.74 6.04 5.50
4.65 7.64 5.92 4.66 7.01 9.14 6.01 8.96 2.30 7.62
8.97 7.33 4.71 4.12 8.97 5.40 4.12 1.16 7.16 5.94
3.76 6.37 6.88 8.02 7.28 1.66 5.39 3.07 6.69 2.06
4.84 8.81 2.37 1.72 9.15 1.42 8.60 7.83 1.66 5.91
7.58 5.61 7.88 9.26 3.40 6.99 9.90 6.05 6.57 6.85
1.65 7.23 8.53 6.10 8.78 5.60 6.00 1.49 1.78 8.37
5.98 2.62 1.26 2.77 9.71 6.29 1.16 1.82 3.97 1.03
9.61 8.67 7.57 9.69 4.82 4.63 4.76 5.96 8.93 5.60
5.96 3.02 5.95 2.56 1.92 3.05 7.67 9.59 9.00 4.75
5.14 6.22 8.12 7.38 2.86 7.16 2.26 4.69 5.63 5.86
7.83 4.65 1.83 4.69 4.24 1.90 5.36 2.11 8.12 7.79
1.56 8.82 7.04 9.05 5.68 4.09 6.57 6.18 9.02 2.31
7.12 9.72 5.84 1.97 8.68 3.12 4.44 1.74 2.46 2.29
2.84 9.22 9.77 6.89 6.08 2.26 1.95 7.94 5.26 2.73
7.42 5.36 9.44 4.77 3.10 9.75 9.15 8.00 1.54 7.21
8.97 2.75 8.61 6.13 9.06 4.57 8.58 8.78 2.14 6.30
3.63 3.76 4.77 4.14 5.14 4.02 6.90 4.53 9.38 5.88
7.65 6.66 2.38 7.33 8.51 6.62 3.99 8.40 7.00 8.07
3.71 6.93 1.52 1.80 4.66 3.25 2.58 4.78 7.08 6.00
6.88 1.70 3.60 6.44 9.60 4.06 1.91 2.81 1.59 4.23
2.96 6.34 6.56 6.77 2.72 6.56 6.52 4.32 1.98 2.81
5.27 9.52 9.09 1.95 3.20 9.91 1.28 7.34 6.79 6.15
2.86 2.27 4.96 4.60 4.40 6.95 7.61 2.21 1.93 4.87
7.10 3.47 4.45 7.62 6.69 8.08 9.73 8.02 3.22 7.38
8.85 5.99 8.58 4.28 9.12 9.99 3.46 6.54 9.66 8.85
9.07 7.34 6.89 4.55 4.81 5.58 1.28 3.75 3.42 9.30
4.33 4.37 7.36 5.55 5.60 8.31 7.33 7.40 7.59 1.24
4.18 4.91 8.13 5.92 7.01 8.34 8.14 9.61 4.88 9.60
8.75 5.20 9.20 2.43 9.60 2.89 3.15 8.56 2.42 4.25
5.38 9.35 4.17 4.03 3.00 3.07 8.88 4.41 5.51 8.02
7.40 7.46 5.52 9.64 2.83 2.81 3.00 4.36 3.26 1.96
3.84 1.62 4.18 6.21 9.33 2.62 9.06 1.65 8.90 5.24
4.56 5.63 8.00 4.19 6.43 2.74 1.74 2.50 8.23 9.55
8.85 4.49 3.66 2.69 3.23 9.79 1.73 6.52 3.57 9.79
5.31 6.35 5.66 5.56 4.72 3.41 2.53 3.76 5.82 9.70
9.76 4.30 2.34 7.38 2.14 8.04 8.44 2.81 3.47 3.24
4.13 8.73 1.28 6.47 9.15 8.22 3.76 4.14 5.81 4.32
4.37 9.02 9.90 5.32 3.04 5.72 7.69 3.22 4.52 9.18
1.00 6.75 7.63 8.45 1.95 8.66 3.80 3.69 8.11 3.00
8.90 8.49 9.61 5.06 8.29 9.28 5.49 2.43 2.97 6.94
1.14 8.44 2.03 4.24 4.40 6.57 1.21 7.43 6.99 6.04
9.12 6.44 9.02 2.85 4.17 1.66 7.27 3.68 7.05 2.67
7.68 5.49 5.05 8.06 2.56 7.70 7.05 6.25 2.55 6.41
8.14 7.95 1.25 8.12 2.84 9.23 2.12 9.92 9.79 5.26
2.62 6.20 7.19 6.28 8.39 3.58 1.95 2.66 1.45 5.44
8.32 5.69 9.93 9.35 5.77 4.37 6.25 1.38 6.19 2.36
5.27 4.60 3.66 9.86 7.86 3.13 1.13 1.51 3.57 8.61
2.66 9.73 2.79 3.42 2.30 6.33 1.60 5.58 3.86 7.32
1.75 1.19 1.85 6.63 6.87 7.71 1.16 8.02 5.91 6.63
7.78 5.78 5.69 2.72 6.32 5.66 4.51 8.23 6.59 4.08
2.67 3.71 3.17 5.32 4.59 6.73 6.24 4.80 1.68 2.05
3.66 5.58 1.27 3.13 4.49 8.40 7.81 5.45 4.40 3.91
7.37 8.10 7.88 1.34 6.40 4.53 8.57 5.64 3.25 8.93
5.70 9.59 7.21 1.06 5.48 8.31 3.89 3.46 2.50 3.81
4.74 6.35 1.81 9.08 6.14 5.10 6.82 6.18 9.08 8.89
6.53 8.83 9.99 5.09 4.45 2.31 4.51 4.63 2.08 8.40
1.55 5.98 3.74 9.08 2.18 2.81 5.76 5.17 3.47 5.08
8.34 3.38 8.63 6.12 2.30 2.47 9.27 5.39 3.08 7.11
3.98 4.67 2.38 2.32 4.99 6.04 4.79 6.53 6.87 7.10
3.55 4.08 8.79 2.01 6.88 2.40 2.22 3.18 2.47 6.04
7.59 3.39 4.21 3.49 7.46 2.31 5.53 5.38 9.34 9.05
6.38 7.75 1.72 7.81 2.92 1.73 7.71 1.39 9.59 7.21
8.15 2.01 5.78 7.16 8.35 1.35 2.00 4.44 2.63 1.01
4.86 1.75 2.52 8.52 9.16 3.39 9.65 1.20 5.81 4.23
2.66 2.59 6.53 9.82 3.23 3.66 9.29 3.04 2.21 2.24
3.92 9.75 9.87 2.35 1.46 9.96 3.26 3.69 4.79 9.28
3.21 7.17 1.96 6.49 9.08 1.74 8.54 9.53 8.72 1.12
5.24 8.81 6.24 5.39 5.53 8.63 6.06 5.80 4.81 8.99
4.46 8.08 6.76 5.43 8.28 2.93 8.27 2.73 2.65 1.75
2.57 7.68 3.90 6.77 1.32 5.44 9.20 3.64 3.96 6.88
6.92 9.89 4.88 8.27 1.35 8.37 4.59 1.10 7.31 2.36
6.36 8.65 3.42 7.61 2.33 4.50 6.17 9.77 9.46 3.68
5.79 7.89 9.08 2.74 1.44 6.57 4.27 5.73 3.01 5.86
1.95 9.96 7.79 2.05 6.22 8.18 7.06 9.38 6.53 7.05
7.00 1.54 6.87 2.65 5.08 4.15 3.21 3.51 6.60 8.09
7.75 7.83 1.40 7.70 9.26 3.74 9.20 8.24 7.19 1.97
8.60 8.06 9.77 8.50 3.32 9.45 4.22 6.90 9.49 2.43
9.29 5.12 4.48 8.84 1.44 7.33 6.15 3.23 8.89 9.82
8.21 2.98 5.54 4.15 7.44 6.84 1.03 6.84 5.05 7.12
8.40 9.61 4.89 7.08 1.03 1.89 8.21 7.29 6.97 3.10
4.03 7.34 6.56 6.22 8.32 7.00 7.87 4.67 7.83 4.70
5.95 4.49 1.40 6.35 6.39 5.00 4.69 9.85 1.73 6.81
6.24 5.52 3.55 7.80 2.70 2.64 1.39 3.92 2.13 2.86
5.85 5.17 6.59 8.84 4.74 2.83 9.54 1.37 8.51 6.09
3.50 7.61 1.42 1.22 1.07 3.52 1.48 1.82 6.48 5.79
7.01 3.93 5.11 9.71 6.48 8.90 8.05 1.19 4.03 3.00
2.54 7.53 8.21 6.25 7.55 7.10 2.56 5.02 8.68 8.14
2.99 7.99 2.56 6.49 4.89 1.66 5.00 9.66 9.07 8.78
7.36 8.54 3.45 8.27 6.79 8.92 9.69 7.64 9.19 3.88
2.07 3.83 7.71 7.46 7.32 1.42 2.09 8.18 8.15 9.12
8.71 4.79 9.56 4.00 9.09 7.13 4.86 9.20 4.98 9.69
8.51 7.61 9.05 3.46 3.29 6.66 1.17 7.10 9.27 4.23
1.07 9.94 2.55 7.87 9.45 4.77 1.63 1.52 5.55 8.69
3.83 5.72 3.36 4.95 5.25 9.05 4.33 5.18 9.72 9.94
4.33 7.91 2.43 4.65 4.53 7.99 6.86 9.24 5.81 2.10
1.39 3.82 6.01 6.71 6.30 5.58 5.31 2.19 4.11 5.61
1.27 2.78 2.82 5.05 6.33 6.94 3.09 1.96 3.45 1.69
4.31 8.24 7.21 4.39 5.00 2.89 9.96 5.16 6.47 6.21
2.24 4.71 1.76 7.30 6.12 2.96 1.82 1.80 1.50 8.65
6.96 6.11 4.09 7.24 8.09 7.57 7.43 5.44 2.01 6.21
6.65 7.41 5.48 6.36 9.90 4.61 5.53 3.24 6.15 3.24
5.86 6.96 4.38 6.53 6.63 3.54 1.60 3.04 3.20 8.64
7.92 7.66 8.98 5.23 9.21 1.44 2.51 2.84 1.03 5.19
9.40 3.62 9.38 1.04 6.61 3.05 5.32 9.31 2.24 8.44
2.96 1.63 7.11 2.53 8.36 8.95 8.05 2.95 7.22 7.43
5.97 9.10 6.87 6.33 9.44 2.67 5.38 9.93 8.32 1.29
3.51 8.48 5.03 5.73 9.76 7.95 9.18 9.17 5.56 6.22
8.13 4.76 9.34 5.72 2.26 5.37 1.28 8.30 3.20 8.84
2.34 9.09 5.75 8.29 6.66 8.58 3.65 6.89 1.00 8.97
1.27 3.11 7.45 9.93 7.78 1.36 3.73 1.55 7.10 2.43
9.43 5.25 1.29 1.59 3.96 3.82 8.18 6.75 5.51 7.69
6.49 8.16 6.65 6.51 1.30 1.84 2.16 5.75 3.12 2.97
1.47 8.14 1.12 4.07 4.68 8.24 3.11 5.62 1.22 4.43
1.29 1.32 1.88 8.63 2.65 9.18 6.47 5.90 2.69 5.43
5.39 9.56 8.71 1.57 1.79 8.25 3.16 8.90 5.61 9.60
9.58 3.87 8.66 6.67 7.91 8.90 8.28 7.10 6.51 9.17
5.38 8.25 7.02 4.82 7.37 9.15 5.76 4.87 7.73 1.48
3.02 6.62 9.55 2.41 6.10 6.70 6.04 5.28 6.60 7.24
8.05 7.93 8.30 7.66 2.84 6.46 5.63 6.60 1.19 2.84
9.74 4.09 4.43 9.69 4.81 1.64 3.27 3.85 4.43 9.24
3.38 5.95 7.09 8.69 2.91 6.25 3.19 7.47 4.81 1.69
6.65 5.64 2.22 7.63 3.96 8.19 3.77 8.61 5.93 2.45
9.08 6.61 6.99 8.85 7.83 5.95 5.39 1.24 9.68 9.28
8.15 2.73 2.54 6.02 9.28 1.03 2.07 6.22 9.88 2.06
3.83 9.44 9.54 6.19 4.08 4.86 1.47 9.58 2.29 3.86
2.89 3.83 3.34 1.62 7.40 6.11 5.41 5.40 7.56 1.71
2.20 5.42 4.20 8.53 4.05 8.27 2.94 5.82 6.51 5.56
5.65 5.50 1.32 4.84 2.17 5.01 8.80 1.11 1.69 4.62
1.91 2.00 9.78 8.55 5.57 4.69 6.49 7.05 2.41 2.98
5.03 1.94 5.22 3.44 6.88 2.19 4.75 4.01 7.04 4.46
1.28 7.31 9.32 7.80 7.66 4.89 6.04 4.73 3.57 5.36
7.08 6.88 4.32 7.19 3.98 3.36 6.59 9.88 5.39 5.79
1.15 8.16 2.00 8.71 1.02 3.81 5.14 4.25 7.28 1.76
4.52 4.77 3.10 3.45 4.95 1.19 7.55 8.14 1.64 5.97
4.96 7.85 6.55 4.51 1.35 8.63 6.92 3.03 3.70 7.65
3.53 9.13 2.54 5.24 2.43 8.77 7.34 2.67 9.57 7.83
8.39 5.24 8.44 9.82 2.89 4.35 4.88 4.79 6.17 2.80
8.52 6.50 3.47 5.03 9.64 4.71 7.42 6.54 7.09 6.68
2.82 9.97 5.96 6.71 5.65 4.03 2.74 7.00 3.64 5.08
2.18 9.10 3.17 7.61 1.10 7.10 8.34 5.62 6.86 6.96
2.47 4.36 1.38 6.95 4.83 7.67 9.86 8.94 7.60 5.11
1.14 2.83 8.84 8.07 3.47 9.94 4.72 7.61 1.01 5.07
9.58 5.22 1.37 7.12 4.71 5.52 9.56 1.97 7.47 4.73
4.48 2.12 8.65 9.74 4.25 3.13 1.44 2.33 4.84 2.47
8.92 9.19 8.37 8.05 4.78 8.73 4.01 4.07 9.63 5.30
9.72 2.61 4.82 7.68 7.63 6.95 1.88 6.25 8.82 6.10
7.63 8.40 4.69 3.77 3.74 3.12 1.16 6.81 5.65 6.39
6.43 5.41 5.02 9.74 6.62 7.78 3.71 4.53 5.83 5.26
8.98 1.60 1.67 8.45 2.95 8.92 1.01 4.70 1.84 5.81
6.01 4.34 1.99 7.54 5.50 6.49 1.00 2.16 1.29 1.85
4.87 2.38 6.69 1.92 4.08 7.52 7.84 3.70 2.06 9.82
8.34 8.38 7.02 9.65 3.51 6.47 2.48 9.91 8.08 2.95
9.62 9.18 7.17 2.42 2.26 8.13 6.49 3.41 9.50 5.64
2.92 3.51 2.30 2.50 3.11 2.82 4.70 6.88 1.25 1.14
5.95 3.52 2.13 6.29 6.60 2.06 3.22 1.36 9.84 1.75
5.27 1.67 9.55 4.17 6.30 3.59 4.93 2.09 8.32 9.61
3.52 5.80 8.70 9.26 8.44 4.82 8.53 1.97 6.71 5.48
2.84 3.58 5.74 8.51 7.61 3.76 9.14 8.93 7.53 7.18
5.14 4.36 1.54 6.54 5.55 7.82 3.63 3.85 8.88 5.67
3.68 7.57 3.98 4.99 5.72 2.47 7.08 5.42 4.32 1.43
7.42 1.71 8.11 5.84 1.70 7.43 2.70 6.73 7.30 9.00
5.47 3.41 2.37 7.16 8.79 5.93 5.16 1.38 7.36 1.07
5.11 8.31 3.50 9.04 3.17 9.47 5.73 9.89 8.31 6.17
1.12 9.24 2.03 9.03 1.36 8.59 2.40 8.63 3.68 3.24
4.37 2.97 2.56 1.42 7.51 4.53 3.01 2.62 6.70 1.61
5.43 7.39 9.99 1.30 5.08 7.33 9.57 2.30 2.80 8.77
9.40 7.47 8.24 9.16 7.72 3.78 6.90 7.48 8.97 3.95
4.28 4.68 3.54 9.99 3.34 6.32 2.28 6.19 2.66 1.02
1.01 5.00 2.52 3.42 1.28 5.65 4.05 2.53 9.43 7.26
4.31 2.96 1.21 4.43 6.60 2.87 7.52 1.41 2.73 5.02
2.93 3.34 2.15 7.64 4.49 2.98 5.50 6.17 5.26 8.96
1.78 9.23 8.11 4.63 3.63 1.90 1.88 3.14 2.88 2.49
8.25 5.38 5.53 6.25 6.62 6.00 3.91 5.65 9.64 7.23
7.47 1.93 1.84 5.59 2.04 6.42 7.31 9.46 8.30 5.72
7.40 5.83 4.88 9.94 2.46 6.25 3.60 8.96 1.27 7.00
8.02 2.64 1.95 2.99 2.49 7.73 6.41 2.64 9.91 2.91
7.53 7.91 3.34 4.78 8.24 5.73 7.86 7.38 7.35 9.29
8.93 7.62 8.49 1.16 7.92 2.34 5.23 1.79 5.68 7.26
3.52 3.65 2.04 9.37 8.40 4.54 4.97 1.11 8.33 4.39
1.98 3.26 1.87 6.49 6.06 4.17 6.71 3.42 7.80 7.88
4.25 2.83 2.76 2.30 5.63 2.05 6.53 1.34 1.87 3.59
4.91 4.49 2.60 7.18 4.83 8.55 9.96 9.56 3.09 8.28
9.45 8.28 1.92 2.65 6.05 1.39 3.28 5.01 6.01 5.01
1.28 2.51 4.20 3.78 4.04 8.96 1.34 1.22 9.98 5.26
5.21 1.52 1.43 3.19 5.47 5.51 6.18 6.44 5.75 8.18
5.76 3.40 4.14 5.14 4.66 6.25 5.89 1.12 8.16 5.91
1.79 3.12 2.42 8.23 4.25 2.24 2.36 9.82 5.30 3.79
3.15 3.46 2.20 2.48 2.38 4.80 8.45 2.86 9.59 9.90
6.54 2.43 3.44 7.70 2.64 9.72 8.31 4.00 6.08 2.74
5.22 2.35 9.48 6.49 9.90 7.60 5.50 1.43 4.58 7.98
8.19 7.53 9.00 4.30 6.16 7.96 3.90 8.46 3.70 4.74
8.43 7.83 4.83 1.58 7.49 4.69 6.73 5.93 7.84 9.00
5.81 9.23 4.84 8.25 4.36 6.17 7.48 1.95 5.14 9.45
9.83 7.49 8.27 4.17 4.82 7.55 7.00 1.29 4.20 6.74
7.64 3.70 7.49 8.26 8.59 1.62 4.77 4.79 5.33 3.03
2.07 9.61 6.64 3.07 9.37 4.56 2.65 6.93 9.96 5.69
1.16 3.04 6.43 5.15 6.46 7.56 7.88 1.01 2.83 4.88
2.69 8.19 7.62 9.37 2.95 3.83 5.86 3.17 2.88 3.96
9.61 8.34 8.53 6.90 5.18 9.56 5.54 1.01 1.55 6.07
6.59 9.70 9.81 3.15 7.91 6.49 1.90 9.35 1.35 8.78
7.66 9.04 4.54 4.85 2.28 9.24 6.36 6.99 7.04 1.37
2.30 2.27 2.40 8.94 8.19 1.20 8.29 3.64 3.53 7.22
6.19 3.21 2.80 6.92 7.54 7.58 8.94 8.74 5.27 3.89
3.96 5.36 4.52 1.42 8.09 4.90 7.21 5.67 1.71 8.94
4.82 2.31 3.44 7.84 2.78 5.46 2.69 8.15 1.87 3.54
3.79 1.29 2.42 3.51 6.84 3.95 8.76 7.91 2.51 8.62
6.55 2.38 8.82 2.73 5.74 1.60 7.12 2.22 8.21 8.28
3.66 9.67 7.16 8.72 2.05 6.34 1.08 9.31 6.36 6.38
4.35 8.65 9.46 5.15 4.18 7.36 8.12 1.22 9.33 4.79
5.41 9.05 6.58 2.15 3.93 4.46 4.50 9.74 6.29 7.39
7.52 9.35 3.54 5.86 6.64 2.93 1.91 3.95 2.58 2.08
5.91 6.94 2.56 5.22 2.06 9.87 6.82 8.45 3.71 7.32
7.64 6.47 5.23 3.55 1.69 8.17 4.58 3.91 4.81 3.62
1.01 5.96 3.16 6.34 6.20 9.25 6.83 4.42 4.36 6.73
3.78 7.42 7.10 6.97 4.04 2.97 5.55 4.26 7.81 3.64
9.75 1.66 8.39 8.60 4.35 5.19 6.68 9.23 1.97 6.06
6.94 6.83 9.07 3.11 9.68 1.96 8.91 8.90 1.77 6.83
1.79 4.72 5.97 1.01 3.83 6.37 6.29 3.49 2.18 2.26
9.36 9.98 6.29 5.19 8.90 9.25 5.10 8.63 8.58 6.60
9.41 2.97 1.99 3.89 5.76 9.67 6.77 1.54 3.96 5.83
2.17 4.68 8.65 1.20 7.00 6.35 1.06 8.96 9.10 5.71
8.13 3.40 4.86 7.02 3.03 1.49 6.93 4.64 5.23 9.64
2.41 6.39 1.53 9.96 8.50 2.86 9.27 1.87 6.55 4.65
8.44 1.38 7.50 8.14 5.93 2.04 1.59 1.60 5.25 2.71
1.13 5.85 7.62 4.36 4.28 8.98 1.56 6.91 7.05 3.12
1.59 6.13 7.85 9.50 5.31 4.66 2.40 2.49 3.03 5.90
2.53 9.56 5.14 8.87 6.15 8.20 6.24 2.96 4.07 4.52
5.30 8.31 1.61 1.27 1.73 2.95 1.64 3.64 3.09 4.81
2.87 4.72 7.50 7.58 9.43 6.24 3.65 4.72 2.90 4.53
2.76 8.47 8.31 8.61 2.74 5.63 4.30 2.83 4.50 6.63
7.20 9.22 6.56 5.59 1.15 8.51 3.89 3.16 6.55 9.64
3.70 8.96 4.21 4.57 9.87 7.09 8.48 8.87 6.98 2.38
2.62 8.18 8.97 6.22 8.53 3.33 4.00 4.57 5.96 5.99
9.69 5.05 2.99 5.56 1.77 8.36 6.78 4.07 7.54 8.92
5.93 6.74 6.84 8.71 8.84 1.65 9.13 9.62 8.53 4.25
1.58 3.92 9.67 1.45 1.15 7.55 7.15 6.77 1.45 4.50
8.95 1.16 4.43 5.33 2.71 7.16 2.50 9.15 7.09 5.20
2.32 9.82 6.32 9.29 6.31 9.99 9.18 9.45 2.04 9.67
1.41 4.33 2.32 7.54 2.61 3.45 5.56 5.98 4.11 1.70
6.29 2.86 1.66 2.31 3.60 1.91 2.97 7.35 6.77 5.95
2.19 4.48 9.57 5.51 7.93 4.03 1.33 4.13 4.07 9.46
1.33 4.08 1.34 1.79 7.56 2.00 9.33 9.13 1.85 5.12
1.96 7.70 4.68 1.28 7.14 2.39 5.11 9.59 7.60 2.69
3.37 7.60 8.62 8.33 5.85 3.35 6.09 2.30 9.93 7.79
2.15 5.18 4.43 2.22 2.04 9.56 7.69 6.45 9.42 4.23
4.23 3.28 3.97 2.85 6.07 7.21 2.56 1.44 4.03 6.64
9.60 4.01 5.93 5.10 3.10 6.04 2.42 8.77 5.06 7.08
5.04 1.73 6.44 6.49 4.13 3.17 8.03 6.77 9.43 2.19
7.98 6.35 6.64 6.88 3.71 9.09 6.99 5.13 2.74 6.93
8.45 3.47 6.60 3.97 6.32 5.27 8.60 4.29 5.46 8.87
8.21 3.10 1.61 9.07 8.39 2.30 5.94 9.17 2.33 1.44
3.44 7.56 3.86 5.98 3.89 4.19 5.42 2.61 9.98 8.99
2.27 7.10 7.30 1.86 4.25 4.99 2.14 4.87 6.50 1.19
8.42 1.74 1.26 1.28 1.70 2.86 8.70 8.87 7.25 5.50
7.55 9.46 5.28 6.04 5.69 1.76 7.01 5.29 7.65 2.06
8.42 4.70 2.75 8.13 3.54 8.16 4.02 8.19 7.26 2.54
7.00 6.48 2.28 3.52 6.61 4.85 9.85 4.09 8.62 5.53
2.43 5.54 6.62 6.82 5.53 1.16 5.05 5.54 3.37 4.07
4.00 7.98 9.69 4.45 6.83 4.98 1.81 6.53 8.91 5.37
3.42 9.40 8.29 6.89 8.40 9.49 6.17 8.76 9.31 6.68
9.98 5.36 5.24 2.59 4.69 2.79 9.03 6.91 5.98 9.80
2.22 8.47 2.32 1.19 2.41 5.47 3.36 4.49 2.74 8.14
9.91 8.58 4.64 4.74 2.26 9.65 7.77 7.48 9.07 5.45
1.73 6.98 5.64 5.02 6.05 7.70 3.64 6.58 8.91 8.65
8.54 9.84 8.36 7.76 4.57 4.15 5.91 9.21 1.87 9.38
8.49 3.05 6.66 1.33 9.34 8.91 2.32 5.23 5.83 3.33
7.51 8.15 5.55 9.10 9.95 6.97 7.96 4.55 9.44 3.04
3.07 8.39 6.61 8.87 3.62 9.40 8.23 4.10 9.39 9.81
2.30 9.80 3.83 3.81 6.79 8.78 1.74 8.93 1.50 3.30
6.39 2.81 5.43 1.14 1.72 5.40 3.63 1.43 9.86 7.78
8.58 4.21 1.98 8.15 3.20 8.57 7.90 6.19 7.97 3.86
4.21 6.60 3.77 9.75 3.13 3.59 9.45 4.14 7.35 7.07
6.37 8.87 5.75 1.75 2.18 4.00 6.45 1.90 3.31 2.16
9.53 8.65 2.18 6.01 6.53 2.20 9.77 2.40 5.96 9.50
9.37 10.00 3.74 7.91 8.33 2.32 8.74 6.30 5.00 1.99
9.08 1.52 8.69 3.23 8.21 4.29 7.05 1.90 9.72 1.92
2.45 9.49 2.31 9.89 2.14 1.17 5.36 6.45 5.83 7.57
2.01 3.20 1.91 2.41 7.00 8.67 5.46 6.08 9.44 2.33
3.11 5.22 7.41 6.38 4.72 6.32 7.83 8.82 9.89 8.43
4.71 9.46 8.51 3.47 7.09 8.86 3.94 6.06 1.66 7.00
8.67 9.60 1.13 2.39 3.61 2.38 3.13 7.41 8.55 5.57
1.67 2.44 8.54 3.32 5.92 2.73 2.07 7.79 3.33 8.35
4.68 9.16 2.07 7.59 1.84 7.40 7.49 4.29 7.90 4.80
8.25 6.46 2.70 2.39 2.12 3.27 8.02 9.63 2.81 5.75
3.76 8.25 1.11 2.64 6.31 6.28 7.32 5.93 2.69 6.83
6.83 3.35 1.28 3.73 3.98 6.48 7.27 7.04 5.98 3.56
5.45 7.25 3.40 5.84 4.93 4.12 1.36 2.15 8.90 6.96
4.82 2.47 4.60 1.49 8.74 3.22 1.86 1.61 8.30 7.67
8.48 9.08 7.99 1.04 3.22 9.49 9.01 9.13 1.92 2.41
6.67 9.39 4.61 2.18 4.22 7.30 2.94 2.77 4.40 7.92
2.63 7.89 8.06 6.10 9.05 5.17 7.46 6.25 3.36 1.28
3.82 5.66 7.73 5.89 5.56 2.60 8.30 6.92 7.67 5.58
3.38 7.89 6.76 4.24 9.22 1.17 7.09 7.18 7.31 9.67
9.57 5.49 1.72 7.76 1.34 7.95 5.96 9.46 9.69 2.80
1.60 4.35 2.99 3.06 5.62 7.98 7.61 7.15 9.98 9.88
7.59 6.73 2.05 6.63 4.75 7.89 6.33 5.13 7.01 8.30
2.48 8.99 2.00 7.70 1.08 5.02 4.89 6.01 6.87 9.02
3.76 7.59 2.57 4.38 2.48 5.93 9.22 2.80 5.72 5.42
6.35 4.43 5.43 1.00 9.21 5.37 8.48 3.02 5.05 7.10
4.89 4.95 9.03 9.22 5.05 8.60 6.35 8.07 5.29 8.56
5.26 5.74 6.49 2.17 9.45 6.68 8.06 9.72 2.37 2.33
5.05 8.32 1.00 9.22 7.06 7.67 4.26 4.51 4.94 4.97
4.87 3.76 6.97 8.64 2.33 6.87 8.56 3.89 1.62 7.02
8.97 2.93 9.71 9.59 2.98 8.91 1.62 5.60 1.63 1.43
5.69 6.21 2.86 7.34 3.16 3.23 5.28 5.81 1.67 8.26
1.65 5.21 9.17 5.37 4.17 6.85 6.69 6.66 9.17 6.24
3.46 3.05 7.70 6.93 2.40 7.42 2.53 5.66 3.20 4.33
4.43 2.92 3.35 9.88 7.77 2.75 7.62 4.13 5.20 9.72
6.20 7.14 1.57 5.23 1.36 6.54 7.82 9.66 6.90 6.35
8.08 8.49 1.94 1.10 9.75 8.48 8.31 3.04 3.44 8.30
4.96 5.22 1.36 8.84 2.19 7.99 3.89 6.89 3.02 5.61
8.44 7.79 4.46 3.32 2.46 4.54 7.50 3.11 1.19 6.32
3.34 8.26 2.63 8.21 6.61 7.33 9.04 6.12 2.52 7.68
9.18 8.19 7.81 8.00 3.66 5.82 5.68 7.37 6.59 4.55
3.55 1.31 3.36 5.08 8.12 9.82 8.16 6.97 7.10 1.19
3.23 2.43 3.02 2.17 4.77 3.61 1.91 7.55 6.74 2.95
4.77 10.00 6.21 5.18 3.71 2.61 4.75 5.75 9.84 8.87
8.86 7.46 6.76 7.49 5.33 2.13 9.97 9.76 2.72 2.37
3.79 6.88 6.92 7.13 1.03 7.78 1.43 6.74 3.02 5.30
5.69 4.13 1.83 3.16 3.68 2.38 4.34 1.62 4.50 4.23
2.23 5.56 5.02 9.25 7.25 2.70 5.33 6.44 9.74 4.05
3.90 9.69 4.93 1.47 1.87 1.68 3.16 6.93 3.28 2.04
8.58 4.69 9.95 2.45 6.43 5.14 8.14 5.77 9.82 8.38
7.83 2.77 8.56 4.29 4.61 1.01 8.90 6.57 1.35 3.41
9.24 8.16 1.59 7.51 8.42 1.42 1.14 7.58 5.21 6.82
7.36 4.02 5.87 8.91 6.32 3.21 5.90 3.24 1.87 3.52
2.63 4.90 8.56 2.05 7.84 4.22 4.69 1.81 4.86 5.38
5.84 3.97 3.97 3.72 8.95 9.73 3.00 5.26 7.41 9.86
4.60 5.03 1.28 6.53 7.16 1.22 1.58 4.75 8.88 7.95
1.37 2.24 6.75 6.95 5.45 4.55 8.87 7.52 5.01 7.43
2.51 8.17 8.95 9.50 6.51 8.49 4.01 4.84 8.88 4.39
8.14 7.73 1.45 2.42 8.21 2.07 3.55 1.99 8.63 9.74
1.86 6.07 6.86 3.65 1.59 4.60 9.07 3.10 6.53 2.27
7.61 7.96 6.02 9.56 2.35 7.32 5.09 3.66 5.35 3.75
4.61 7.04 9.42 6.71 7.32 7.99 9.60 9.85 2.65 1.01
5.90 4.56 5.93 3.25 3.34 8.55 7.17 3.74 6.58 1.48
7.33 6.74 4.00 6.01 5.66 3.85 7.20 9.93 7.66 3.92
5.04 8.11 9.16 8.12 3.00 2.84 6.23 3.88 6.02 8.38
8.08 8.46 8.96 6.82 4.68 7.86 1.45 2.93 1.83 8.49
6.79 4.92 9.37 5.20 2.85 2.28 8.58 5.31 4.51 7.86
8.41 8.73 9.91 5.75 5.27 9.79 4.19 3.87 5.96 9.65
8.44 8.97 7.97 2.30 4.62 8.96 2.90 9.96 6.71 8.34

Demandas:
0 0 0 0 1 0 0 0
0 1 0 0 0 0 0 0
0 1 0 0 0 0 0 0
0 0 0 0 1 0 0 0
0 0 0 1 0 0 0 0
0 0 0 0 0 0 1 0
0 0 0 0 0 1 0 0
1 0 0 0 0 0 0 0
1 0 0 0 0 0 0 0
0 0 0 0 0 0 0 1
0 0 0 0 1 0 0 0
1 0 0 0 0 0 0 0
0 0 0 0 0 0 1 0
0 0 0 0 0 0 0 1
0 1 0 0 0 0 0 0
0 0 1 0 0 0 0 0
0 1 0 0 0 0 0 0
0 1 0 0 0 0 0 0
0 0 0 0 0 1 0 0
1 0 0 0 0 0 0 0
0 1 0 0 0 0 0 0
0 0 0 0 1 0 0 0
0 0 0 1 0 0 0 0
0 1 0 0 0 0 0 0
0 0 0 1 0 0 0 0
0 0 1 0 0 0 0 0
0 1 0 0 0 0 0 0
0 0 0 0 0 1 0 0
0 0 0 1 0 0 0 0
0 0 1 0 0 0 0 0
1 0 0 0 0 0 0 0
0 0 0 0 1 0 0 0
1 0 0 0 0 0 0 0
1 0 0 0 0 0 0 0
0 0 0 0 0 0 1 0
0 0 0 0 0 0 1 0
0 0 0 0 0 0 1 0
0 1 0 0 0 0 0 0
1 0 0 0 0 0 0 0
1 0 0 0 0 0 0 0
0 1 0 0 0 0 0 0
0 0 0 0 0 0 0 1
0 0 0 1 0 0 0 0
0 0 0 0 1 0 0 0
0 0 0 1 0 0 0 0
0 0 1 0 0 0 0 0
0 1 0 0 0 0 0 0
0 0 0 1 0 0 0 0
1 0 0 0 0 0 0 0
0 0 0 0 0 0 1 0
0 0 0 0 0 0 1 0
0 1 0 0 0 0 0 0
0 0 0 0 0 0 0 1
0 0 0 0 0 1 0 0
0 0 0 0 0 0 0 1
1 0 0 0 0 0 0 0
1 0 0 0 0 0 0 0
0 0 0 0 0 0 0 1
0 0 1 0 0 0 0 0
0 0 0 0 0 0 0 1
1 0 0 0 0 0 0 0
0 0 0 0 0 1 0 0
0 0 0 1 0 0 0 0
0 1 0 0 0 0 0 0
0 1 0 0 0 0 0 0
0 0 0 0 0 0 0 1
0 0 0 0 0 0 1 0
0 0 1 0 0 0 0 0
1 0 0 0 0 0 0 0
0 0 0 0 0 1 0 0
0 0 0 0 0 0 1 0
0 0 1 0 0 0 0 0
0 0 0 0 0 1 0 0
0 0 0 0 1 0 0 0
0 0 1 0 0 0 0 0
0 0 0 0 0 0 1 0
0 0 0 0 0 0 1 0
0 0 0 0 0 0 0 1
0 0 0 0 0 0 1 0
0 0 0 0 0 1 0 0
0 0 0 0 1 0 0 0
0 0 0 0 0 0 1 0
0 0 0 1 0 0 0 0
0 0 0 0 0 0 1 0
0 0 0 0 0 0 1 0
0 0 0 0 0 0 1 0
0 1 0 0 0 0 0 0
0 0 0 0 0 0 1 0
0 0 0 1 0 0 0 0
0 0 0 0 0 1 0 0
0 1 0 0 0 0 0 0
0 0 0 1 0 0 0 0
0 0 0 0 0 0 0 1
0 0 0 0 0 1 0 0
0 0 1 0 0 0 0 0
0 0 0 0 0 0 1 0
0 0 0 0 1 0 0 0
0 0 0 1 0 0 0 0
0 1 0 0 0 0 0 0
0 0 0 0 1 0 0 0
0 0 0 0 1 0 0 0
1 0 0 0 0 0 0 0
0 0 0 0 0 1 0 0
0 0 0 0 1 0 0 0
0 0 0 0 0 1 0 0
1 0 0 0 0 0 0 0
0 1 0 0 0 0 0 0
0 0 0 0 0 0 0 1
0 0 1 0 0 0 0 0
1 0 0 0 0 0 0 0
0 0 0 0 0 1 0 0
0 1 0 0 0 0 0 0
1 0 0 0 0 0 0 0
0 0 0 0 0 0 1 0
1 0 0 0 0 0 0 0
0 0 0 1 0 0 0 0
0 0 1 0 0 0 0 0
0 0 0 0 0 0 0 1
1 0 0 0 0 0 0 0
0 0 0 1 0 0 0 0
1 0 0 0 0 0 0 0
0 0 0 0 0 1 0 0
0 0 0 1 0 0 0 0
0 0 0 0 0 0 0 1
1 0 0 0 0 0 0 0
0 0 0 0 0 0 1 0
0 0 0 1 0 0 0 0
0 0 0 0 0 1 0 0
0 1 0 0 0 0 0 0
1 0 0 0 0 0 0 0
0 0 0 0 1 0 0 0
0 0 0 0 0 0 1 0
0 0 0 0 0 0 1 0
0 1 0 0 0 0 0 0
0 0 0 0 0 1 0 0
0 0 0 0 0 0 0 1
0 0 1 0 0 0 0 0
1 0 0 0 0 0 0 0
0 0 0 1 0 0 0 0
0 0 0 0 0 1 0 0
0 0 0 0 0 1 0 0
0 0 0 0 1 0 0 0
0 0 1 0 0 0 0 0
0 0 0 0 0 1 0 0
0 0 0 0 0 0 0 1
0 0 0 0 0 1 0 0
0 0 0 0 0 1 0 0
0 0 0 1 0 0 0 0
0 0 0 0 0 0 0 1
0 0 0 1 0 0 0 0
0 0 0 0 0 0 0 1
0 1 0 0 0 0 0 0
0 0 0 1 0 0 0 0
0 0 0 0 0 1 0 0
0 0 0 0 0 1 0 0
0 0 0 0 1 0 0 0
0 0 0 0 0 0 0 1
0 0 0 0 1 0 0 0
1 0 0 0 0 0 0 0
0 0 0 0 0 0 1 0
0 0 0 1 0 0 0 0
1 0 0 0 0 0 0 0
0 0 1 0 0 0 0 0
0 0 0 1 0 0 0 0
0 1 0 0 0 0 0 0
0 0 0 0 1 0 0 0
0 0 0 0 0 0 0 1
0 0 0 1 0 0 0 0
0 0 0 0 0 0 1 0
0 0 0 0 0 0 0 1
1 0 0 0 0 0 0 0
1 0 0 0 0 0 0 0
0 0 0 1 0 0 0 0
0 0 1 0 0 0 0 0
1 0 0 0 0 0 0 0
0 0 1 0 0 0 0 0
1 0 0 0 0 0 0 0
0 0 0 0 0 0 0 1
1 0 0 0 0 0 0 0
0 0 0 0 0 0 0 1
0 0 0 0 1 0 0 0
0 0 0 0 0 0 0 1
0 0 0 0 0 0 0 1
0 0 1 0 0 0 0 0
0 0 0 1 0 0 0 0
1 0 0 0 0 0 0 0
1 0 0 0 0 0 0 0
0 0 0 0 0 0 1 0
0 0 0 0 1 0 0 0
0 0 0 0 0 1 0 0
0 0 0 0 1 0 0 0
0 0 0 0 0 1 0 0
0 0 0 0 0 0 0 1
0 0 0 0 0 1 0 0
0 0 0 0 0 0 1 0
0 0 0 0 0 0 1 0
0 0 0 0 1 0 0 0
0 0 0 1 0 0 0 0
0 0 0 0 1 0 0 0
0 0 1 0 0 0 0 0
0 0 1 0 0 0 0 0
0 0 0 0 1 0 0 0
0 0 0 0 0 0 1 0
0 0 1 0 0 0 0 0
0 0 0 0 0 1 0 0
0 0 0 0 0 1 0 0
0 0 0 0 1 0 0 0
0 0 0 0 0 0 1 0
0 0 0 0 0 0 1 0
0 0 0 0 0 0 1 0
0 0 0 0 0 0 1 0
0 0 0 0 0 1 0 0
0 0 0 0 1 0 0 0
0 0 1 0 0 0 0 0
0 0 0 0 0 0 1 0
0 0 0 0 0 0 1 0
0 1 0 0 0 0 0 0
0 0 1 0 0 0 0 0
1 0 0 0 0 0 0 0
0 0 0 0 0 0 0 1
0 0 1 0 0 0 0 0
0 0 0 0 1 0 0 0
1 0 0 0 0 0 0 0
0 0 0 0 0 0 0 1
0 0 0 0 0 1 0 0
0 0 0 0 0 1 0 0
0 0 0 0 1 0 0 0
0 0 0 0 0 0 1 0
0 0 0 0 0 0 1 0
0 1 0 0 0 0 0 0
0 0 0 0 0 0 1 0
0 0 0 1 0 0 0 0
0 0 0 0 0 0 0 1
0 0 0 0 0 1 0 0
0 0 0 1 0 0 0 0
0 0 1 0 0 0 0 0
0 1 0 0 0 0 0 0
0 1 0 0 0 0 0 0
0 0 0 0 1 0 0 0
0 0 0 0 1 0 0 0
1 0 0 0 0 0 0 0
0 1 0 0 0 0 0 0
0 0 0 1 0 0 0 0
0 0 1 0 0 0 0 0
0 0 0 0 0 1 0 0
0 1 0 0 0 0 0 0
0 1 0 0 0 0 0 0
0 0 1 0 0 0 0 0
0 0 1 0 0 0 0 0
0 0 0 0 0 0 1 0
0 0 1 0 0 0 0 0
1 0 0 0 0 0 0 0
0 1 0 0 0 0 0 0
0 0 0 0 1 0 0 0
0 0 0 0 0 0 1 0
0 0 0 0 0 1 0 0
1 0 0 0 0 0 0 0
0 0 0 1 0 0 0 0
0 0 1 0 0 0 0 0
1 0 0 0 0 0 0 0
0 0 0 1 0 0 0 0
0 0 0 0 0 0 0 1
0 1 0 0 0 0 0 0
0 0 0 0 0 0 0 1
0 0 1 0 0 0 0 0
0 0 0 1 0 0 0 0
0 0 0 0 0 0 0 1
0 0 0 0 1 0 0 0
1 0 0 0 0 0 0 0
0 1 0 0 0 0 0 0
0 0 0 1 0 0 0 0
0 1 0 0 0 0 0 0
1 0 0 0 0 0 0 0
1 0 0 0 0 0 0 0
0 1 0 0 0 0 0 0
0 0 1 0 0 0 0 0
0 1 0 0 0 0 0 0
0 0 0 0 0 1 0 0
0 0 0 0 0 1 0 0
0 0 0 0 0 0 0 1
0 0 1 0 0 0 0 0
0 0 0 0 0 0 0 1
0 0 0 0 1 0 0 0
0 0 0 0 0 1 0 0
0 1 0 0 0 0 0 0
0 0 1 0 0 0 0 0
0 0 0 0 0 0 0 1
0 0 0 0 0 0 0 1
0 0 0 1 0 0 0 0
1 0 0 0 0 0 0 0
0 0 0 0 1 0 0 0
0 0 0 0 0 0 0 1
0 0 0 0 0 0 0 1
0 0 1 0 0 0 0 0
0 0 0 0 0 0 0 1
0 1 0 0 0 0 0 0
1 0 0 0 0 0 0 0
0 0 0 0 1 0 0 0
0 0 0 0 0 0 1 0
0 0 0 0 0 0 0 1
0 0 0 0 0 0 1 0
0 0 0 0 0 0 0 1
0 0 0 1 0 0 0 0
0 0 0 0 0 0 0 1
1 0 0 0 0 0 0 0
0 0 0 0 0 0 0 1
1 0 0 0 0 0 0 0
0 1 0 0 0 0 0 0
1 0 0 0 0 0 0 0
0 1 0 0 0 0 0 0
0 0 1 0 0 0 0 0
0 0 0 0 1 0 0 0
0 0 0 0 0 0 1 0
0 0 0 0 0 1 0 0
0 0 0 0 1 0 0 0
0 0 1 0 0 0 0 0
0 0 0 0 0 1 0 0
0 0 0 0 0 0 0 1
0 0 0 0 1 0 0 0
0 0 0 0 1 0 0 0
0 0 0 1 0 0 0 0
0 0 0 1 0 0 0 0
0 0 0 1 0 0 0 0
0 0 0 0 0 1 0 0
1 0 0 0 0 0 0 0
0 0 1 0 0 0 0 0
0 0 1 0 0 0 0 0
0 0 0 0 0 0 0 1
0 0 0 0 0 0 1 0
1 0 0 0 0 0 0 0
0 0 0 0 0 1 0 0
0 0 0 1 0 0 0 0
1 0 0 0 0 0 0 0
0 0 0 0 1 0 0 0
0 0 1 0 0 0 0 0
0 0 0 0 0 0 1 0
0 0 1 0 0 0 0 0
0 1 0 0 0 0 0 0
1 0 0 0 0 0 0 0
0 0 0 0 0 0 1 0
0 0 0 0 0 0 1 0
0 0 0 0 0 1 0 0
1 0 0 0 0 0 0 0
0 0 0 1 0 0 0 0
0 0 1 0 0 0 0 0
0 1 0 0 0 0 0 0
0 0 0 0 0 1 0 0
0 0 0 0 0 0 1 0
0 0 0 1 0 0 0 0
0 1 0 0 0 0 0 0
0 0 1 0 0 0 0 0
0 0 0 1 0 0 0 0
0 0 0 0 1 0 0 0
0 1 0 0 0 0 0 0
1 0 0 0 0 0 0 0
0 0 0 0 0 1 0 0
0 0 0 0 1 0 0 0
0 0 0 0 0 0 0 1
0 0 0 0 1 0 0 0
0 1 0 0 0 0 0 0
0 0 0 0 0 1 0 0
0 0 0 0 1 0 0 0
0 0 0 1 0 0 0 0
0 0 0 1 0 0 0 0
0 0 0 0 1 0 0 0
0 1 0 0 0 0 0 0
0 0 0 0 1 0 0 0
0 0 0 0 0 0 1 0
0 0 0 0 0 0 0 1
0 0 1 0 0 0 0 0
0 0 0 0 1 0 0 0
0 0 1 0 0 0 0 0
0 0 1 0 0 0 0 0
0 0 0 0 1 0 0 0
0 0 0 0 0 1 0 0
1 0 0 0 0 0 0 0
0 0 0 0 0 0 0 1
0 1 0 0 0 0 0 0
0 0 0 0 0 0 1 0
0 0 1 0 0 0 0 0
0 0 1 0 0 0 0 0
0 1 0 0 0 0 0 0
0 0 0 0 0 1 0 0
0 0 0 1 0 0 0 0
0 0 0 1 0 0 0 0
0 0 1 0 0 0 0 0
0 0 0 0 0 0 0 1
0 0 0 0 1 0 0 0
0 0 0 0 0 0 1 0
0 0 0 0 0 0 1 0
0 0 0 0 0 0 0 1
0 0 1 0 0 0 0 0
0 0 0 0 0 0 1 0
0 0 0 1 0 0 0 0
0 0 0 1 0 0 0 0
1 0 0 0 0 0 0 0
1 0 0 0 0 0 0 0
0 0 0 0 0 1 0 0
0 0 0 1 0 0 0 0
0 0 0 0 0 0 0 1
0 0 0 0 0 0 0 1
0 0 1 0 0 0 0 0
0 0 0 1 0 0 0 0
0 0 0 0 0 0 0 1
0 0 0 0 0 0 1 0
0 1 0 0 0 0 0 0
0 0 0 0 0 0 0 1
0 0 0 1 0 0 0 0
0 0 0 1 0 0 0 0
0 0 0 0 1 0 0 0
0 1 0 0 0 0 0 0
0 0 1 0 0 0 0 0
0 0 0 0 0 0 0 1
0 0 1 0 0 0 0 0
0 0 0 0 0 1 0 0
0 0 0 0 0 0 1 0
0 0 1 0 0 0 0 0
1 0 0 0 0 0 0 0
1 0 0 0 0 0 0 0
0 1 0 0 0 0 0 0
0 0 0 0 0 1 0 0
0 0 0 0 0 0 0 1
0 0 0 1 0 0 0 0
0 0 1 0 0 0 0 0
0 0 0 0 0 1 0 0
0 1 0 0 0 0 0 0
0 0 0 0 0 1 0 0
0 0 0 0 1 0 0 0
0 0 0 1 0 0 0 0
0 0 0 0 0 0 1 0
0 0 0 0 0 0 0 1
0 0 0 0 0 0 0 1
0 0 0 0 1 0 0 0
0 0 0 0 0 0 1 0
0 0 0 0 0 0 1 0
0 1 0 0 0 0 0 0
0 0 0 0 0 0 0 1
0 0 0 0 0 1 0 0
0 0 0 1 0 0 0 0
0 1 0 0 0 0 0 0
0 0 0 0 0 0 0 1
0 0 0 0 0 1 0 0
0 0 1 0 0 0 0 0
0 0 1 0 0 0 0 0
0 0 0 1 0 0 0 0
0 0 1 0 0 0 0 0
0 0 0 1 0 0 0 0
0 0 0 0 0 1 0 0
0 0 0 1 0 0 0 0
0 1 0 0 0 0 0 0
0 1 0 0 0 0 0 0
0 0 1 0 0 0 0 0
0 0 0 0 0 0 0 1
1 0 0 0 0 0 0 0
0 0 1 0 0 0 0 0
0 0 1 0 0 0 0 0
0 0 0 0 0 0 0 1
0 0 0 0 0 1 0 0
1 0 0 0 0 0 0 0
0 0 0 1 0 0 0 0
1 0 0 0 0 0 0 0
0 0 1 0 0 0 0 0
0 1 0 0 0 0 0 0
0 0 0 0 0 0 1 0
0 0 0 0 0 1 0 0
0 0 0 1 0 0 0 0
0 0 0 0 0 0 0 1
0 1 0 0 0 0 0 0
0 0 0 0 0 0 1 0
0 0 1 0 0 0 0 0
1 0 0 0 0 0 0 0
1 0 0 0 0 0 0 0
0 0 0 0 0 1 0 0
0 0 1 0 0 0 0 0
0 1 0 0 0 0 0 0
0 0 0 1 0 0 0 0
0 0 1 0 0 0 0 0
0 0 1 0 0 0 0 0
0 0 0 0 0 1 0 0
0 0 0 0 0 0 0 1
1 0 0 0 0 0 0 0
0 0 0 0 0 1 0 0
0 0 0 1 0 0 0 0
0 0 0 1 0 0 0 0
1 0 0 0 0 0 0 0
0 0 0 1 0 0 0 0
0 0 1 0 0 0 0 0
0 1 0 0 0 0 0 0
0 0 0 0 1 0 0 0
0 0 0 0 0 0 1 0
0 0 0 1 0 0 0 0
0 0 0 0 0 1 0 0
0 0 0 0 1 0 0 0
0 0 1 0 0 0 0 0
0 0 0 1 0 0 0 0
0 1 0 0 0 0 0 0
0 0 0 0 0 0 0 1
0 1 0 0 0 0 0 0
0 0 0 0 0 1 0 0
0 1 0 0 0 0 0 0
0 0 0 0 0 0 1 0
1 0 0 0 0 0 0 0
0 0 0 1 0 0 0 0
1 0 0 0 0 0 0 0
0 0 0 0 0 0 1 0
0 1 0 0 0 0 0 0
0 0 0 0 0 0 1 0
0 0 0 0 1 0 0 0
0 1 0 0 0 0 0 0
0 0 1 0 0 0 0 0
0 1 0 0 0 0 0 0
0 0 0 0 0 0 0 1
0 1 0 0 0 0 0 0
0 0 0 0 0 0 1 0
0 0 0 0 0 0 1 0
0 0 0 0 0 0 1 0
0 0 0 1 0 0 0 0
1 0 0 0 0 0 0 0
0 0 0 0 0 0 1 0
0 0 0 0 0 0 1 0
0 0 0 1 0 0 0 0
0 0 0 0 0 0 1 0
0 1 0 0 0 0 0 0
0 1 0 0 0 0 0 0
0 0 0 1 0 0 0 0
1 0 0 0 0 0 0 0
0 0 0 0 0 1 0 0
0 0 1 0 0 0 0 0
0 0 0 0 0 0 0 1
1 0 0 0 0 0 0 0
0 0 0 0 0 0 0 1
0 0 0 0 0 0 1 0
0 1 0 0 0 0 0 0
0 0 0 0 0 1 0 0
0 1 0 0 0 0 0 0
0 0 0 1 0 0 0 0
0 0 0 1 0 0 0 0
0 0 0 0 1 0 0 0
0 0 0 0 0 0 0 1
0 0 0 0 0 1 0 0
0 0 1 0 0 0 0 0
0 0 0 1 0 0 0 0
0 0 0 1 0 0 0 0
0 0 0 0 0 0 0 1
0 0 0 0 0 1 0 0
0 0 0 0 0 0 1 0
0 0 0 0 0 0 1 0
0 0 0 0 0 0 1 0
0 0 0 0 0 0 0 1
0 0 0 0 1 0 0 0
1 0 0 0 0 0 0 0
0 0 0 0 0 0 0 1
0 0 0 0 0 0 1 0
0 0 1 0 0 0 0 0
1 0 0 0 0 0 0 0
0 0 1 0 0 0 0 0
1 0 0 0 0 0 0 0
0 0 0 0 0 1 0 0
0 0 0 0 0 0 1 0
0 0 0 0 0 0 0 1
0 0 0 1 0 0 0 0
0 0 1 0 0 0 0 0
1 0 0 0 0 0 0 0
0 0 1 0 0 0 0 0
0 0 0 0 0 1 0 0
0 0 0 0 1 0 0 0
0 0 0 0 1 0 0 0
0 0 0 0 0 0 0 1
0 0 0 0 1 0 0 0
0 0 1 0 0 0 0 0
0 0 0 1 0 0 0 0
0 0 0 0 0 0 1 0
0 0 0 0 0 0 0 1
0 1 0 0 0 0 0 0
0 0 1 0 0 0 0 0
0 0 0 0 0 1 0 0
0 0 1 0 0 0 0 0
0 0 0 0 0 0 1 0
0 0 1 0 0 0 0 0
0 0 0 1 0 0 0 0
0 0 0 1 0 0 0 0
0 0 0 1 0 0 0 0
0 0 0 0 1 0 0 0
0 0 0 0 0 0 1 0
0 0 0 0 0 0 0 1
0 0 1 0 0 0 0 0
0 0 0 0 1 0 0 0
0 0 0 0 0 0 1 0
0 0 0 0 0 0 1 0
0 0 0 1 0 0 0 0
0 0 0 0 1 0 0 0
0 0 0 1 0 0 0 0
0 1 0 0 0 0 0 0
0 0 0 0 0 0 1 0
0 0 0 0 1 0 0 0
0 0 0 0 0 0 0 1
0 0 0 0 0 0 0 1
0 0 0 1 0 0 0 0
0 0 0 0 1 0 0 0
0 1 0 0 0 0 0 0
0 1 0 0 0 0 0 0
0 0 0 0 0 0 1 0
0 0 0 0 0 0 1 0
0 1 0 0 0 0 0 0
0 0 0 1 0 0 0 0
0 0 0 1 0 0 0 0
1 0 0 0 0 0 0 0
0 0 0 0 1 0 0 0
0 0 0 0 0 0 0 1
0 0 0 0 0 0 1 0
0 0 0 0 0 0 0 1
0 0 0 1 0 0 0 0
0 1 0 0 0 0 0 0
0 0 0 0 1 0 0 0
0 1 0 0 0 0 0 0
0 0 0 0 0 0 0 1
0 0 0 0 0 1 0 0
0 0 0 0 0 1 0 0
1 0 0 0 0 0 0 0
0 0 0 0 0 1 0 0
0 0 0 0 1 0 0 0
0 1 0 0 0 0 0 0
0 0 0 1 0 0 0 0
0 0 0 0 0 0 0 1
0 0 0 0 0 0 0 1
0 0 0 0 1 0 0 0
0 0 0 0 0 0 0 1
0 0 0 0 0 1 0 0
1 0 0 0 0 0 0 0
0 0 0 1 0 0 0 0
0 0 0 1 0 0 0 0
0 0 0 0 0 0 0 1
0 0 0 0 0 1 0 0
0 0 0 0 0 0 0 1
1 0 0 0 0 0 0 0
0 1 0 0 0 0 0 0
0 0 0 0 0 1 0 0
0 0 0 0 0 0 0 1
0 0 0 0 1 0 0 0
0 0 0 0 1 0 0 0
0 0 1 0 0 0 0 0
0 0 0 0 0 0 1 0
0 0 1 0 0 0 0 0
1 0 0 0 0 0 0 0
0 0 0 0 0 0 0 1
0 1 0 0 0 0 0 0
0 0 0 0 0 1 0 0
0 0 0 0 0 1 0 0
0 1 0 0 0 0 0 0
0 0 0 1 0 0 0 0
1 0 0 0 0 0 0 0
0 0 0 1 0 0 0 0
0 1 0 0 0 0 0 0
0 0 0 0 0 0 1 0
1 0 0 0 0 0 0 0
0 0 0 1 0 0 0 0
0 0 1 0 0 0 0 0
0 0 0 0 0 0 1 0
0 0 0 0 0 1 0 0
0 0 1 0 0 0 0 0
0 1 0 0 0 0 0 0
1 0 0 0 0 0 0 0
0 0 0 1 0 0 0 0
0 0 1 0 0 0 0 0
0 1 0 0 0 0 0 0
0 0 0 1 0 0 0 0
0 0 0 1 0 0 0 0
0 0 0 0 1 0 0 0
0 0 1 0 0 0 0 0
0 0 0 1 0 0 0 0
0 0 0 1 0 0 0 0
0 0 1 0 0 0 0 0
1 0 0 0 0 0 0 0
0 0 0 1 0 0 0 0
0 0 0 1 0 0 0 0
0 0 0 1 0 0 0 0
0 0 0 0 0 1 0 0
0 0 0 0 0 1 0 0
0 0 0 0 0 0 1 0
0 1 0 0 0 0 0 0
0 0 0 0 0 1 0 0
0 0 0 0 0 0 0 1
1 0 0 0 0 0 0 0
1 0 0 0 0 0 0 0
0 0 0 0 0 0 0 1
0 0 0 1 0 0 0 0
0 0 0 0 0 1 0 0
0 0 0 0 0 1 0 0
0 0 1 0 0 0 0 0
0 0 1 0 0 0 0 0
1 0 0 0 0 0 0 0
0 0 0 0 0 0 0 1
0 0 0 1 0 0 0 0
0 0 0 0 0 1 0 0
0 0 0 0 1 0 0 0
0 1 0 0 0 0 0 0
0 0 0 1 0 0 0 0
1 0 0 0 0 0 0 0
0 0 0 1 0 0 0 0
0 0 0 0 0 1 0 0
0 1 0 0 0 0 0 0
0 0 0 1 0 0 0 0
0 0 1 0 0 0 0 0
0 0 0 0 0 0 0 1
0 0 0 0 0 0 0 1
0 0 0 0 0 1 0 0
0 0 0 1 0 0 0 0
0 0 0 0 1 0 0 0
0 0 0 0 1 0 0 0
0 0 0 0 0 0 0 1
0 0 0 0 0 1 0 0
0 0 0 0 1 0 0 0
1 0 0 0 0 0 0 0
0 0 0 1 0 0 0 0
0 0 0 0 0 1 0 0
0 0 0 0 0 1 0 0
0 0 1 0 0 0 0 0
0 0 0 0 1 0 0 0
0 0 0 0 0 1 0 0
0 0 0 0 0 0 1 0
0 1 0 0 0 0 0 0
0 0 0 0 1 0 0 0
0 0 0 0 0 1 0 0
0 0 1 0 0 0 0 0
0 0 1 0 0 0 0 0
1 0 0 0 0 0 0 0
0 0 0 1 0 0 0 0
1 0 0 0 0 0 0 0
0 0 0 0 0 0 1 0
0 0 0 0 0 0 0 1
0 0 0 0 0 0 0 1
1 0 0 0 0 0 0 0
0 0 0 0 0 0 0 1
0 0 0 0 0 0 0 1
0 0 0 0 0 0 0 1
0 0 0 1 0 0 0 0
0 0 0 0 1 0 0 0
0 0 0 0 0 1 0 0
0 0 1 0 0 0 0 0
0 0 0 0 0 1 0 0
0 0 0 1 0 0 0 0
0 0 0 1 0 0 0 0
0 0 0 0 0 0 1 0
0 1 0 0 0 0 0 0
1 0 0 0 0 0 0 0
0 0 1 0 0 0 0 0
0 0 0 0 1 0 0 0
0 0 0 0 0 0 1 0
0 1 0 0 0 0 0 0
0 0 1 0 0 0 0 0
0 1 0 0 0 0 0 0
0 1 0 0 0 0 0 0
1 0 0 0 0 0 0 0
0 0 0 0 0 0 1 0
0 0 0 0 0 1 0 0
1 0 0 0 0 0 0 0
0 1 0 0 0 0 0 0
0 0 0 0 0 1 0 0
0 0 1 0 0 0 0 0
0 0 1 0 0 0 0 0
0 0 0 0 1 0 0 0
0 0 0 1 0 0 0 0
0 0 1 0 0 0 0 0
0 0 0 0 0 1 0 0
0 1 0 0 0 0 0 0
0 0 0 0 0 0 1 0
0 0 0 0 0 1 0 0
0 0 0 0 0 0 1 0
0 1 0 0 0 0 0 0
0 0 0 0 1 0 0 0
0 0 1 0 0 0 0 0
0 0 0 0 1 0 0 0
0 1 0 0 0 0 0 0
0 0 1 0 0 0 0 0
0 0 0 0 0 0 0 1
0 0 1 0 0 0 0 0
0 0 0 0 0 1 0 0
0 0 0 0 1 0 0 0
1 0 0 0 0 0 0 0
0 0 0 0 1 0 0 0
0 0 0 0 0 1 0 0
1 0 0 0 0 0 0 0
0 0 0 0 1 0 0 0
0 0 0 0 1 0 0 0
0 0 0 0 0 0 1 0
0 0 0 0 0 1 0 0
1 0 0 0 0 0 0 0
1 0 0 0 0 0 0 0
0 0 0 0 0 0 0 1
0 0 0 0 0 1 0 0
0 0 1 0 0 0 0 0
0 0 0 0 0 1 0 0
0 0 0 0 1 0 0 0
0 0 1 0 0 0 0 0
0 0 1 0 0 0 0 0
0 0 0 0 0 0 0 1
0 0 0 1 0 0 0 0
0 0 1 0 0 0 0 0
0 0 0 0 0 0 0 1
0 0 0 0 0 0 1 0
0 0 0 1 0 0 0 0
0 0 0 0 1 0 0 0
0 0 0 0 0 1 0 0
0 0 0 0 1 0 0 0
0 1 0 0 0 0 0 0
0 0 1 0 0 0 0 0
1 0 0 0 0 0 0 0
1 0 0 0 0 0 0 0
0 1 0 0 0 0 0 0
0 0 1 0 0 0 0 0
0 0 0 0 0 0 0 1
0 0 0 0 0 0 0 1
0 0 0 0 0 0 1 0
0 1 0 0 0 0 0 0
0 0 0 0 0 0 0 1
0 0 0 0 1 0 0 0
0 0 0 1 0 0 0 0
0 0 0 0 1 0 0 0
0 1 0 0 0 0 0 0
0 0 0 0 0 0 1 0
0 0 0 1 0 0 0 0
0 0 0 0 1 0 0 0
0 0 0 0 0 0 0 1
0 0 0 0 0 0 1 0
0 0 1 0 0 0 0 0
0 0 1 0 0 0 0 0
0 0 0 1 0 0 0 0
0 0 0 1 0 0 0 0
0 0 0 1 0 0 0 0
0 0 1 0 0 0 0 0
1 0 0 0 0 0 0 0
0 0 1 0 0 0 0 0
1 0 0 0 0 0 0 0
1 0 0 0 0 0 0 0
0 0 0 0 0 0 1 0
0 1 0 0 0 0 0 0
0 0 0 0 0 0 0 1
0 0 0 0 0 0 1 0
1 0 0 0 0 0 0 0
0 0 0 1 0 0 0 0
1 0 0 0 0 0 0 0
0 0 1 0 0 0 0 0
1 0 0 0 0 0 0 0
0 1 0 0 0 0 0 0
0 0 0 0 0 0 0 1
0 0 0 0 0 0 0 1
0 0 1 0 0 0 0 0
1 0 0 0 0 0 0 0
0 0 0 0 0 0 0 1
0 0 0 1 0 0 0 0
0 1 0 0 0 0 0 0
0 0 0 0 0 1 0 0
0 0 0 0 0 0 1 0
0 0 0 0 0 1 0 0
0 0 0 1 0 0 0 0
0 0 0 0 0 1 0 0
0 0 0 1 0 0 0 0
1 0 0 0 0 0 0 0
0 0 0 0 0 0 1 0
0 0 0 0 0 0 0 1
0 0 0 0 0 0 1 0
1 0 0 0 0 0 0 0
0 0 0 0 0 0 1 0
1 0 0 0 0 0 0 0
1 0 0 0 0 0 0 0
1 0 0 0 0 0 0 0
0 0 0 0 0 0 1 0
0 0 0 0 0 0 0 1
0 0 0 0 0 0 1 0
1 0 0 0 0 0 0 0
0 1 0 0 0 0 0 0
0 0 0 0 0 1 0 0
0 0 0 0 1 0 0 0
0 1 0 0 0 0 0 0
1 0 0 0 0 0 0 0
1 0 0 0 0 0 0 0
1 0 0 0 0 0 0 0
0 0 0 0 1 0 0 0
0 0 0 1 0 0 0 0
0 0 0 0 1 0 0 0
1 0 0 0 0 0 0 0
0 0 0 0 0 0 1 0
0 1 0 0 0 0 0 0
1 0 0 0 0 0 0 0
0 0 1 0 0 0 0 0
0 0 0 0 1 0 0 0
0 0 0 0 0 0 1 0
1 0 0 0 0 0 0 0
0 0 0 0 0 0 0 1
0 0 0 1 0 0 0 0
0 0 0 0 1 0 0 0
1 0 0 0 0 0 0 0
0 0 0 0 0 0 1 0
0 0 0 1 0 0 0 0
0 1 0 0 0 0 0 0
0 0 0 0 1 0 0 0
0 0 1 0 0 0 0 0
0 0 1 0 0 0 0 0
0 0 0 1 0 0 0 0
0 0 0 0 0 1 0 0
0 1 0 0 0 0 0 0
0 1 0 0 0 0 0 0
0 0 0 0 0 0 1 0
0 1 0 0 0 0 0 0
0 1 0 0 0 0 0 0
1 0 0 0 0 0 0 0
0 0 0 0 0 1 0 0
0 0 0 0 0 0 0 1
0 0 0 0 0 0 0 1
0 0 0 1 0 0 0 0
0 0 0 1 0 0 0 0
0 1 0 0 0 0 0 0
0 0 0 0 1 0 0 0
0 0 1 0 0 0 0 0
0 0 0 0 0 1 0 0
0 0 0 0 0 1 0 0
1 0 0 0 0 0 0 0
0 1 0 0 0 0 0 0
0 0 0 0 0 0 0 1
1 0 0 0 0 0 0 0
0 0 0 0 0 0 0 1
0 0 0 0 0 1 0 0
0 0 0 0 1 0 0 0
0 0 1 0 0 0 0 0
0 0 0 0 0 0 1 0
0 0 0 0 0 0 0 1
0 0 1 0 0 0 0 0
0 0 0 0 1 0 0 0
0 0 0 0 0 0 1 0
0 1 0 0 0 0 0 0
0 0 0 1 0 0 0 0
0 0 1 0 0 0 0 0
0 0 0 0 1 0 0 0
0 1 0 0 0 0 0 0
0 0 1 0 0 0 0 0
0 0 0 0 1 0 0 0
1 0 0 0 0 0 0 0
0 0 0 0 0 1 0 0
0 0 0 0 0 0 1 0
1 0 0 0 0 0 0 0
0 0 0 0 0 0 1 0
0 0 0 0 0 0 1 0
0 1 0 0 0 0 0 0
0 0 0 0 0 0 0 1
0 0 0 1 0 0 0 0
0 0 0 1 0 0 0 0
0 0 0 0 0 0 1 0
0 0 0 1 0 0 0 0
0 0 0 0 0 1 0 0
0 0 0 0 0 0 1 0
0 0 0 0 1 0 0 0
0 0 1 0 0 0 0 0
0 0 1 0 0 0 0 0
1 0 0 0 0 0 0 0
0 0 0 0 0 0 0 1
0 0 1 0 0 0 0 0
0 0 0 1 0 0 0 0
0 1 0 0 0 0 0 0
0 1 0 0 0 0 0 0
0 0 0 0 1 0 0 0
1 0 0 0 0 0 0 0
0 0 0 1 0 0 0 0
0 0 0 0 0 1 0 0
0 0 0 0 1 0 0 0
0 0 0 0 0 0 1 0
0 0 0 0 1 0 0 0
0 0 0 1 0 0 0 0
1 0 0 0 0 0 0 0
0 0 0 1 0 0 0 0
0 0 0 0 0 0 1 0
0 0 0 0 0 0 0 1
0 0 0 0 0 0 1 0
0 0 0 1 0 0 0 0
0 0 0 0 0 0 1 0
0 0 0 0 0 0 0 1
0 0 1 0 0 0 0 0
0 1 0 0 0 0 0 0
0 0 0 0 1 0 0 0
0 1 0 0 0 0 0 0
0 0 0 0 1 0 0 0
0 0 0 0 0 0 1 0
0 0 0 0 1 0 0 0
0 0 1 0 0 0 0 0
0 0 0 0 0 0 0 1
0 0 1 0 0 0 0 0
0 0 0 0 1 0 0 0
0 0 0 0 0 1 0 0
0 0 0 0 0 0 1 0
0 0 0 0 0 0 1 0
0 0 0 0 0 0 1 0
0 0 0 0 0 0 1 0
0 0 0 0 0 1 0 0
0 0 0 1 0 0 0 0
0 0 0 0 0 1 0 0
0 0 0 0 0 0 1 0
0 0 0 0 0 0 0 1
1 0 0 0 0 0 0 0
1 0 0 0 0 0 0 0
0 0 0 0 0 0 0 1
0 0 0 0 0 0 0 1

Capacidades:
25 59 46 48 37 37 34 36
31 41 31 53 41 25 53 20
39 38 38 58 25 32 49 22
28 59 46 28 57 56 57 45
37 0 55 28 0 25 36 36
44 0 54 32 40 40 57 56
53 0 21 27 40 56 46 43
0 58 41 59 43 0 24 32
48 27 37 27 54 55 32 42
39 26 29 43 25 24 38 23
