m: 500
n: 10
p: 8

Distancias:
8.17 7.67 5.97 6.31 9.44 7.23 1.69 5.48 9.65 8.80
6.63 6.24 9.85 8.77 1.95 8.19 6.40 7.00 8.39 5.14
4.75 7.77 5.44 4.67 3.59 5.61 9.11 1.85 7.42 3.71
3.68 6.71 1.83 9.74 5.04 8.95 7.77 1.58 2.29 4.73
6.07 7.17 3.00 6.89 4.83 7.84 2.20 2.83 8.41 2.29
1.86 2.70 6.95 4.18 3.85 5.08 1.40 3.85 3.93 5.33
5.69 8.76 4.68 2.92 9.28 9.78 8.35 6.59 7.50 7.13
1.64 6.14 9.82 4.27 3.94 3.55 3.31 5.67 9.59 4.98
7.96 4.99 3.43 8.19 9.22 7.86 9.31 1.19 5.21 9.01
5.93 8.70 1.44 8.32 9.78 9.86 6.96 2.88 4.81 1.58
3.50 5.41 7.79 1.11 6.40 5.87 7.04 9.72 4.92 4.27
3.05 5.38 6.28 4.03 7.84 3.31 7.18 9.74 8.78 2.50
6.49 8.27 7.48 1.28 6.29 5.75 3.95 1.51 8.54 6.61
2.93 6.09 2.62 6.14 4.40 6.59 8.17 4.72 2.42 7.19
3.49 9.40 1.74 6.30 5.54 9.87 6.04 1.16 7.82 3.53
8.29 5.01 9.37 9.19 3.41 8.19 1.34 3.17 1.44 7.02
9.43 5.68 4.04 5.96 8.04 5.16 9.02 3.32 3.68 1.62
1.13 2.23 3.97 4.40 1.82 3.03 7.60 1.57 3.20 9.94
2.45 4.72 6.34 4.95 6.60 8.01 4.18 2.16 2.52 5.08
9.83 6.95 9.77 4.44 9.73 9.02 1.67 7.02 2.37 8.34
7.51 5.07 8.64 1.53 4.21 9.78 7.00 5.78 2.84 2.21
8.78 5.72 6.87 5.69 4.25 7.11 2.05 6.00 5.36 1.81
5.29 4.23 4.13 8.93 1.34 1.54 9.48 1.76 3.14 1.37
9.64 8.07 1.46 1.22 8.65 3.19 1.73 6.34 6.71 4.68
3.23 4.36 4.78 4.09 4.30 2.88 4.64 7.30 2.38 2.20
7.33 9.11 5.24 1.84 4.74 6.85 1.41 8.85 5.61 9.55
6.84 3.63 8.17 7.55 7.25 1.47 4.18 4.89 8.79 3.51
1.36 2.59 4.27 6.09 8.21 6.05 4.42 5.65 2.17 2.49
3.35 8.34 4.94 6.77 2.36 4.66 9.90 3.30 3.67 3.69
3.11 3.85 2.03 7.14 9.83 5.79 2.35 8.49 9.49 6.77
4.46 3.28 6.47 3.46 3.13 9.46 8.14 2.90 9.15 7.85
5.13 7.51 9.24 2.62 7.02 3.78 3.70 8.23 7.20 6.27
7.12 2.51 5.24 6.18 6.25 7.40 3.53 8.77 4.34 4.55
4.37 2.10 2.14 9.68 2.28 6.64 6.70 3.87 6.02 3.40
6.34 5.17 7.46 6.10 3.62 1.56 7.51 4.07 9.40 6.36
1.94 1.07 4.92 3.89 2.96 7.72 5.19 6.24 4.14 8.90
9.93 5.91 9.16 7.17 1.76 6.29 5.27 5.82 8.24 8.81
6.53 1.33 5.04 7.33 6.82 6.85 1.39 2.84 9.32 3.74
6.91 4.57 8.28 6.47 8.20 9.52 5.68 3.90 1.36 8.74
8.07 4.02 2.13 5.57 1.62 6.27 6.94 4.30 4.62 1.06
3.14 5.10 6.46 3.83 3.52 4.55 5.77 5.58 4.71 6.89
5.30 5.17 8.69 3.21 8.11 7.90 4.85 6.95 3.83 9.46
4.18 5.25 8.31 5.51 8.80 1.41 8.13 9.24 7.57 3.26
6.62 2.82 7.23 8.71 8.11 2.13 5.46 6.78 6.36 7.49
3.26 5.07 6.09 4.44 9.86 8.61 4.95 5.06 3.84 4.55
6.51 7.49 4.43 6.17 1.40 8.77 3.96 8.66 7.04 6.35
7.76 7.52 2.78 9.52 8.15 5.61 8.58 6.60 9.95 2.33
3.66 4.93 7.34 9.43 3.24 6.81 7.06 1.30 2.43 8.64
9.51 3.06 3.14 4.94 3.65 1.24 6.45 4.89 4.77 9.09
3.87 9.90 3.46 7.40 3.03 9.60 4.04 6.95 8.02 5.55
1.06 7.19 9.88 7.43 2.09 3.54 5.26 7.83 9.17 7.53
8.47 6.99 8.55 3.78 3.02 6.23 1.98 8.96 1.78 4.06
3.87 7.15 5.94 7.52 3.65 8.61 7.40 7.46 3.81 4.42
5.72 3.72 6.43 8.55 4.64 4.88 2.38 1.40 1.64 8.88
6.66 8.61 3.74 8.01 2.16 1.24 6.09 5.56 7.79 3.65
2.26 3.80 1.84 7.35 5.82 6.92 8.39 4.89 8.41 5.09
1.31 2.56 7.64 5.71 8.36 8.90 1.13 4.48 6.32 1.92
6.13 3.75 8.61 4.52 5.62 9.07 1.96 9.63 1.47 9.61
7.39 4.58 9.47 7.16 1.65 3.99 2.41 6.90 3.98 8.56
6.47 6.88 3.09 5.35 4.89 2.24 7.76 3.44 8.28 1.46
7.84 7.86 3.32 2.19 8.19 8.17 7.56 9.50 3.28 1.42
4.19 6.46 9.92 8.43 7.58 2.81 1.58 1.21 7.15 5.27
9.48 8.62 3.11 5.11 6.51 7.12 7.92 9.36 1.52 6.20
2.55 2.22 9.14 7.41 6.87 4.71 4.58 7.46 9.39 1.73
2.73 4.50 3.69 1.52 8.51 7.61 7.79 1.75 1.53 2.02
5.40 2.46 8.52 2.71 8.48 4.57 7.48 5.68 9.43 9.22
2.39 8.01 1.20 8.18 4.36 6.58 9.27 8.66 1.88 1.97
9.77 9.52 8.28 9.89 4.33 4.60 9.02 1.54 6.07 5.90
2.64 1.24 1.77 5.74 5.57 7.16 4.77 5.18 6.39 4.27
7.77 5.65 7.29 8.02 6.64 3.49 2.00 9.51 1.87 1.81
6.80 2.56 5.60 6.72 6.31 2.35 2.93 3.87 6.71 1.57
3.07 1.70 2.40 8.64 4.75 9.44 1.06 4.38 3.28 2.90
8.37 9.85 3.89 1.64 5.07 6.45 4.93 2.98 7.45 6.44
3.53 3.09 7.09 8.83 3.88 6.68 1.26 7.94 6.09 6.01
9.43 7.80 9.33 4.03 6.23 6.48 3.29 3.30 1.04 5.88
8.09 3.41 5.96 9.72 5.69 7.74 5.33 8.85 6.99 9.19
1.20 8.04 1.91 4.27 2.01 8.12 7.89 7.67 7.36 4.47
8.54 3.05 8.88 3.75 4.28 2.50 5.43 3.70 5.76 9.95
9.85 2.17 6.16 7.08 9.84 4.95 3.80 7.92 9.12 3.98
4.20 5.69 4.98 9.90 9.87 7.98 9.78 8.39 7.72 6.91
5.01 1.10 7.57 6.26 1.15 7.70 8.30 6.73 4.92 8.29
6.42 1.84 2.93 9.82 8.28 9.94 4.89 1.01 3.51 8.92
8.29 6.26 6.79 1.93 3.94 7.01 9.34 4.08 5.36 7.09
2.73 2.95 2.60 5.85 5.46 3.32 5.53 3.54 8.74 8.93
9.05 5.29 3.19 6.01 7.40 7.34 4.39 1.98 7.97 1.79
3.94 9.22 9.07 3.65 5.74 7.81 4.37 8.28 8.09 5.89
2.13 9.54 3.40 3.81 8.31 1.95 4.90 1.94 5.33 4.22
9.42 7.26 3.44 5.65 5.38 8.59 2.88 5.59 3.48 1.14
9.26 3.19 9.87 7.52 6.27 9.84 7.44 8.55 9.70 5.92
5.29 9.13 1.48 7.03 9.66 2.69 2.64 5.56 1.68 3.37
7.96 2.97 6.45 8.80 9.40 6.77 9.98 1.37 9.37 5.57
9.52 6.35 9.68 2.80 2.89 3.36 7.65 2.09 6.91 8.52
2.06 6.95 8.69 4.58 8.25 6.31 7.09 5.69 8.39 9.17
9.50 1.56 3.63 8.18 1.68 6.94 4.54 4.01 3.67 2.91
9.42 9.38 8.45 9.27 9.11 7.81 5.41 6.05 1.33 3.23
2.79 4.32 3.43 6.08 4.17 1.89 7.69 5.94 7.16 4.32
9.58 4.68 1.70 9.05 2.60 3.31 8.80 5.78 3.84 8.94
9.83 8.04 4.22 7.43 7.67 2.87 2.57 2.88 1.41 9.61
7.66 6.77 5.58 6.15 2.40 7.71 1.52 4.31 4.31 6.18
4.21 1.09 9.09 9.23 7.37 3.09 8.74 4.15 8.74 2.34
7.47 6.35 6.85 6.10 5.99 8.10 6.83 4.12 7.45 2.10
6.62 4.42 5.54 6.83 2.57 1.22 1.96 8.82 8.55 2.80
8.06 9.06 4.76 7.21 9.12 7.04 7.49 5.57 7.47 6.90
6.24 6.39 4.06 8.36 8.53 5.07 6.15 8.87 5.89 4.97
7.98 4.72 2.39 6.30 4.16 8.57 8.88 3.40 3.98 7.87
1.36 8.42 9.41 9.52 9.54 9.06 7.36 5.74 5.99 6.44
1.89 8.31 4.88 1.88 6.01 5.24 5.06 7.19 1.44 7.38
5.47 5.68 6.30 6.61 2.65 8.65 1.52 2.40 9.36 4.82
5.32 7.62 9.28 9.79 9.62 8.91 8.27 4.43 4.37 2.44
6.45 3.19 6.72 9.57 2.46 1.45 6.04 3.66 8.92 4.19
3.58 7.71 4.66 9.82 9.41 1.50 4.80 6.70 2.83 4.38
8.87 1.38 2.73 5.61 9.24 2.17 9.28 4.95 5.94 1.34
7.27 3.06 4.46 5.96 3.53 1.45 9.11 4.41 9.30 9.18
7.90 3.61 1.00 4.94 5.86 2.78 9.34 3.72 8.24 6.11
3.73 3.41 9.78 3.70 9.23 2.71 3.37 9.66 8.77 5.16
4.47 7.94 5.69 9.22 3.96 9.11 6.46 8.05 6.83 4.72
4.97 8.32 3.59 3.21 5.20 9.13 3.11 3.18 2.82 7.69
2.07 7.06 3.92 8.67 3.56 9.91 9.29 9.32 3.54 4.86
8.90 3.75 4.46 9.10 9.57 3.30 4.51 8.98 7.79 4.01
3.22 5.24 4.62 8.98 1.67 2.20 6.09 5.39 1.20 9.85
3.60 8.97 2.32 3.90 6.23 2.83 4.24 2.31 8.91 6.10
7.95 8.36 3.32 1.82 2.49 9.84 7.78 4.81 5.96 5.47
2.16 8.09 5.75 9.94 3.91 7.05 8.56 1.91 7.24 5.73
5.61 5.23 7.63 3.86 2.84 1.83 7.41 3.44 8.57 7.11
1.36 8.85 6.52 5.97 2.03 5.53 4.09 5.51 6.62 4.18
1.16 8.06 6.88 9.95 7.75 6.77 8.08 1.85 7.47 7.41
2.10 8.98 9.21 1.74 1.68 9.15 5.30 6.41 7.91 8.37
9.96 4.83 3.64 8.72 5.87 2.90 5.08 1.97 4.29 9.65
9.37 3.07 2.17 2.12 5.04 8.60 4.30 4.92 9.44 4.58
1.77 5.02 6.34 3.75 5.78 1.48 6.25 3.83 6.87 3.24
7.34 7.97 8.95 2.22 9.72 3.45 9.14 4.08 8.08 9.81
1.24 5.11 8.68 6.44 1.38 2.47 5.16 3.68 2.20 5.06
1.24 4.91 9.45 7.47 2.29 6.51 7.88 7.26 2.98 2.42
1.90 5.35 7.38 7.68 4.29 3.49 7.06 6.51 9.47 4.70
1.48 7.13 3.29 4.48 8.00 7.28 3.18 6.82 4.21 1.17
3.80 5.69 7.74 5.36 9.32 9.78 6.47 4.80 8.78 2.74
2.99 3.91 1.79 5.58 7.88 4.44 1.70 9.62 3.61 6.23
5.56 4.57 3.41 9.09 9.93 5.63 6.08 3.32 1.71 2.99
4.60 8.76 5.25 5.22 5.29 4.07 3.78 1.03 7.32 5.00
6.48 9.15 2.32 7.55 7.86 4.68 2.93 9.33 1.40 5.34
5.45 7.70 6.32 2.84 3.43 6.42 3.60 9.08 2.15 2.83
8.73 6.52 5.77 3.47 9.21 1.37 2.02 8.75 3.75 8.35
2.08 6.87 1.05 9.13 2.90 5.68 6.57 7.18 7.24 5.14
4.33 1.38 3.65 8.48 8.21 5.21 9.99 3.13 1.72 4.46
5.85 5.98 3.40 7.48 8.42 8.52 9.37 3.59 2.77 6.11
9.11 6.46 5.12 9.96 8.76 5.25 4.31 6.72 3.67 5.94
4.95 4.71 3.77 3.97 7.73 8.30 9.54 2.28 8.95 2.98
3.56 6.53 2.60 1.85 1.80 5.76 5.06 1.85 8.12 8.19
4.32 3.96 7.11 3.60 3.56 7.52 7.59 3.19 4.33 6.25
3.95 1.17 9.40 7.68 5.06 1.98 3.34 7.62 9.06 3.56
4.96 1.51 2.51 7.07 1.70 9.89 6.83 6.86 6.44 4.50
1.72 2.07 7.89 2.72 2.13 2.72 6.83 1.60 6.81 4.63
4.56 2.04 3.86 2.87 5.00 6.27 9.36 5.15 8.21 9.63
2.88 1.37 5.90 7.53 4.81 6.36 5.63 6.39 1.95 3.92
2.01 7.09 3.41 8.33 6.80 1.93 7.51 2.37 3.30 8.22
6.86 7.49 7.17 9.92 1.20 1.23 2.89 5.59 2.86 6.06
6.89 7.64 4.76 9.20 8.50 4.17 9.10 9.07 4.68 3.33
6.86 4.07 8.60 3.99 2.72 6.47 5.20 8.32 3.30 5.64
1.02 9.22 5.08 6.85 7.22 6.39 3.69 1.79 2.09 2.93
8.22 7.03 2.97 6.12 3.80 5.08 8.87 5.18 5.39 7.58
1.45 4.77 3.04 4.13 4.97 6.62 4.87 5.65 2.78 7.32
4.77 5.67 5.67 5.59 4.24 4.91 6.93 5.86 8.50 4.24
2.08 1.34 1.95 8.00 5.52 4.76 2.29 3.20 5.46 4.78
3.47 9.46 3.81 3.40 2.87 1.83 1.48 1.04 2.29 2.71
2.43 7.45 3.88 4.19 4.94 1.60 7.85 4.12 6.21 4.60
8.36 3.30 1.92 9.64 9.10 4.20 1.69 2.16 5.44 8.90
9.60 2.25 6.41 2.11 7.83 5.59 5.11 2.67 5.76 2.03
7.64 3.79 7.10 2.78 8.67 1.67 3.09 5.64 8.32 5.51
7.64 4.53 6.53 2.42 2.40 5.33 4.92 9.17 6.35 6.08
6.97 8.97 5.12 8.09 7.72 4.80 4.04 5.94 4.67 1.42
3.75 1.89 2.63 5.43 4.37 7.99 5.78 4.08 9.77 5.50
6.70 9.70 4.79 8.93 9.04 7.53 4.34 8.29 8.89 5.09
4.69 1.34 7.43 2.11 3.10 8.99 2.22 7.77 4.31 1.51
8.97 3.14 6.45 1.08 8.24 1.32 8.87 3.33 1.40 9.77
7.56 7.97 4.25 1.33 3.08 8.60 7.76 3.65 9.03 5.49
8.89 5.48 1.69 1.43 6.48 2.93 5.23 2.30 8.44 8.45
6.59 6.55 1.16 5.44 9.90 4.20 6.58 3.81 9.68 7.73
3.96 4.20 2.48 1.48 7.64 7.27 1.41 9.61 4.20 3.22
4.39 7.51 2.85 2.24 4.58 8.13 7.09 8.49 3.79 1.48
8.50 4.84 7.64 5.96 8.42 1.64 5.41 8.91 2.86 9.92
7.84 2.50 5.14 1.73 4.90 7.20 7.24 8.32 4.72 7.45
7.75 8.73 3.77 6.23 2.54 6.18 4.20 7.63 6.24 5.46
3.41 5.43 2.13 7.63 3.03 9.21 5.23 1.73 1.55 2.90
7.96 8.17 8.01 1.41 2.57 4.66 8.05 5.60 2.39 4.58
3.73 1.73 7.14 7.27 3.79 1.53 2.61 9.17 3.79 6.71
6.21 7.56 5.08 2.58 1.92 5.63 6.72 5.66 5.53 1.55
6.38 3.12 3.83 7.47 6.46 4.06 2.28 7.33 6.96 3.97
4.61 8.24 3.90 6.25 9.57 5.22 1.40 3.96 8.80 8.71
2.26 7.48 7.84 5.23 5.76 4.33 5.33 4.23 7.46 4.18
2.92 8.47 7.42 3.48 5.52 7.09 1.30 6.83 6.21 6.18
2.51 3.32 8.32 6.21 8.69 7.35 1.22 3.57 9.56 2.04
1.15 6.12 4.96 9.51 3.84 8.77 4.49 7.47 5.03 5.70
2.14 1.56 4.30 1.48 7.37 6.73 3.70 6.39 9.05 9.99
5.38 1.85 4.51 6.80 4.03 1.44 8.01 6.43 5.10 8.46
8.67 8.13 6.40 2.71 1.68 1.37 5.59 5.54 9.00 3.11
6.90 9.42 9.88 8.86 3.75 3.44 7.47 4.88 1.97 2.42
4.65 5.25 5.45 7.73 9.40 7.23 9.56 8.96 1.65 4.71
7.88 3.79 6.57 7.72 2.34 9.02 4.69 6.04 1.10 2.71
1.96 7.83 4.20 2.23 4.34 2.34 3.88 6.70 1.05 9.32
5.15 7.16 6.18 3.95 5.05 3.53 7.42 1.62 1.37 3.60
9.44 9.79 8.76 7.86 7.44 5.08 8.80 8.92 6.69 2.40
4.29 8.46 4.20 6.75 4.27 6.96 2.06 2.11 7.88 2.86
8.40 2.94 3.07 3.37 7.02 9.32 7.04 2.16 7.01 7.83
6.69 3.92 4.28 3.99 2.24 6.05 3.11 3.90 7.95 7.66
8.15 8.56 7.13 7.33 4.96 1.90 3.21 5.66 4.96 1.11
3.16 2.86 1.59 8.04 3.16 9.37 6.33 2.99 5.20 1.74
9.25 7.11 7.09 8.67 5.63 1.81 4.25 9.61 6.67 1.38
1.30 6.56 6.20 3.58 9.44 3.00 5.29 5.85 6.42 3.32
2.28 4.89 9.91 8.16 9.13 1.84 9.31 6.09 1.24 6.18
9.97 1.82 4.27 8.77 7.61 9.68 9.25 9.95 3.87 8.90
3.48 5.56 9.51 1.91 7.91 6.29 2.83 4.14 6.21 9.75
5.07 4.80 1.43 1.49 2.28 6.24 8.09 9.85 7.76 7.25
2.58 4.23 2.99 3.25 8.27 2.95 4.27 4.53 6.85 7.55
5.00 8.94 4.45 6.44 2.45 2.32 7.30 6.82 4.44 9.25
8.88 9.31 7.29 9.31 5.18 6.85 5.51 8.29 7.76 3.44
8.53 3.61 2.74 1.90 6.05 7.84 5.63 6.60 4.37 2.62
8.61 6.26 2.33 9.52 3.75 1.65 7.49 1.18 1.23 4.69
6.91 1.66 7.70 8.85 3.71 7.46 4.27 9.06 6.94 7.61
9.60 3.15 4.87 1.75 1.59 9.47 3.05 8.07 2.29 7.17
8.69 4.08 5.66 2.62 8.74 5.37 7.30 2.49 1.87 4.37
8.03 6.49 4.18 8.47 3.28 9.85 5.12 2.20 5.42 8.38
4.10 4.75 3.50 1.68 9.94 5.16 7.10 2.99 6.38 8.22
3.23 8.46 1.62 2.89 4.41 4.57 1.96 5.63 4.54 3.45
9.84 4.89 9.16 8.82 1.65 2.78 3.91 9.63 6.67 9.19
6.40 4.73 8.99 4.43 9.59 9.68 6.87 7.92 4.60 8.19
1.37 7.66 3.27 4.73 9.76 8.89 5.65 10.00 3.18 9.31
8.42 3.31 7.45 4.09 5.55 3.99 1.75 8.95 6.09 7.76
8.54 6.61 6.81 5.35 1.31 9.04 2.07 8.28 3.10 1.25
7.05 2.73 4.20 4.53 1.34 9.87 3.93 7.46 9.24 4.20
6.94 4.14 1.40 3.65 3.24 9.90 5.56 3.88 3.14 1.57
4.27 5.53 6.43 2.82 7.75 9.58 9.02 2.56 1.32 7.35
2.84 8.10 7.40 8.84 5.60 9.50 5.29 2.83 5.93 8.20
6.49 6.43 2.13 1.01 8.46 9.06 2.54 3.58 9.46 8.28
3.88 4.65 5.21 6.53 6.11 9.58 3.93 1.75 2.78 3.18
3.09 1.63 6.14 9.01 8.52 5.58 3.64 2.00 8.29 6.30
5.33 7.62 8.14 9.20 7.54 5.71 2.97 1.39 6.07 2.33
5.85 9.43 6.30 3.92 4.43 4.44 1.16 1.44 6.75 6.84
4.92 9.13 4.50 3.22 9.48 3.72 2.80 6.90 8.87 1.22
9.13 6.17 3.27 5.09 7.50 5.07 8.43 9.33 10.00 7.67
4.12 5.58 2.74 7.84 8.39 4.44 2.79 2.56 3.03 6.17
6.31 8.44 8.98 4.68 1.07 6.29 8.54 3.65 3.85 7.38
6.84 9.11 6.71 9.49 4.69 4.74 9.19 3.67 2.47 5.03
4.27 9.58 8.06 5.13 2.47 1.27 3.78 6.54 7.07 6.97
9.81 8.26 1.70 5.01 3.48 4.08 6.46 4.70 4.68 4.59
7.19 5.38 3.03 5.41 7.50 6.86 6.31 6.30 7.28 8.13
5.76 4.26 7.63 6.67 8.60 1.92 8.67 1.48 7.94 9.18
9.05 8.85 6.96 4.07 5.08 8.75 1.07 2.87 6.39 5.40
6.52 5.13 6.23 1.57 3.88 1.08 7.28 4.52 3.01 6.57
3.42 7.20 4.77 3.79 1.78 3.83 2.78 6.36 1.43 2.52
4.72 8.01 7.23 6.86 9.22 9.68 3.03 7.08 4.13 9.51
6.24 10.00 9.21 5.23 5.26 2.44 8.90 3.75 9.93 7.78
6.81 6.71 9.44 1.32 3.73 7.43 3.37 8.30 3.68 1.38
7.59 3.31 1.48 3.28 7.59 3.68 3.85 8.53 4.12 4.56
9.61 4.62 4.88 4.72 6.78 3.22 4.62 8.60 8.29 2.60
7.20 4.48 7.95 5.87 7.37 4.14 5.37 6.10 2.37 6.94
4.38 5.94 5.44 4.32 4.47 6.81 9.00 2.20 2.85 5.22
2.15 9.60 1.51 8.00 8.47 9.83 2.43 2.37 2.64 4.99
9.90 7.86 7.56 2.94 1.91 9.64 1.25 4.69 3.30 4.29
9.06 7.66 8.10 2.98 6.64 9.87 4.49 7.13 9.13 2.01
2.78 4.71 2.18 9.06 1.60 10.00 5.95 3.02 4.49 6.56
8.58 3.69 6.32 3.45 4.23 8.01 9.38 3.29 2.73 5.22
7.94 1.86 4.17 8.72 3.11 6.89 9.29 7.78 9.93 5.41
6.94 9.24 9.17 5.92 9.24 8.30 6.95 3.42 1.75 5.33
8.10 2.47 1.39 3.78 5.08 9.06 7.31 3.84 6.33 3.64
3.80 5.70 4.04 8.66 1.09 1.68 2.95 2.92 1.52 8.90
3.29 9.94 8.27 4.63 2.85 7.05 9.91 6.65 1.86 2.51
2.86 3.46 4.32 4.43 4.35 1.61 6.47 6.63 4.89 4.19
1.39 7.89 5.46 9.17 5.86 2.83 8.20 9.28 9.62 3.46
3.60 3.53 1.27 8.01 8.79 3.76 3.90 8.67 3.76 7.19
1.16 9.96 3.43 2.38 2.52 7.78 7.94 8.88 7.62 6.59
7.96 8.29 4.99 9.32 4.45 3.19 5.30 1.42 3.24 4.43
5.17 2.72 6.51 5.45 3.94 7.96 3.61 1.74 7.43 2.01
8.29 1.65 5.35 3.33 7.86 8.29 4.82 2.47 3.31 4.57
2.92 2.19 5.72 3.83 1.65 4.24 6.68 1.78 5.57 3.41
4.96 2.53 3.02 4.36 8.42 9.59 3.74 1.13 8.69 3.55
5.61 6.27 9.39 9.87 1.48 9.17 5.03 8.56 2.83 7.19
7.82 3.97 2.21 5.50 9.74 2.36 9.71 7.52 3.58 9.32
4.46 8.14 7.24 7.33 7.83 1.01 1.51 8.44 3.63 5.43
3.86 3.80 2.37 3.91 6.15 4.18 7.82 8.23 9.45 8.04
1.44 5.53 6.40 4.37 2.57 1.37 6.30 6.79 1.43 4.24
7.67 4.95 8.84 9.71 2.45 3.74 9.84 2.61 2.43 6.13
9.69 2.48 5.87 1.08 3.31 2.71 6.13 1.33 1.97 9.62
9.16 7.09 3.94 4.54 7.35 6.46 1.85 8.59 2.51 2.61
7.81 1.82 7.38 3.21 8.12 7.96 9.40 7.64 3.25 4.54
3.01 2.12 9.37 2.07 8.02 7.31 2.16 8.81 6.20 1.97
8.67 1.70 5.28 6.74 5.73 9.94 2.02 5.16 6.38 3.05
2.17 1.43 9.91 8.49 7.87 2.79 7.70 6.78 5.44 2.47
5.24 1.07 6.78 3.11 9.95 1.02 3.48 8.36 2.03 3.23
7.89 9.52 1.65 6.43 7.12 7.83 4.31 2.90 1.07 1.84
2.82 5.77 4.31 1.23 5.60 4.41 6.41 1.55 4.26 5.27
7.43 8.82 8.77 4.46 5.20 4.42 4.85 8.12 9.86 2.71
8.15 1.61 1.85 9.40 8.16 5.20 4.37 9.58 7.79 8.67
2.81 3.92 5.91 8.01 6.97 3.29 2.91 8.33 5.22 3.83
1.53 8.49 9.15 4.53 6.21 2.22 2.42 6.91 4.66 2.91
9.22 1.40 7.28 8.09 6.02 4.16 5.08 6.96 1.88 7.94
3.35 2.62 7.79 4.10 7.35 2.08 6.49 4.57 6.24 8.66
1.33 1.04 1.55 5.61 7.21 5.30 1.44 1.11 5.53 4.99
6.39 1.22 7.97 6.23 5.37 1.34 2.96 4.96 9.58 1.02
3.84 1.87 9.18 5.93 1.72 8.28 1.52 8.84 2.98 7.54
5.72 2.46 6.44 6.38 2.76 9.09 8.24 2.83 9.10 9.62
8.16 4.02 5.36 3.51 4.97 5.03 2.65 1.43 9.00 5.46
2.05 5.95 7.87 6.82 1.31 8.05 6.05 6.74 7.62 9.67
7.69 9.55 5.97 6.21 1.00 9.11 1.27 7.23 7.50 4.82
7.07 2.50 6.61 9.78 1.09 1.67 8.92 8.57 2.54 9.49
6.75 6.80 6.48 4.12 1.61 7.38 7.55 3.37 6.53 7.44
8.45 2.75 5.52 8.66 6.08 2.08 7.42 4.58 5.07 8.04
1.93 2.84 2.92 4.67 3.52 8.04 7.40 7.49 5.89 6.35
9.24 5.18 3.40 7.18 1.88 5.10 6.67 9.49 4.46 5.25
2.54 1.95 7.97 5.95 2.55 2.80 4.07 4.56 7.38 8.64
5.24 5.33 3.23 9.23 6.51 2.29 3.82 6.16 4.29 9.15
5.19 5.25 4.96 8.60 3.81 2.84 8.68 6.38 5.31 5.84
5.08 2.26 7.63 7.02 6.85 9.86 2.95 3.51 3.52 5.17
7.66 3.60 3.42 5.94 8.56 9.87 5.74 4.71 8.11 4.02
1.80 7.20 1.41 4.71 1.27 4.25 1.91 3.15 8.35 4.88
1.90 4.93 4.45 9.72 3.34 9.55 9.65 8.80 4.42 8.41
6.81 3.89 2.33 7.31 2.87 6.69 8.46 6.68 9.84 8.76
9.27 6.34 4.08 3.89 7.08 1.93 6.44 4.77 7.22 7.49
5.25 7.29 7.41 1.28 5.04 4.70 2.00 3.93 6.94 1.22
8.94 5.43 8.54 4.01 3.81 8.17 4.48 5.78 5.52 4.61
6.10 2.64 1.77 2.43 1.31 2.75 2.97 5.22 8.81 1.95
8.33 8.60 8.19 5.03 2.76 2.00 4.90 8.70 3.94 2.83
5.26 1.51 1.50 4.31 1.40 7.19 3.60 5.64 6.46 3.49
5.55 6.52 4.16 2.88 1.12 3.22 5.52 8.22 1.76 1.74
7.49 5.28 6.42 5.48 8.00 2.48 5.18 9.34 6.04 3.26
1.88 7.13 1.74 8.58 5.90 7.05 8.79 8.34 2.57 9.26
6.44 6.18 5.56 4.42 10.00 9.81 9.93 4.18 1.89 8.25
9.36 4.12 5.44 3.77 7.13 5.41 8.07 3.50 9.09 3.79
9.00 4.94 9.25 2.53 9.06 2.79 8.23 3.20 8.92 8.47
8.64 8.88 8.89 6.69 5.41 5.25 1.20 4.52 6.85 8.99
8.42 7.75 9.34 4.18 5.18 7.63 9.28 6.16 5.39 7.14
1.71 7.30 5.29 6.66 6.29 9.62 2.93 6.90 6.73 5.87
3.72 7.04 6.43 6.52 3.91 6.22 5.55 9.69 5.13 4.58
1.26 1.21 3.69 3.64 2.31 2.63 5.33 4.66 4.86 5.32
4.82 7.52 9.06 2.29 8.28 3.14 6.56 3.03 1.73 7.90
5.55 4.21 7.17 1.95 8.92 9.89 2.03 4.11 9.71 3.43
7.21 4.31 1.94 8.26 2.27 9.64 1.84 9.43 6.48 8.71
5.40 2.49 3.25 6.44 5.81 7.69 9.21 9.42 4.81 1.74
5.76 4.17 3.59 6.81 5.70 7.79 7.58 4.05 8.52 3.69
9.46 7.48 6.33 1.20 3.59 5.90 7.08 4.40 3.05 7.65
2.51 4.51 3.35 2.45 1.73 1.31 8.38 5.43 1.29 6.71
8.89 7.09 1.19 9.18 2.32 9.19 9.48 2.41 7.90 4.71
3.63 1.16 7.58 7.99 2.18 2.90 6.50 2.59 9.03 1.93
2.78 5.65 1.19 4.11 1.48 4.46 4.91 8.02 9.21 8.43
9.82 1.67 9.05 7.29 8.12 8.31 9.48 3.90 9.40 5.25
5.91 4.20 7.82 1.49 4.72 1.77 1.16 9.44 7.34 2.85
4.78 3.85 5.74 7.94 6.82 9.06 9.72 6.65 3.27 9.93
4.67 4.19 1.99 1.88 7.15 7.24 5.31 6.44 6.63 9.89
9.57 1.15 7.96 1.88 4.51 8.79 3.14 2.78 3.09 7.01
1.61 2.46 8.47 9.63 8.33 7.86 7.32 5.11 2.66 9.96
1.87 5.87 8.31 4.37 3.85 6.19 6.10 9.93 9.77 3.94
8.29 1.38 9.54 9.43 6.75 1.54 9.59 1.98 3.04 4.49
3.04 2.94 6.69 7.36 9.90 6.23 7.24 6.76 3.98 2.17
6.35 3.47 7.01 5.47 4.72 7.57 9.62 9.90 6.28 2.41
6.68 5.85 3.81 5.77 8.96 1.64 2.83 1.68 9.63 7.02
2.08 9.27 5.74 1.23 8.82 6.23 7.70 3.45 1.58 4.04
3.26 7.14 2.35 5.44 5.07 2.86 9.57 7.01 5.57 1.76
9.98 2.83 1.05 3.00 4.30 8.31 9.44 9.84 3.85 1.13
6.04 5.07 8.01 1.90 3.48 8.85 5.48 8.35 2.04 2.28
5.11 7.19 5.79 1.82 6.22 7.20 4.09 1.44 5.92 2.56
7.52 4.17 7.90 9.67 6.86 2.68 7.75 5.49 5.65 5.88
7.37 2.69 2.47 8.22 8.02 6.47 5.08 6.23 6.69 1.29
1.75 1.08 6.65 7.75 8.52 7.62 3.33 1.15 7.97 2.99
9.92 1.38 2.18 3.71 7.85 1.65 5.48 7.50 2.65 6.30
9.26 3.17 3.70 3.04 3.62 8.55 5.77 7.99 2.66 5.04
5.78 3.72 7.13 1.92 3.80 6.50 9.22 8.15 1.37 6.79
1.57 8.29 1.85 3.40 4.53 9.93 3.93 6.33 2.22 8.85
6.74 3.78 3.45 7.04 7.08 4.99 4.72 6.95 2.59 1.77
9.15 2.07 8.49 9.40 2.28 6.42 2.33 5.31 9.03 2.71
8.21 1.40 6.38 7.21 2.83 7.54 4.95 8.08 6.53 7.23
1.05 7.27 4.00 4.58 5.87 5.08 5.12 5.20 1.73 5.96
5.39 6.84 4.36 6.88 3.51 3.86 3.85 3.61 5.71 9.31
9.23 6.26 3.20 4.32 5.43 8.85 9.81 4.63 9.90 3.40
9.33 6.50 1.67 2.38 2.37 2.78 1.90 4.69 7.33 7.81
5.78 9.43 6.72 1.09 8.67 8.53 9.70 6.29 6.99 5.34
8.49 1.11 7.14 9.22 8.08 7.18 2.08 6.20 7.50 5.72
3.23 2.49 1.36 2.19 7.31 6.83 5.08 9.74 9.74 6.89
8.13 6.07 5.08 4.68 1.99 1.08 5.49 6.70 2.77 1.02
3.30 4.50 5.98 3.93 5.38 6.78 1.12 1.86 1.60 2.76
3.82 9.62 5.37 5.37 2.25 5.08 7.49 5.03 8.94 6.88
5.90 9.65 4.52 2.17 7.23 4.86 6.65 9.35 5.19 2.22
5.49 4.47 4.61 7.74 3.03 2.38 2.47 9.55 5.44 5.47
8.61 5.82 9.93 8.36 7.14 4.19 1.26 1.87 6.71 4.69
6.95 2.43 6.73 6.62 7.36 5.95 2.83 3.15 5.76 2.18
1.59 7.62 6.96 1.45 1.31 4.95 9.03 5.89 2.49 3.65
3.16 6.69 9.09 3.28 6.44 5.50 2.44 8.70 4.20 4.39
9.35 7.38 4.86 3.11 4.72 3.97 6.90 7.83 5.11 9.98
1.08 5.96 7.74 9.67 5.24 5.24 5.51 1.29 7.06 9.28
2.78 4.01 9.47 7.20 1.80 6.43 9.47 7.18 4.24 6.84
8.97 8.88 8.15 7.03 5.44 6.13 4.24 4.40 3.93 4.71
2.13 6.17 9.93 6.14 1.58 6.10 9.57 3.32 2.54 2.66
3.17 9.92 2.47 3.67 8.13 1.89 1.80 1.08 2.65 2.57
7.98 4.51 4.45 6.77 2.84 3.14 6.81 3.06 5.09 1.04
6.61 1.56 9.98 2.70 7.42 4.48 6.98 1.75 9.35 9.02
4.76 9.54 9.83 6.89 7.61 2.49 5.73 7.05 9.48 2.00
7.90 6.86 1.37 6.58 3.54 6.20 1.02 3.25 6.11 9.00
7.06 7.94 5.33 7.65 5.22 2.83 2.71 2.16 4.67 3.77
3.04 3.71 2.30 1.48 3.33 3.68 7.98 5.92 3.67 3.61
3.53 1.44 4.86 3.73 1.28 9.27 7.68 9.13 7.49 8.65
2.81 6.23 9.21 3.36 3.64 2.71 9.43 7.76 5.03 3.94
5.01 1.25 4.45 2.01 7.53 2.42 2.24 6.35 9.04 8.36
1.76 7.07 9.88 6.10 1.36 3.68 6.09 9.54 6.13 2.02
6.29 3.17 7.00 3.98 4.83 5.04 7.16 4.23 1.58 4.04
5.05 1.09 4.44 4.70 4.32 8.35 8.25 1.82 9.39 9.58
2.67 9.35 5.24 7.01 6.06 6.27 4.12 9.02 4.32 5.11
6.14 8.99 3.18 1.21 7.17 3.09 1.83 8.15 5.32 8.23
4.98 7.88 4.42 1.76 7.91 8.96 9.29 7.47 6.62 2.83
2.20 9.23 5.96 8.82 1.32 5.44 9.12 7.85 5.08 2.12
4.99 9.23 6.77 8.19 4.47 3.69 1.13 2.26 5.72 4.22
8.32 7.29 5.40 8.36 9.74 3.83 3.89 4.28 8.14 6.76
5.54 3.13 4.14 6.03 4.81 3.59 2.40 8.71 4.44 7.72
9.19 3.12 4.81 7.55 7.22 3.15 4.65 1.91 8.12 2.59
4.23 2.90 9.88 8.43 7.62 4.62 1.08 3.80 6.83 5.99
2.93 7.40 8.21 9.08 8.22 5.86 6.51 9.08 5.22 6.05
6.87 9.23 6.05 2.32 3.73 1.44 8.12 6.35 4.40 8.83
6.53 6.30 4.64 4.69 8.28 6.52 4.05 7.33 7.33 3.72
4.70 4.24 6.08 2.82 1.32 6.27 5.33 8.88 4.79 1.50
3.32 6.19 8.95 9.91 5.71 6.59 4.76 2.22 2.20 1.96
5.26 9.34 6.48 9.88 6.96 9.32 2.14 3.51 4.39 5.79
7.28 3.72 5.60 1.42 2.35 3.34 5.96 6.87 7.63 3.31
2.36 9.78 5.63 2.32 5.15 1.89 2.95 9.48 5.60 7.04
4.39 9.25 1.19 9.38 8.83 1.82 1.39 1.22 5.38 5.84
8.53 4.11 3.32 2.16 7.71 6.42 5.88 5.85 8.49 1.12
3.39 6.69 5.25 1.95 4.91 1.17 5.24 7.94 9.18 2.68
4.27 8.31 6.82 3.97 7.65 1.77 3.87 8.08 4.36 9.65
4.73 4.64 8.78 2.73 8.68 2.68 4.78 2.29 7.14 6.53
9.99 8.07 7.24 6.64 9.99 8.69 4.16 4.20 4.98 4.10
8.74 8.63 7.91 9.28 9.15 2.07 3.89 6.00 1.01 4.35
3.32 9.74 7.26 1.10 1.93 4.35 2.82 4.77 7.98 1.61
5.99 5.16 3.42 6.86 1.36 5.50 4.79 2.17 6.63 4.75
4.90 4.06 5.07 1.85 7.71 6.67 3.30 1.89 9.91 1.72
9.15 2.43 9.34 7.88 3.41 4.72 2.46 2.22 5.56 5.46
4.05 4.80 3.99 6.46 8.34 7.71 3.68 6.63 8.34 4.51
5.85 4.80 3.87 4.74 4.15 1.90 3.80 5.91 8.02 5.32
3.28 4.89 3.44 9.21 7.64 1.36 9.41 1.22 2.73 8.02
1.03 1.23 9.46 2.82 4.12 1.56 6.22 2.31 5.18 4.80
9.99 6.61 3.51 6.86 8.52 8.76 9.80 7.50 7.54 7.20
3.53 1.40 4.09 2.71 7.27 7.61 9.98 6.87 1.48 7.37
6.16 7.01 6.98 4.47 5.67 2.53 3.31 6.61 7.95 5.43
4.72 9.83 5.90 6.30 8.44 7.55 8.85 2.14 1.30 1.88
2.06 8.92 2.82 8.44 6.70 8.68 1.35 3.34 4.79 6.59
8.52 8.54 9.07 2.64 8.08 4.93 4.87 8.41 5.69 3.22
4.09 2.92 3.51 7.91 5.05 6.08 9.54 3.17 2.05 6.40
3.49 7.84 1.26 1.28 3.58 5.14 5.04 1.87 8.99 9.91
9.68 1.05 3.22 3.06 7.41 1.75 2.25 2.23 9.42 6.22
5.85 7.93 6.40 5.73 5.41 9.34 5.67 1.86 9.60 2.79
1.57 4.30 1.69 9.32 6.36 8.96 6.14 4.13 1.02 1.85
8.25 6.95 8.50 8.87 7.93 9.32 4.13 4.29 4.52 6.96
3.87 6.55 8.34 5.92 9.76 1.08 4.28 8.19 8.08 6.68
6.50 5.05 7.60 1.71 2.84 6.73 6.34 5.21 9.01 6.59
1.13 2.80 4.43 5.85 3.04 4.24 10.00 1.82 4.68 9.17
5.77 6.64 9.98 3.79 9.94 5.82 2.19 6.03 8.07 6.50
5.43 3.55 5.00 3.71 5.90 2.46 4.02 3.35 8.33 7.78
7.51 4.31 6.07 7.07 4.57 4.07 3.42 7.64 8.37 8.15
1.51 8.76 2.15 5.39 1.05 7.87 1.47 4.91 8.99 3.49
4.78 5.41 4.91 5.28 6.56 3.53 8.87 3.16 7.69 2.99
5.25 4.73 5.97 6.83 7.53 8.72 6.33 9.49 5.76 2.52
1.60 4.98 9.58 2.76 8.26 2.39 3.27 5.51 6.92 5.58
2.99 5.75 4.18 6.33 9.04 4.30 7.43 5.52 9.54 6.13
4.08 3.77 3.75 7.02 7.64 3.63 1.17 1.99 8.43 1.39
4.75 4.08 9.64 6.98 9.80 3.37 9.29 9.07 2.72 2.97
5.75 7.76 2.01 6.08 3.38 7.81 5.13 9.23 1.72 1.99
7.34 1.59 1.59 8.86 3.36 9.75 1.51 7.01 8.65 2.57
3.56 5.68 3.18 1.21 1.36 5.50 1.62 9.95 2.47 1.47
4.93 2.32 6.74 2.39 9.54 8.71 7.87 5.49 7.85 5.74
9.87 8.61 6.74 4.81 5.65 2.01 7.71 3.66 1.07 4.64
4.37 6.37 8.30 6.12 2.02 1.33 3.48 3.77 3.46 9.56
7.59 8.78 2.21 7.33 2.51 4.50 1.73 9.41 7.07 4.64
5.39 5.20 4.47 4.74 6.11 5.29 1.17 2.74 7.63 9.26
3.19 8.20 9.55 5.05 9.04 9.87 1.45 3.61 7.78 2.82
5.90 6.74 1.82 6.21 1.52 8.24 8.05 5.21 8.52 5.78
6.46 4.56 4.41 3.44 1.97 3.58 1.73 1.84 2.51 9.34
4.94 7.05 5.13 4.37 1.19 7.33 2.08 4.71 8.80 5.50
8.70 1.28 3.49 3.93 3.39 7.83 3.70 8.03 9.89 9.70
9.51 7.27 2.81 7.25 9.11 1.87 4.79 1.03 6.95 5.22
5.17 5.88 8.89 7.89 4.05 6.33 6.79 4.42 9.53 1.84
3.14 4.90 8.30 5.51 1.61 6.56 3.18 3.70 1.51 2.12
2.52 5.82 1.13 6.84 5.41 7.92 4.96 1.74 2.63 4.54
6.64 9.97 8.20 3.49 5.86 5.55 4.35 7.25 8.78 6.77
4.54 4.48 7.61 6.91 2.26 4.76 4.90 7.91 4.38 6.57
5.55 4.65 5.98 4.49 9.60 6.61 6.81 3.41 8.55 5.66
7.08 7.48 6.20 3.47 1.30 8.50 4.68 2.40 5.28 5.91
2.89 7.03 1.18 6.88 3.46 9.16 2.38 9.09 3.58 5.52
1.78 9.63 4.57 8.11 2.90 3.61 4.22 9.09 2.64 4.47
9.08 6.07 5.74 5.92 8.78 5.34 9.93 3.90 2.94 8.11
8.01 5.72 4.38 8.90 1.50 4.32 8.98 6.18 6.29 2.90
8.85 3.84 2.93 1.09 2.69 4.28 8.63 2.96 9.33 3.58
9.09 9.82 3.25 8.49 1.65 6.85 2.79 5.22 5.63 6.93
6.43 2.61 3.04 2.73 9.98 3.59 6.55 2.49 7.35 4.96
5.01 3.17 5.00 2.01 6.11 7.80 8.78 7.12 7.92 8.20
9.35 6.15 1.01 4.78 1.71 8.36 3.14 3.59 3.83 6.25
4.39 8.28 4.08 8.65 3.84 5.72 9.39 6.82 2.78 7.70
8.51 2.89 8.11 9.84 9.84 8.13 6.47 3.20 5.98 6.31
4.57 4.24 4.57 7.63 2.42 3.10 9.72 5.22 8.77 7.20
3.86 1.10 4.39 5.78 4.07 1.94 3.68 5.92 5.43 7.34
8.11 2.61 7.38 6.03 2.26 5.43 7.84 9.14 7.46 4.67
7.71 5.94 3.83 8.32 6.71 3.76 7.70 4.39 7.88 4.72
9.93 3.47 6.22 2.19 5.46 8.89 6.95 5.82 1.77 4.01
1.88 4.79 5.54 9.45 1.22 3.49 1.83 3.23 4.94 7.51
5.28 7.04 6.84 4.67 1.22 2.58 7.42 7.77 5.98 2.99
4.05 7.70 4.55 3.61 2.59 8.64 1.55 5.09 1.15 5.83

Demandas:
0 0 0 1 0 0 0 0
0 1 0 0 0 0 0 0
0 0 0 0 0 0 0 1
0 0 0 0 1 0 0 0
0 0 0 0 1 0 0 0
0 1 0 0 0 0 0 0
0 0 0 0 0 0 0 1
0 0 0 0 1 0 0 0
1 0 0 0 0 0 0 0
0 0 0 0 1 0 0 0
0 0 0 0 0 0 0 1
0 0 1 0 0 0 0 0
0 0 0 1 0 0 0 0
0 0 0 0 0 0 0 1
0 0 0 1 0 0 0 0
0 0 0 0 0 0 0 1
0 0 0 0 0 0 1 0
0 0 0 0 0 1 0 0
0 0 0 1 0 0 0 0
0 0 0 0 1 0 0 0
0 1 0 0 0 0 0 0
0 0 0 0 0 0 0 1
1 0 0 0 0 0 0 0
0 0 0 0 0 1 0 0
0 0 0 0 0 1 0 0
0 0 0 1 0 0 0 0
0 0 0 0 0 0 0 1
0 1 0 0 0 0 0 0
0 0 0 0 0 1 0 0
0 0 1 0 0 0 0 0
0 0 0 0 0 0 1 0
0 0 0 0 0 0 0 1
0 0 1 0 0 0 0 0
0 0 0 0 0 0 0 1
0 0 0 1 0 0 0 0
0 0 0 0 0 0 0 1
1 0 0 0 0 0 0 0
1 0 0 0 0 0 0 0
1 0 0 0 0 0 0 0
0 1 0 0 0 0 0 0
0 0 0 0 1 0 0 0
0 0 1 0 0 0 0 0
0 0 0 0 0 1 0 0
0 0 0 0 0 1 0 0
0 0 0 1 0 0 0 0
0 0 0 0 0 0 0 1
0 0 0 0 0 0 1 0
1 0 0 0 0 0 0 0
1 0 0 0 0 0 0 0
0 1 0 0 0 0 0 0
0 0 1 0 0 0 0 0
0 0 0 1 0 0 0 0
0 0 0 0 0 0 0 1
0 0 0 1 0 0 0 0
0 0 1 0 0 0 0 0
0 0 0 1 0 0 0 0
0 0 0 0 0 1 0 0
0 0 1 0 0 0 0 0
1 0 0 0 0 0 0 0
0 0 1 0 0 0 0 0
1 0 0 0 0 0 0 0
0 0 0 1 0 0 0 0
0 1 0 0 0 0 0 0
0 0 0 0 0 0 1 0
0 0 0 0 0 0 0 1
0 0 0 0 0 0 0 1
1 0 0 0 0 0 0 0
0 0 0 0 1 0 0 0
0 0 0 1 0 0 0 0
0 1 0 0 0 0 0 0
0 0 0 0 0 1 0 0
0 0 0 0 0 0 0 1
1 0 0 0 0 0 0 0
0 0 0 0 0 1 0 0
0 1 0 0 0 0 0 0
0 1 0 0 0 0 0 0
1 0 0 0 0 0 0 0
0 0 0 0 1 0 0 0
0 0 1 0 0 0 0 0
0 0 0 0 0 0 0 1
1 0 0 0 0 0 0 0
0 1 0 0 0 0 0 0
0 0 0 0 0 0 0 1
0 0 0 0 0 0 1 0
0 0 0 0 0 1 0 0
0 0 1 0 0 0 0 0
0 0 0 0 0 0 1 0
0 0 1 0 0 0 0 0
0 0 1 0 0 0 0 0
0 0 0 0 0 1 0 0
0 1 0 0 0 0 0 0
0 1 0 0 0 0 0 0
0 0 0 0 0 0 0 1
0 0 0 0 0 1 0 0
0 0 1 0 0 0 0 0
1 0 0 0 0 0 0 0
0 0 0 0 0 0 0 1
0 0 0 0 0 0 0 1
0 0 0 0 0 0 0 1
0 0 0 0 0 0 0 1
0 0 0 1 0 0 0 0
0 0 0 0 0 0 1 0
0 0 1 0 0 0 0 0
1 0 0 0 0 0 0 0
0 0 0 0 1 0 0 0
0 0 0 0 0 1 0 0
1 0 0 0 0 0 0 0
0 0 1 0 0 0 0 0
1 0 0 0 0 0 0 0
0 0 0 0 0 1 0 0
0 0 0 0 1 0 0 0
0 0 0 0 1 0 0 0
1 0 0 0 0 0 0 0
0 0 1 0 0 0 0 0
1 0 0 0 0 0 0 0
1 0 0 0 0 0 0 0
0 1 0 0 0 0 0 0
0 0 0 0 1 0 0 0
0 0 0 1 0 0 0 0
0 0 0 0 1 0 0 0
0 0 0 0 0 0 1 0
0 0 0 0 0 1 0 0
0 0 1 0 0 0 0 0
0 1 0 0 0 0 0 0
0 0 0 0 1 0 0 0
0 0 0 0 0 0 0 1
1 0 0 0 0 0 0 0
0 0 0 0 0 0 1 0
0 0 0 0 1 0 0 0
0 0 0 0 0 0 0 1
0 1 0 0 0 0 0 0
0 0 0 0 1 0 0 0
0 0 1 0 0 0 0 0
1 0 0 0 0 0 0 0
0 1 0 0 0 0 0 0
0 1 0 0 0 0 0 0
0 0 0 0 1 0 0 0
1 0 0 0 0 0 0 0
0 1 0 0 0 0 0 0
0 0 0 0 0 0 1 0
0 0 0 0 1 0 0 0
1 0 0 0 0 0 0 0
0 0 0 0 1 0 0 0
0 0 0 0 0 0 0 1
0 1 0 0 0 0 0 0
0 0 0 0 1 0 0 0
0 0 1 0 0 0 0 0
0 0 0 1 0 0 0 0
0 0 0 0 0 1 0 0
1 0 0 0 0 0 0 0
0 0 0 0 0 1 0 0
0 1 0 0 0 0 0 0
0 0 0 0 0 0 0 1
0 0 0 0 0 1 0 0
0 0 0 0 0 0 1 0
0 0 0 0 0 0 1 0
0 0 0 0 0 0 1 0
0 0 0 0 0 0 0 1
0 0 0 0 0 1 0 0
0 0 1 0 0 0 0 0
0 0 0 0 0 1 0 0
0 0 1 0 0 0 0 0
0 0 1 0 0 0 0 0
0 0 0 0 1 0 0 0
0 0 0 0 0 1 0 0
0 0 0 0 0 0 0 1
0 0 0 0 0 0 0 1
0 0 1 0 0 0 0 0
0 1 0 0 0 0 0 0
0 0 1 0 0 0 0 0
0 0 1 0 0 0 0 0
0 0 0 1 0 0 0 0
0 1 0 0 0 0 0 0
1 0 0 0 0 0 0 0
0 0 0 0 0 0 0 1
0 1 0 0 0 0 0 0
1 0 0 0 0 0 0 0
0 0 1 0 0 0 0 0
0 0 0 0 1 0 0 0
0 0 0 0 0 0 1 0
0 1 0 0 0 0 0 0
0 0 0 0 0 0 1 0
0 0 0 0 1 0 0 0
1 0 0 0 0 0 0 0
0 0 0 1 0 0 0 0
0 0 0 0 0 0 0 1
1 0 0 0 0 0 0 0
0 0 0 1 0 0 0 0
0 0 0 1 0 0 0 0
0 0 0 0 0 0 1 0
0 0 1 0 0 0 0 0
0 0 0 0 1 0 0 0
0 0 0 0 0 0 1 0
0 1 0 0 0 0 0 0
1 0 0 0 0 0 0 0
1 0 0 0 0 0 0 0
0 0 0 0 1 0 0 0
0 0 1 0 0 0 0 0
0 0 0 0 1 0 0 0
0 0 0 0 1 0 0 0
0 0 1 0 0 0 0 0
0 0 0 0 1 0 0 0
0 0 0 0 0 0 0 1
0 0 0 1 0 0 0 0
0 0 0 0 0 0 1 0
0 0 0 0 1 0 0 0
0 0 0 0 0 0 0 1
0 0 1 0 0 0 0 0
0 0 0 0 0 1 0 0
1 0 0 0 0 0 0 0
0 1 0 0 0 0 0 0
0 0 1 0 0 0 0 0
0 0 1 0 0 0 0 0
1 0 0 0 0 0 0 0
0 0 0 1 0 0 0 0
0 0 1 0 0 0 0 0
0 0 0 0 0 0 1 0
0 0 0 0 0 0 1 0
0 0 1 0 0 0 0 0
0 0 0 0 0 0 1 0
1 0 0 0 0 0 0 0
1 0 0 0 0 0 0 0
0 0 0 0 0 1 0 0
1 0 0 0 0 0 0 0
0 0 0 0 0 1 0 0
0 0 0 0 1 0 0 0
1 0 0 0 0 0 0 0
0 0 1 0 0 0 0 0
0 0 0 0 0 0 0 1
0 1 0 0 0 0 0 0
0 0 0 0 1 0 0 0
0 1 0 0 0 0 0 0
0 0 0 0 0 1 0 0
1 0 0 0 0 0 0 0
0 0 0 0 0 0 1 0
0 0 0 0 0 0 1 0
1 0 0 0 0 0 0 0
0 0 0 1 0 0 0 0
0 0 0 0 0 1 0 0
0 0 0 0 0 1 0 0
0 0 0 0 0 1 0 0
0 0 0 0 0 0 0 1
0 0 0 0 1 0 0 0
0 0 1 0 0 0 0 0
0 0 1 0 0 0 0 0
0 0 1 0 0 0 0 0
0 0 0 0 0 1 0 0
0 0 0 1 0 0 0 0
0 0 0 0 0 0 0 1
0 0 0 0 0 0 1 0
0 0 0 0 0 0 0 1
0 0 0 0 0 1 0 0
0 0 0 0 1 0 0 0
0 1 0 0 0 0 0 0
0 0 0 0 0 0 1 0
0 0 0 1 0 0 0 0
0 1 0 0 0 0 0 0
1 0 0 0 0 0 0 0
0 0 0 0 0 0 0 1
0 0 0 0 0 0 1 0
0 1 0 0 0 0 0 0
0 0 0 1 0 0 0 0
0 0 1 0 0 0 0 0
0 0 0 0 0 0 0 1
0 0 0 0 0 0 0 1
1 0 0 0 0 0 0 0
0 0 0 0 0 0 1 0
0 0 0 0 1 0 0 0
1 0 0 0 0 0 0 0
0 0 0 0 0 0 1 0
0 0 0 1 0 0 0 0
0 1 0 0 0 0 0 0
1 0 0 0 0 0 0 0
0 0 0 0 0 1 0 0
0 0 0 0 0 0 0 1
0 0 0 0 1 0 0 0
0 0 0 1 0 0 0 0
0 1 0 0 0 0 0 0
0 0 1 0 0 0 0 0
0 0 0 0 0 0 0 1
0 0 0 0 0 1 0 0
0 0 0 0 0 0 0 1
0 0 1 0 0 0 0 0
0 0 0 0 0 1 0 0
0 0 0 0 0 0 0 1
0 1 0 0 0 0 0 0
0 0 0 1 0 0 0 0
0 0 0 1 0 0 0 0
0 0 0 0 0 0 0 1
0 0 0 0 1 0 0 0
1 0 0 0 0 0 0 0
0 0 0 0 0 0 0 1
0 0 0 0 0 0 1 0
0 0 0 0 1 0 0 0
0 0 1 0 0 0 0 0
1 0 0 0 0 0 0 0
0 0 0 0 1 0 0 0
0 0 0 0 0 1 0 0
0 0 0 1 0 0 0 0
0 1 0 0 0 0 0 0
0 0 1 0 0 0 0 0
0 0 0 0 0 0 1 0
1 0 0 0 0 0 0 0
0 0 1 0 0 0 0 0
0 1 0 0 0 0 0 0
0 0 0 1 0 0 0 0
0 0 0 0 0 0 0 1
0 0 0 1 0 0 0 0
0 0 0 0 0 0 1 0
0 1 0 0 0 0 0 0
0 0 0 0 0 0 1 0
0 0 0 1 0 0 0 0
1 0 0 0 0 0 0 0
0 0 1 0 0 0 0 0
0 0 0 1 0 0 0 0
0 0 0 0 0 0 1 0
0 0 0 0 0 0 1 0
1 0 0 0 0 0 0 0
0 1 0 0 0 0 0 0
0 0 0 1 0 0 0 0
0 0 0 0 1 0 0 0
0 0 1 0 0 0 0 0
0 0 1 0 0 0 0 0
0 0 0 0 0 0 1 0
0 0 0 0 0 0 1 0
0 0 1 0 0 0 0 0
1 0 0 0 0 0 0 0
1 0 0 0 0 0 0 0
0 0 0 0 0 0 1 0
0 0 0 1 0 0 0 0
0 0 0 0 0 1 0 0
0 0 0 0 0 0 1 0
0 0 0 0 1 0 0 0
0 0 0 0 0 0 1 0
0 0 0 0 0 0 1 0
0 0 0 0 1 0 0 0
0 1 0 0 0 0 0 0
1 0 0 0 0 0 0 0
0 0 0 0 0 1 0 0
0 0 0 0 1 0 0 0
0 1 0 0 0 0 0 0
0 0 0 0 0 0 0 1
0 1 0 0 0 0 0 0
0 0 0 1 0 0 0 0
0 0 0 1 0 0 0 0
0 0 0 0 0 1 0 0
0 0 0 1 0 0 0 0
1 0 0 0 0 0 0 0
0 0 0 0 0 0 0 1
0 0 0 0 0 0 1 0
0 1 0 0 0 0 0 0
0 0 0 1 0 0 0 0
0 0 1 0 0 0 0 0
0 0 0 0 0 0 0 1
0 0 1 0 0 0 0 0
1 0 0 0 0 0 0 0
1 0 0 0 0 0 0 0
1 0 0 0 0 0 0 0
0 0 0 0 1 0 0 0
0 0 0 0 1 0 0 0
0 0 0 0 0 1 0 0
1 0 0 0 0 0 0 0
0 0 1 0 0 0 0 0
0 0 0 0 1 0 0 0
0 0 0 0 0 0 1 0
0 0 0 0 0 1 0 0
0 0 0 0 0 1 0 0
0 0 0 0 1 0 0 0
0 1 0 0 0 0 0 0
0 0 0 0 0 0 0 1
0 0 1 0 0 0 0 0
0 0 0 1 0 0 0 0
1 0 0 0 0 0 0 0
0 0 0 0 0 0 1 0
0 0 1 0 0 0 0 0
0 0 0 0 0 0 0 1
0 0 0 0 0 0 0 1
0 0 0 0 0 0 1 0
0 1 0 0 0 0 0 0
1 0 0 0 0 0 0 0
0 0 0 1 0 0 0 0
0 0 0 0 0 0 0 1
0 0 0 0 0 1 0 0
0 0 0 0 0 0 1 0
0 0 0 0 1 0 0 0
0 0 0 0 0 1 0 0
1 0 0 0 0 0 0 0
0 0 0 0 0 1 0 0
0 0 0 0 0 0 1 0
0 0 0 1 0 0 0 0
0 1 0 0 0 0 0 0
0 0 0 1 0 0 0 0
1 0 0 0 0 0 0 0
0 0 0 1 0 0 0 0
0 0 0 0 0 1 0 0
0 1 0 0 0 0 0 0
0 1 0 0 0 0 0 0
0 0 0 0 0 0 0 1
0 0 0 0 0 0 0 1
1 0 0 0 0 0 0 0
0 0 0 0 0 0 0 1
0 0 0 0 1 0 0 0
0 0 0 0 0 1 0 0
0 0 0 0 0 1 0 0
0 0 0 0 0 1 0 0
0 1 0 0 0 0 0 0
0 0 0 0 0 0 0 1
0 0 0 1 0 0 0 0
0 0 0 0 0 0 1 0
1 0 0 0 0 0 0 0
0 0 0 0 0 0 0 1
0 0 0 1 0 0 0 0
0 0 0 0 0 1 0 0
0 0 0 0 0 1 0 0
0 1 0 0 0 0 0 0
0 1 0 0 0 0 0 0
0 0 1 0 0 0 0 0
0 1 0 0 0 0 0 0
0 0 0 0 0 1 0 0
0 0 1 0 0 0 0 0
0 0 0 0 1 0 0 0
0 0 0 0 0 0 1 0
0 0 0 0 0 1 0 0
0 0 0 0 0 1 0 0
0 1 0 0 0 0 0 0
0 0 0 0 1 0 0 0
0 0 0 0 1 0 0 0
0 0 0 1 0 0 0 0
0 0 0 1 0 0 0 0
0 0 0 0 1 0 0 0
0 1 0 0 0 0 0 0
0 0 0 0 0 0 1 0
0 0 1 0 0 0 0 0
0 0 0 0 0 0 0 1
1 0 0 0 0 0 0 0
0 0 0 0 0 0 0 1
0 0 0 1 0 0 0 0
0 0 0 0 1 0 0 0
0 1 0 0 0 0 0 0
0 0 0 0 1 0 0 0
0 0 0 0 0 0 1 0
0 0 0 0 0 0 1 0
0 0 1 0 0 0 0 0
0 0 0 0 0 1 0 0
0 0 0 0 0 1 0 0
0 1 0 0 0 0 0 0
1 0 0 0 0 0 0 0
0 1 0 0 0 0 0 0
0 0 0 0 0 0 0 1
0 0 0 0 0 0 0 1
0 0 0 1 0 0 0 0
0 1 0 0 0 0 0 0
0 0 0 0 0 0 0 1
0 0 0 0 1 0 0 0
0 1 0 0 0 0 0 0
0 0 0 1 0 0 0 0
0 0 1 0 0 0 0 0
0 0 0 0 1 0 0 0
0 0 0 0 0 0 1 0
0 0 0 0 1 0 0 0
0 0 0 0 0 1 0 0
0 0 0 1 0 0 0 0
0 0 0 0 1 0 0 0
0 0 0 1 0 0 0 0
0 0 0 0 0 0 0 1
0 0 0 0 0 1 0 0
0 0 0 1 0 0 0 0
0 0 0 0 0 1 0 0
1 0 0 0 0 0 0 0
0 0 0 0 0 0 0 1
0 0 1 0 0 0 0 0
0 1 0 0 0 0 0 0
1 0 0 0 0 0 0 0
1 0 0 0 0 0 0 0
0 0 0 0 0 0 1 0
0 0 0 0 1 0 0 0
0 0 0 0 1 0 0 0
0 0 0 0 0 1 0 0
0 0 0 0 0 0 0 1
0 1 0 0 0 0 0 0
0 0 0 0 0 1 0 0
0 0 0 0 1 0 0 0
0 0 0 0 0 0 1 0
0 0 0 0 0 0 1 0
0 0 0 0 0 0 1 0
0 0 0 1 0 0 0 0
0 0 1 0 0 0 0 0
0 0 0 0 1 0 0 0
0 1 0 0 0 0 0 0
1 0 0 0 0 0 0 0
1 0 0 0 0 0 0 0
0 0 1 0 0 0 0 0
0 0 0 1 0 0 0 0
0 0 0 1 0 0 0 0
0 0 0 0 0 1 0 0
0 0 0 0 0 0 0 1
0 0 0 0 1 0 0 0
0 0 0 0 0 0 0 1
0 0 0 1 0 0 0 0
0 1 0 0 0 0 0 0

Capacidades:
52 23 44 46 55 36 31 34
58 26 26 23 27 43 47 43
43 27 28 45 24 0 44 37
34 0 40 34 54 58 0 54
39 0 35 27 40 26 33 34
0 57 25 30 0 42 46 27
27 37 55 43 52 0 57 57
29 28 42 48 26 45 34 32
37 59 56 53 0 34 23 0
30 21 28 31 31 23 41 22
