m: 500
n: 10
p: 8

Distancias:
9.43 5.61 6.86 4.07 1.32 6.63 1.08 3.11 5.64 1.97
5.48 8.09 3.54 8.65 4.09 2.79 7.06 8.42 6.94 7.19
6.26 7.67 4.75 6.10 9.09 2.80 1.20 9.61 3.36 8.61
4.61 8.01 6.78 6.41 4.16 1.87 6.56 2.49 8.64 8.75
2.96 9.39 7.93 2.67 7.46 6.89 5.40 8.57 3.70 3.69
8.82 8.91 1.95 2.95 5.32 2.45 2.68 8.90 5.30 8.17
8.77 7.78 3.83 4.89 5.58 6.13 1.82 4.90 3.56 4.84
5.51 7.99 1.27 7.30 2.13 9.99 4.83 6.17 8.30 5.63
6.29 4.79 4.45 8.93 1.42 8.15 8.76 1.86 7.90 8.43
8.31 5.77 9.10 5.41 8.42 3.77 8.47 9.88 2.35 3.80
5.23 6.27 9.96 5.97 2.36 6.68 7.17 6.04 1.67 6.08
5.65 2.97 7.16 1.02 9.88 2.21 6.39 7.90 9.74 2.32
8.26 8.14 4.11 9.94 6.39 9.82 1.63 6.55 6.14 7.66
4.85 4.98 9.98 1.45 4.32 2.75 6.82 7.66 4.53 3.21
8.36 4.13 8.27 5.13 3.41 3.56 1.01 4.28 6.19 6.12
9.98 8.41 2.68 5.92 6.22 1.26 5.38 5.43 5.22 2.62
8.44 3.22 8.04 9.68 5.71 5.11 8.82 5.70 7.96 9.18
6.63 2.40 8.18 5.73 1.92 2.64 5.13 6.78 1.19 5.92
3.49 3.77 9.63 4.43 9.57 7.79 9.32 7.40 5.61 7.89
8.06 1.66 2.85 4.32 1.40 2.28 4.38 9.34 4.09 5.65
7.91 6.55 4.03 8.08 6.53 5.88 8.51 9.11 3.52 8.70
3.03 2.16 3.07 7.80 4.67 8.90 4.85 5.12 3.43 7.48
5.11 6.76 8.19 2.69 6.13 9.09 6.10 7.53 2.73 7.00
4.56 1.62 7.36 3.47 4.70 3.22 3.62 1.21 7.72 7.28
3.42 8.24 5.77 3.78 4.60 5.58 3.35 7.42 8.00 9.64
3.69 3.98 8.23 3.70 2.53 5.55 5.67 7.19 2.74 7.81
9.16 6.89 4.09 8.99 4.45 7.69 7.43 8.39 8.33 6.22
1.93 8.46 9.12 5.74 8.21 1.23 7.33 3.96 1.90 2.50
6.73 1.00 8.94 1.65 7.27 4.52 6.20 8.21 6.33 3.88
2.14 1.23 4.09 6.56 1.27 5.88 3.84 3.49 3.30 4.11
1.78 4.31 3.33 7.82 2.73 5.80 1.75 5.84 4.21 1.92
9.29 2.53 1.63 5.24 7.70 7.09 9.17 5.06 7.40 8.48
8.29 7.40 9.65 4.47 2.62 3.99 1.77 8.70 7.83 3.30
1.96 9.86 2.23 9.93 1.16 6.69 6.87 8.40 2.02 9.02
5.31 1.82 5.72 3.77 1.60 7.20 8.09 5.71 7.94 2.00
4.87 8.85 1.32 5.03 6.60 2.45 5.43 5.43 8.40 5.75
6.80 2.43 3.56 1.40 8.78 8.70 3.42 5.11 2.88 1.62
1.64 1.63 5.86 7.97 8.57 8.64 3.97 9.46 3.17 3.47
7.80 4.75 6.01 4.73 1.41 1.97 9.80 1.19 7.94 3.38
4.83 6.36 2.88 1.56 8.08 6.41 7.09 7.95 7.46 8.81
6.68 6.70 5.64 6.17 6.79 1.04 9.06 7.35 9.21 6.72
8.45 7.71 1.95 9.50 5.65 9.58 6.58 6.15 1.50 4.54
3.95 9.74 4.92 4.66 5.93 4.97 6.85 2.99 8.13 2.24
7.85 4.14 1.89 3.79 4.93 7.30 1.25 2.49 4.35 2.41
8.61 3.72 8.82 4.67 5.48 3.38 1.78 6.77 4.21 3.36
4.25 7.55 4.58 9.40 9.40 5.70 3.68 9.88 2.41 1.39
7.74 3.57 1.12 1.56 1.84 8.12 4.51 2.52 9.75 3.25
5.88 1.04 2.87 4.43 5.05 1.64 2.61 1.88 2.28 7.31
4.54 6.30 6.19 2.34 8.57 6.29 4.07 1.50 5.12 8.43
7.90 9.27 6.43 2.80 2.03 9.56 8.21 4.84 4.68 8.57
8.19 9.53 5.66 5.78 5.60 3.59 3.68 7.01 6.19 2.48
6.16 2.68 2.43 4.56 2.44 1.19 8.94 5.65 3.54 7.41
2.09 7.59 7.95 8.55 6.68 7.13 4.23 8.06 5.49 3.69
7.15 6.56 6.43 1.57 8.77 3.10 3.90 6.73 1.54 5.91
7.84 4.39 1.61 9.99 7.52 7.59 4.74 2.04 7.54 4.50
5.09 3.44 1.04 5.77 1.61 1.08 1.78 7.11 5.78 6.35
6.61 3.67 5.32 4.81 3.59 1.87 4.89 2.94 9.97 4.50
9.01 9.70 2.98 7.37 4.19 5.55 4.84 5.79 2.00 9.05
2.40 2.93 2.97 8.23 8.11 1.93 5.93 3.54 9.53 3.37
9.45 6.81 8.67 4.43 7.49 3.36 4.30 5.75 5.45 8.16
9.44 2.28 3.17 6.12 8.58 3.71 2.32 7.22 7.20 6.55
8.59 7.39 2.30 5.70 3.82 5.63 2.76 5.74 3.92 5.24
9.06 3.77 6.44 3.14 3.06 1.99 9.26 4.43 8.35 5.88
6.80 3.87 4.28 3.52 4.97 3.81 2.16 9.51 7.58 3.31
4.35 1.69 7.31 3.89 1.29 1.01 9.38 9.28 8.28 1.35
4.55 6.16 4.51 1.75 4.90 5.48 6.20 8.86 3.36 2.54
9.05 8.60 3.39 8.17 7.77 2.77 4.71 7.00 4.90 8.01
6.72 2.16 1.36 9.17 3.36 4.86 1.54 8.78 2.97 1.14
9.50 3.77 8.30 9.68 9.08 5.27 9.22 1.61 2.90 6.51
6.14 9.58 4.47 8.41 3.32 4.79 4.78 6.51 2.96 5.29
3.84 2.92 6.13 9.80 6.99 7.71 6.98 2.37 2.73 8.59
5.66 7.73 4.97 9.06 5.96 6.27 2.35 4.97 9.26 7.17
4.97 7.28 8.21 7.55 9.09 9.60 8.18 5.96 6.55 8.63
9.05 7.45 4.32 2.14 9.81 3.19 9.58 9.81 4.77 9.41
9.11 4.38 5.04 2.01 2.42 3.91 4.32 3.43 8.78 1.86
1.66 4.39 6.40 7.51 7.95 1.52 9.24 5.62 4.07 3.74
9.85 7.77 9.97 1.20 1.73 9.92 9.55 4.04 3.21 7.48
3.12 9.68 8.78 7.69 9.00 4.82 3.18 3.92 2.70 7.20
4.61 6.12 2.95 8.66 8.03 1.93 8.71 2.14 6.16 4.54
4.83 2.21 2.24 8.92 7.88 2.94 8.49 5.20 6.32 1.66
5.86 1.86 9.85 3.89 7.99 7.98 5.64 1.82 7.74 1.21
6.87 8.80 6.82 9.72 9.16 9.42 3.75 5.90 1.28 5.41
3.60 2.87 1.66 4.88 2.68 4.16 1.23 4.02 8.72 9.49
8.99 8.90 3.16 7.00 7.66 8.55 5.21 7.77 1.70 9.95
5.40 8.61 6.95 5.14 6.84 9.23 3.63 4.97 4.24 9.26
1.67 9.68 2.27 5.05 3.28 6.10 4.45 1.04 1.60 2.21
6.94 8.16 7.45 5.53 4.77 9.26 4.68 2.12 5.64 6.50
4.47 6.28 9.46 9.68 9.66 2.53 5.88 2.14 9.49 8.72
6.48 9.99 6.03 8.46 6.87 9.81 8.93 3.29 2.33 7.02
9.45 1.46 6.38 5.83 5.58 2.43 1.96 6.82 2.09 4.42
4.95 7.56 2.34 9.42 1.86 8.74 8.53 5.78 1.80 7.39
6.58 5.62 5.45 7.85 8.90 6.87 1.78 5.61 6.54 4.92
3.88 6.73 6.22 6.76 7.22 7.72 4.79 7.32 9.55 1.64
9.28 8.92 5.38 7.16 5.17 4.13 7.72 4.15 7.93 5.34
8.24 9.75 4.52 8.66 3.84 5.07 6.46 3.26 2.24 6.97
5.22 2.84 7.45 4.43 5.42 6.36 3.21 8.46 6.06 2.06
8.65 9.93 7.94 7.72 7.38 5.21 9.72 1.78 5.51 3.57
6.29 7.53 8.75 1.29 3.40 2.05 3.71 2.22 5.17 7.04
4.88 1.38 7.73 3.59 2.24 7.19 4.65 5.34 7.66 8.52
2.96 1.74 7.65 9.94 9.83 5.76 5.40 6.30 5.66 5.18
3.32 4.33 4.18 8.03 6.05 7.46 5.08 5.21 4.36 4.19
2.31 5.30 7.21 2.62 9.57 4.23 10.00 6.99 2.49 2.14
7.31 2.94 7.79 4.41 4.12 2.44 8.34 3.59 6.80 6.32
8.50 1.40 9.43 4.84 9.87 4.79 8.25 7.91 6.85 2.21
9.12 2.62 5.62 4.66 1.68 4.31 2.23 4.46 9.42 2.57
7.37 2.04 7.00 4.22 2.79 3.07 9.75 8.14 1.07 7.34
1.98 3.61 9.89 5.27 6.56 9.29 7.77 6.92 5.59 7.07
1.79 2.59 8.79 7.85 3.59 7.37 6.22 8.93 7.19 9.62
9.38 8.32 1.24 4.00 2.29 5.60 5.72 5.69 4.59 2.26
9.38 2.21 2.60 7.23 1.71 2.63 2.28 7.17 1.98 6.35
2.84 6.67 8.26 8.51 4.12 6.14 8.33 1.18 8.58 4.51
9.78 5.69 7.93 6.85 5.14 8.99 4.16 4.93 7.52 5.75
9.75 7.35 8.49 5.83 9.60 3.77 1.63 9.76 6.47 2.53
1.33 9.80 6.14 9.87 8.24 8.47 3.26 3.03 9.49 5.34
7.96 6.51 1.78 3.49 7.63 4.43 9.29 2.97 9.76 1.34
5.85 1.03 3.96 8.86 7.81 4.06 7.34 9.97 4.99 4.34
7.97 9.28 7.82 3.84 8.89 4.70 4.24 4.47 2.09 9.03
6.21 3.62 9.53 2.48 6.12 2.76 5.82 9.13 8.26 7.06
9.54 1.31 7.07 7.56 3.02 7.29 7.93 3.83 2.53 9.42
4.65 1.84 7.18 2.97 7.38 5.49 6.63 8.64 8.47 4.25
4.31 7.62 2.54 2.81 4.45 2.96 6.83 2.72 9.74 6.10
5.65 1.46 4.85 7.10 4.39 1.06 4.20 4.59 4.59 2.17
2.52 3.03 6.42 3.58 8.32 7.39 8.65 7.46 3.67 5.56
3.02 1.32 5.83 9.27 3.81 5.08 7.85 6.43 8.65 9.08
8.86 3.11 7.52 6.80 6.72 8.15 5.66 8.74 4.41 9.67
9.95 4.71 4.08 4.72 6.09 6.32 3.39 4.29 4.16 3.48
7.24 3.99 6.27 3.82 9.41 7.87 8.06 5.76 7.96 9.61
7.98 3.69 1.62 4.74 1.98 4.51 7.34 6.59 5.48 5.43
9.07 1.49 8.44 5.39 5.19 3.09 6.43 1.47 8.21 3.05
2.93 5.52 5.18 6.59 9.91 9.33 2.33 9.84 9.93 7.12
1.26 2.12 3.58 2.96 4.99 3.50 8.95 3.83 2.19 7.30
9.63 3.79 4.56 5.55 2.86 2.59 5.97 4.95 3.79 5.65
6.19 8.56 9.02 6.46 1.77 2.34 5.17 3.16 4.40 9.84
5.12 1.33 7.20 9.86 1.62 3.89 1.18 3.51 5.56 8.00
9.17 1.79 5.38 7.15 3.60 5.37 9.54 5.88 4.58 4.83
5.15 3.00 4.15 8.71 3.36 8.25 8.14 4.02 9.89 4.30
8.40 6.90 7.61 1.82 5.69 8.07 9.17 2.98 5.64 3.49
9.01 4.92 4.63 6.91 9.17 2.62 9.67 7.82 5.83 4.19
8.82 6.55 8.42 6.78 3.54 3.53 4.18 5.23 4.92 8.56
7.19 2.34 5.75 5.01 4.83 3.52 9.12 3.55 4.28 6.45
6.92 2.54 1.73 2.70 1.28 8.98 8.19 6.04 8.64 8.15
6.26 3.18 3.60 4.91 2.86 8.21 6.91 4.96 3.82 6.87
8.97 2.07 1.35 6.57 5.84 1.57 6.84 2.11 1.12 6.61
5.59 9.86 2.93 5.53 4.29 5.40 4.28 2.30 1.41 7.01
7.22 8.50 7.18 9.77 7.56 3.28 9.10 7.49 4.25 3.66
5.91 2.92 1.21 6.14 5.35 2.14 6.66 6.72 1.51 1.57
2.44 7.66 9.67 3.67 7.74 7.66 5.30 8.98 8.09 4.34
1.11 1.72 9.62 9.76 5.29 7.75 5.24 6.06 3.66 2.01
5.13 6.48 2.93 2.79 7.82 7.57 4.70 8.58 4.16 2.80
3.09 8.64 1.38 1.75 4.01 3.62 3.30 8.56 5.48 4.54
6.98 3.24 3.99 6.02 6.22 1.77 2.84 8.57 2.53 4.41
2.97 4.44 3.36 3.19 6.12 8.99 2.44 2.05 4.46 9.20
8.08 1.73 3.88 5.90 4.36 1.30 3.52 7.43 6.80 3.09
6.69 8.21 2.69 9.80 7.12 8.99 7.07 4.58 5.22 2.40
3.56 5.09 9.11 4.08 7.34 3.85 2.38 3.09 8.45 1.85
5.36 6.48 9.11 6.62 8.40 6.08 1.33 5.52 3.36 3.66
9.88 3.80 3.68 8.66 4.72 3.83 4.02 1.51 5.11 8.59
6.81 2.44 5.92 8.87 4.52 8.77 3.28 9.40 9.39 9.26
5.37 1.22 4.84 8.77 4.21 6.87 3.90 1.13 5.51 9.12
3.74 4.59 8.85 2.95 8.19 7.00 7.02 2.96 8.15 4.02
8.89 6.03 8.39 9.96 5.14 4.20 8.00 5.44 7.80 9.60
7.65 6.24 8.67 4.75 9.58 3.49 8.07 6.40 3.15 8.78
1.35 6.15 4.05 3.32 4.51 3.94 7.71 7.68 3.10 8.43
9.40 3.27 4.82 6.31 3.06 1.34 5.12 7.77 1.91 7.51
9.91 3.10 9.66 9.69 6.63 2.72 5.28 6.20 9.95 3.76
6.80 9.67 8.01 7.68 1.08 9.93 9.86 4.60 1.71 3.96
5.69 4.07 5.77 3.85 4.59 4.79 7.95 3.76 3.07 1.24
4.10 5.62 9.64 9.68 5.54 4.59 4.28 4.95 4.95 9.32
4.33 6.56 6.59 3.24 9.82 3.42 8.61 8.07 2.48 3.86
8.07 5.87 7.63 1.92 6.47 4.83 7.22 9.03 8.16 3.16
9.21 5.29 9.32 4.43 1.84 3.93 6.59 4.94 6.92 9.54
4.81 3.58 8.62 4.61 6.81 3.45 2.33 9.20 2.82 1.90
5.08 5.09 5.06 3.14 6.83 1.03 4.71 9.73 2.32 9.09
7.56 5.13 2.16 6.21 4.49 3.01 6.89 6.69 4.30 9.82
3.15 3.27 3.48 4.74 2.03 2.09 8.61 8.62 2.68 8.09
8.22 3.25 1.62 1.95 8.17 8.34 8.34 9.07 1.03 7.35
9.30 1.13 9.68 8.20 5.73 5.79 4.82 4.28 9.20 3.59
9.59 9.13 4.20 2.67 3.51 3.96 6.35 4.41 9.13 9.83
7.80 9.23 7.93 1.68 2.64 4.95 6.14 2.61 6.05 1.52
1.97 9.39 6.91 1.82 1.26 5.34 1.33 8.15 2.25 2.78
9.67 9.78 4.25 3.07 6.62 1.95 7.99 4.08 3.68 9.58
5.53 2.40 9.45 9.41 4.18 7.36 6.62 3.36 4.08 4.82
4.85 6.38 2.76 7.72 4.93 1.62 5.59 9.73 2.27 2.76
8.53 6.35 7.87 6.20 1.01 7.57 6.36 7.11 4.88 2.94
7.57 1.29 8.18 1.10 3.63 6.64 9.24 2.38 3.18 7.61
4.93 7.61 1.26 6.49 4.43 9.97 4.55 6.19 8.10 3.94
8.88 8.33 1.67 6.54 6.81 8.29 2.75 6.60 8.31 3.93
5.14 7.06 7.86 9.76 1.61 7.12 8.72 2.23 5.66 5.79
4.32 4.69 2.09 4.86 6.71 6.43 7.15 5.66 6.45 1.64
5.10 4.90 9.26 2.39 5.27 3.10 5.57 3.41 1.66 9.72
9.00 4.87 8.04 4.77 6.78 4.23 8.79 6.95 7.25 5.67
5.44 2.81 3.61 7.54 5.86 9.37 1.65 8.74 5.53 2.66
6.38 5.53 2.53 1.56 9.21 7.63 4.72 7.24 5.55 8.68
8.30 9.72 1.30 1.52 9.63 3.35 5.48 5.63 9.76 3.06
6.54 2.46 5.78 3.49 9.59 5.00 4.79 9.49 1.46 8.62
9.34 7.68 1.74 2.81 8.89 6.46 8.80 6.38 7.49 6.76
8.48 7.36 7.87 8.67 4.71 3.68 7.66 7.60 7.81 3.98
1.58 8.94 8.90 7.68 7.97 5.75 3.25 8.36 8.96 7.71
3.78 6.37 6.28 4.10 4.84 2.28 4.05 8.47 7.54 5.93
9.98 7.32 3.21 3.67 8.35 1.94 2.63 2.53 3.87 3.31
6.69 7.00 3.78 9.18 8.89 3.85 4.45 1.29 5.93 8.38
1.28 5.44 6.79 4.33 9.17 8.03 5.16 3.26 3.51 5.11
6.58 6.27 7.96 9.69 5.68 9.52 5.38 8.13 1.08 8.06
8.94 4.66 7.66 7.08 7.87 7.49 6.69 4.69 7.34 6.21
3.29 8.14 5.50 4.95 1.29 3.89 7.23 9.10 7.02 1.91
5.30 5.98 5.47 6.11 5.44 5.76 5.30 4.76 1.95 9.56
4.27 3.01 5.15 6.41 9.67 1.33 7.84 1.24 3.54 1.16
9.72 6.12 1.09 3.21 3.83 9.51 2.92 3.21 9.31 9.00
3.63 5.47 1.84 2.69 9.26 9.33 8.12 2.94 1.26 3.87
1.61 3.06 5.61 4.19 7.75 2.77 9.32 1.85 3.26 3.26
3.55 7.54 4.93 4.35 6.02 2.69 2.99 8.52 6.75 6.09
1.25 3.40 5.05 7.65 7.90 4.55 5.56 2.50 1.90 7.97
3.69 4.46 7.67 4.92 6.91 4.22 3.45 6.03 7.95 1.71
8.85 7.32 9.48 9.41 9.24 5.95 1.80 7.31 2.85 7.47
2.08 3.86 3.45 1.75 8.62 9.27 8.27 2.20 5.09 4.97
4.22 5.94 4.59 9.68 9.61 7.55 3.62 7.85 4.58 1.76
1.70 3.27 5.25 3.46 5.38 8.70 4.21 7.79 6.52 2.95
8.18 4.11 5.80 8.94 9.63 1.73 1.85 9.09 6.80 5.37
4.89 3.53 7.86 8.96 4.64 2.70 4.13 1.20 3.36 1.84
1.77 6.02 6.10 3.41 1.41 4.00 2.76 2.00 2.91 3.79
1.64 1.93 7.22 7.64 5.39 4.71 9.03 3.77 8.68 7.45
2.18 4.78 8.91 2.17 3.88 7.94 8.97 7.19 5.03 7.20
4.38 5.04 8.90 2.69 5.71 2.65 6.73 3.41 5.81 5.27
7.19 2.14 6.34 2.46 8.61 6.56 3.06 2.84 1.88 2.58
3.56 2.36 8.44 6.30 9.20 6.20 4.12 7.37 5.92 8.64
4.01 1.74 8.65 4.54 3.08 3.59 4.11 3.92 8.01 5.21
8.00 2.47 3.31 1.80 4.70 4.12 6.80 3.54 5.81 5.13
9.33 6.91 6.93 8.71 7.30 3.88 3.36 1.46 9.40 4.80
3.54 9.59 1.97 5.93 6.00 5.45 5.99 6.94 4.55 9.66
5.52 3.43 6.16 8.11 5.04 3.89 1.23 5.94 9.17 3.74
5.35 6.75 1.59 5.77 9.03 5.89 9.37 5.46 6.46 2.65
8.19 4.67 7.70 5.12 3.14 3.41 4.67 8.63 3.31 1.81
1.71 4.14 7.44 5.18 1.54 9.94 4.22 4.20 5.69 6.43
1.94 3.75 6.80 1.54 5.26 4.69 5.31 7.96 8.30 8.72
5.31 1.43 9.48 4.45 5.90 9.33 3.20 7.06 7.70 2.58
7.09 3.23 8.87 7.00 8.24 1.62 8.72 9.24 3.41 3.19
3.61 5.63 1.31 8.45 1.17 5.14 9.45 8.12 6.63 7.93
3.67 8.25 6.60 1.18 4.36 7.92 1.56 9.85 9.17 5.48
8.10 8.54 9.45 5.20 1.05 4.38 3.41 9.03 6.48 9.68
4.83 9.70 7.60 2.67 1.16 8.24 3.91 3.94 8.21 4.54
9.66 2.76 6.65 5.33 7.10 6.95 9.92 6.78 8.41 7.31
9.38 5.88 4.86 1.58 5.06 4.07 3.64 1.05 5.23 2.07
7.39 5.22 8.64 6.32 8.80 8.98 9.85 3.37 1.96 5.13
9.93 6.05 3.68 1.30 3.61 6.78 4.76 6.42 2.50 9.03
1.25 1.83 1.44 9.38 5.17 9.98 1.73 2.47 8.79 5.40
9.51 7.12 1.70 2.09 9.91 7.65 4.65 8.34 2.64 9.71
1.04 7.67 3.82 4.91 5.56 8.71 8.89 9.17 7.55 4.10
6.74 2.66 9.47 2.02 1.81 3.06 8.36 5.47 3.37 7.34
7.30 6.30 3.98 9.72 1.56 1.75 8.62 4.58 2.13 2.20
7.04 8.48 6.55 4.27 6.20 1.02 5.44 2.11 8.14 4.28
7.54 2.30 3.29 6.03 6.10 6.28 5.20 5.94 7.41 7.65
2.99 3.41 5.39 7.32 1.73 9.48 1.75 5.45 6.86 3.31
7.25 9.35 8.40 6.35 4.41 4.30 3.34 7.47 3.29 3.63
4.64 7.07 4.67 4.62 4.67 4.22 2.93 4.96 8.92 2.01
1.44 1.20 9.43 2.08 9.89 4.32 3.36 9.29 7.57 7.18
6.70 2.66 4.66 4.85 9.64 9.16 3.43 5.55 7.53 1.74
8.59 9.25 2.49 6.36 5.07 8.87 4.34 6.29 1.28 9.46
5.24 1.05 6.10 6.29 2.59 3.23 7.30 8.14 9.92 3.39
3.92 9.32 9.04 4.46 8.47 5.86 6.88 3.80 4.52 3.04
6.16 5.12 9.54 1.45 9.26 4.99 4.21 5.32 5.38 5.59
7.61 1.58 7.64 4.40 5.31 3.74 9.91 2.83 9.98 9.53
9.82 9.59 1.69 2.87 3.61 3.99 1.22 9.49 5.60 3.05
8.78 5.38 3.89 1.74 3.72 1.63 8.46 5.76 2.38 6.71
9.02 4.44 4.28 4.82 2.55 7.52 8.62 1.31 2.98 4.70
8.58 7.20 4.34 3.24 4.94 1.42 5.47 3.27 2.51 4.58
3.57 1.06 5.95 6.15 8.60 8.27 5.12 2.20 4.11 1.16
5.58 6.46 1.21 5.42 3.77 2.40 5.42 3.33 7.28 2.92
9.11 2.02 5.84 2.82 2.94 6.21 4.29 5.78 3.59 8.60
2.79 7.00 6.98 2.49 2.27 3.10 8.90 1.53 4.64 1.60
9.51 5.73 8.40 5.11 2.82 1.95 2.94 2.44 5.21 8.49
9.89 5.57 7.21 6.89 3.09 5.79 3.48 5.65 3.67 7.30
7.63 3.85 6.60 6.63 7.76 8.81 4.01 5.65 9.59 3.20
7.63 3.26 9.86 6.14 7.64 7.25 5.11 3.72 6.38 7.51
3.35 7.76 7.13 4.94 3.30 2.96 8.04 9.22 8.80 7.60
5.03 1.07 2.13 6.28 1.43 4.52 7.57 8.60 7.09 8.94
7.85 8.03 2.29 7.63 5.72 3.39 4.33 8.51 8.10 7.78
8.70 4.85 7.97 6.97 2.94 5.90 6.03 1.89 7.06 4.08
1.70 6.28 1.74 4.60 6.52 6.22 8.47 4.72 1.20 5.48
9.04 4.99 2.19 9.29 8.05 6.34 5.09 5.95 2.09 8.94
8.91 8.55 8.42 5.22 9.16 8.45 9.82 1.36 2.26 1.10
8.57 2.04 3.61 6.77 8.42 5.89 7.93 1.30 1.08 5.63
3.09 3.20 1.21 5.93 8.37 2.43 6.14 4.24 8.82 9.37
7.61 1.31 3.09 5.61 8.71 1.09 9.67 1.68 9.13 8.84
4.83 4.95 4.52 9.76 1.56 6.85 5.46 6.62 6.24 6.87
2.67 6.98 4.29 8.25 2.52 7.19 6.52 9.45 2.84 2.00
8.83 4.92 2.77 3.92 4.88 7.50 2.37 5.99 1.61 5.51
3.82 5.57 2.39 6.84 5.61 5.21 1.72 8.51 9.88 8.34
2.40 1.86 8.68 1.22 3.48 3.76 9.76 5.86 8.00 8.89
2.97 1.11 5.50 5.54 9.73 1.28 5.65 7.89 1.68 5.57
6.58 5.89 2.93 3.93 2.97 3.67 6.36 4.36 9.56 1.41
1.09 1.94 9.30 6.38 1.60 4.27 3.99 9.51 2.22 1.67
9.30 1.12 3.20 1.44 3.59 6.61 8.50 3.33 1.10 3.17
6.59 9.68 3.23 3.28 4.96 2.72 6.29 1.05 2.74 5.44
6.39 4.45 4.29 6.86 2.67 9.13 2.18 8.75 6.45 2.45
9.10 6.81 9.66 6.35 5.03 3.68 8.50 6.22 6.85 3.56
4.79 2.44 5.09 3.36 3.71 9.74 5.92 2.92 4.47 9.77
6.17 1.46 1.69 3.07 4.79 1.93 3.91 2.85 2.02 2.00
1.51 6.90 8.10 7.22 2.73 1.41 1.74 1.09 5.70 9.55
7.88 7.40 1.11 5.82 2.95 4.22 4.69 4.89 8.50 7.64
4.58 6.84 9.67 5.88 8.67 9.81 4.71 7.49 7.13 5.17
7.45 9.30 3.96 2.04 5.57 7.54 8.72 4.01 2.27 6.94
1.58 1.71 2.26 8.89 4.22 3.09 7.42 3.40 7.20 6.33
1.18 3.20 5.66 8.62 6.30 4.60 1.31 2.96 8.14 1.61
8.03 8.62 3.91 2.69 3.89 2.37 4.93 6.42 1.29 5.12
9.25 5.38 1.94 6.94 7.82 5.64 5.52 4.26 6.14 3.12
9.34 2.93 5.63 7.08 3.05 6.17 4.30 2.93 4.09 8.05
7.19 5.27 5.93 7.58 7.69 7.39 5.36 8.80 3.26 6.60
2.25 5.78 1.67 7.46 1.11 8.07 5.14 6.37 8.27 2.66
1.30 8.30 7.40 4.97 1.09 9.61 6.60 7.62 2.57 5.28
6.39 2.90 5.30 5.63 6.29 3.00 4.94 5.00 1.32 1.98
1.94 8.39 1.51 7.69 2.94 3.62 7.13 1.83 7.60 4.64
5.70 2.34 6.87 7.22 7.30 3.53 4.06 8.32 8.37 8.11
4.98 2.94 1.33 1.84 9.78 4.07 8.68 4.75 6.63 8.54
7.44 1.84 5.51 5.95 8.95 6.07 4.63 7.10 1.42 6.99
4.27 6.07 3.60 9.48 5.63 2.98 9.39 5.10 9.15 4.61
8.74 9.46 9.55 8.23 3.35 2.88 8.05 5.69 6.41 4.12
2.92 7.65 6.04 7.76 8.90 2.85 3.00 9.77 3.05 2.15
3.35 1.04 1.52 8.70 5.23 6.00 4.65 3.85 4.04 3.10
7.12 5.92 3.32 6.62 4.11 9.66 5.22 9.65 5.70 7.12
8.82 4.93 8.40 2.28 4.96 2.96 8.80 4.66 8.93 1.84
9.53 2.31 1.35 5.64 2.60 2.13 5.15 6.14 5.78 7.70
4.38 3.66 6.79 1.50 3.38 7.28 2.17 5.18 8.95 6.74
7.50 4.33 3.57 4.35 9.54 1.49 8.46 1.95 9.09 2.38
9.92 2.34 5.60 4.29 2.00 4.45 5.20 7.63 2.07 2.61
8.52 7.46 7.02 2.05 2.91 7.65 2.58 6.92 5.25 9.96
6.19 8.47 3.35 5.86 3.96 8.30 2.54 1.59 8.09 9.15
2.75 9.20 5.79 8.02 2.17 1.09 7.08 9.97 8.36 8.90
8.81 8.71 6.42 7.23 6.54 3.28 3.73 1.64 7.21 5.91
6.23 2.22 2.18 9.83 1.27 5.93 3.82 2.75 9.83 5.55
2.89 7.71 2.67 6.76 6.66 3.10 7.97 1.60 6.28 1.06
5.76 1.66 5.74 5.32 8.65 2.48 8.67 8.16 8.87 4.13
1.01 8.01 7.89 1.92 7.83 1.03 6.28 8.14 9.09 7.94
1.32 3.58 3.40 5.79 7.49 9.56 5.13 8.53 3.68 6.48
5.02 1.11 5.90 1.51 6.39 2.71 9.17 1.80 5.77 1.37
6.88 8.41 2.79 5.00 2.32 2.48 4.60 8.73 5.57 4.73
3.46 1.29 8.54 6.07 1.49 8.95 5.72 7.78 4.32 3.40
3.51 6.38 5.26 5.41 9.52 9.75 5.69 1.74 9.60 2.45
3.90 3.21 6.25 4.13 9.53 7.57 2.02 1.52 1.82 6.11
2.42 3.68 1.43 2.85 2.53 5.44 5.28 2.24 6.64 2.81
2.92 8.54 4.00 3.43 4.62 5.83 8.90 4.51 7.42 3.42
8.69 6.74 7.41 1.38 1.47 1.72 9.97 9.65 7.35 3.17
2.78 4.93 6.31 2.54 9.66 3.58 9.40 3.34 5.79 6.63
2.77 3.99 7.31 1.42 7.84 8.12 7.98 3.59 2.58 9.97
5.09 5.77 7.91 4.88 2.58 8.88 2.16 7.87 3.54 6.54
4.91 1.29 7.43 6.77 6.41 5.75 5.81 9.26 4.18 2.69
1.76 1.05 8.59 8.56 6.49 8.22 7.08 2.61 1.15 6.00
1.77 4.32 5.22 3.17 4.17 8.35 9.74 8.98 6.42 7.91
7.73 2.43 8.77 9.16 1.26 5.85 7.00 8.50 9.97 5.23
7.71 8.67 6.52 9.18 9.68 6.84 2.78 2.50 3.68 9.77
4.74 1.55 4.48 1.50 1.58 8.15 8.62 2.60 1.12 2.81
3.30 3.37 2.81 2.72 8.79 2.37 5.37 7.85 9.98 7.01
1.24 7.97 7.18 1.09 9.83 2.85 8.60 8.15 3.02 3.20
7.49 4.93 7.75 9.99 6.39 4.19 9.68 9.17 2.39 9.40
7.00 9.90 1.65 3.00 6.02 4.96 2.37 9.94 6.29 2.26
3.93 2.80 3.33 3.80 8.62 1.41 7.78 3.47 4.35 9.75
7.99 2.29 4.41 6.48 2.99 2.81 3.85 8.43 1.10 6.11
9.56 2.34 5.21 1.00 6.42 6.52 8.16 3.26 7.42 2.13
9.37 5.26 3.72 6.83 7.87 6.22 1.30 4.61 2.82 4.48
7.02 5.93 2.86 3.19 4.59 7.41 8.81 4.85 5.32 2.35
2.02 2.60 7.83 6.25 5.33 2.56 8.92 9.03 3.06 3.04
5.09 4.86 9.50 9.54 9.96 9.97 6.42 3.47 6.53 8.01
5.07 2.33 8.35 6.99 2.84 2.68 8.32 6.77 6.84 5.41
9.44 2.92 8.14 9.16 4.61 5.39 4.02 6.62 3.57 7.27
6.73 9.92 9.25 9.90 4.32 2.94 1.91 3.43 1.24 6.36
8.16 3.61 6.02 1.54 2.83 9.71 4.25 1.76 6.40 6.38
2.63 8.32 1.22 1.13 8.76 9.31 3.73 5.72 7.20 4.65
9.31 5.32 9.09 6.44 4.92 1.93 5.40 1.40 1.26 9.03
8.33 7.81 4.01 5.72 5.07 4.74 7.05 2.58 9.41 5.15
8.47 3.36 7.98 9.62 1.18 8.30 7.33 3.59 2.22 3.39
5.42 2.79 9.45 1.35 6.12 8.89 3.30 5.70 4.32 8.49
3.77 3.38 6.46 9.51 4.82 2.34 5.95 7.44 2.50 8.23
2.21 1.64 2.85 7.60 9.37 5.24 6.82 5.44 5.43 4.97
5.14 4.15 1.10 2.23 5.02 1.82 5.16 1.77 6.78 1.30
6.27 5.26 8.89 1.59 6.13 1.35 5.08 7.38 3.89 7.13
1.87 9.35 7.40 1.31 4.89 1.11 3.86 9.95 9.32 2.25
2.64 3.91 1.46 1.09 2.39 2.29 6.06 1.07 8.48 9.22
1.81 3.95 8.44 4.78 5.86 9.66 9.46 1.02 1.44 1.21
7.83 8.25 5.66 2.71 5.98 8.95 5.38 2.86 7.52 5.67
2.10 3.05 4.16 6.83 6.19 1.01 1.81 2.29 3.40 2.10
2.48 8.87 8.60 3.99 9.49 5.48 5.49 9.60 4.70 3.22
7.90 5.32 8.10 4.07 4.56 7.09 7.85 4.85 5.45 8.65
8.35 8.10 9.83 7.33 5.41 1.37 8.83 7.10 8.73 1.95
1.91 1.61 3.77 1.06 8.07 3.57 6.52 2.83 7.75 8.72
8.01 8.76 6.37 5.35 8.21 3.92 2.20 6.25 4.80 2.12
2.82 5.85 5.82 2.12 9.98 3.64 8.53 6.65 4.50 7.70
2.75 1.72 2.47 8.57 6.68 7.78 1.54 7.37 8.91 9.46
3.20 5.92 5.55 8.97 9.67 8.27 4.74 6.93 5.40 2.83
4.04 5.97 6.28 3.00 7.55 5.02 9.61 3.41 9.36 6.06
6.15 5.46 4.20 5.16 6.41 5.03 4.90 5.10 4.10 3.48
3.16 6.47 3.87 9.21 4.10 3.24 7.33 2.98 9.06 7.98
3.37 9.63 3.11 6.41 4.06 4.61 4.13 6.94 4.31 4.93
9.50 1.50 3.34 2.50 7.27 6.73 3.55 6.72 5.99 4.81
4.01 3.22 6.75 3.63 9.23 8.93 6.38 1.73 4.53 3.35
1.50 4.01 9.40 3.58 4.95 1.43 8.14 1.09 5.70 3.42
8.30 2.05 9.66 5.03 3.85 8.08 9.76 3.79 7.69 6.93
9.75 5.44 1.40 6.04 8.83 5.58 9.30 5.66 2.82 5.33
6.70 8.67 6.32 6.55 5.23 3.27 6.24 6.25 5.63 8.83
3.94 7.58 5.73 3.58 3.47 5.21 9.31 9.07 3.61 1.60
7.05 3.73 6.63 3.64 9.00 4.93 6.52 3.69 9.84 1.02
2.04 1.99 9.82 1.48 7.36 9.60 6.47 7.76 2.99 4.93
9.38 8.52 9.28 3.59 6.38 8.19 1.05 4.18 4.28 9.70
4.82 3.33 3.06 7.87 1.51 1.08 8.23 5.96 4.37 6.89
8.27 7.38 6.94 8.37 8.80 6.72 2.35 8.64 5.20 3.38
2.22 5.50 7.35 4.10 1.34 4.70 9.72 4.55 3.90 2.12
2.22 1.15 7.82 8.11 2.47 8.12 5.15 4.51 9.62 3.94
8.64 2.66 8.00 4.51 7.71 8.97 3.67 4.32 3.99 9.34
2.62 3.05 3.27 5.32 9.92 9.25 2.49 7.28 4.43 5.91
4.42 5.50 8.08 6.92 1.18 5.12 4.13 3.29 2.50 2.10
5.94 3.90 2.90 8.67 1.20 1.52 1.18 2.40 1.33 6.34
4.86 4.09 6.14 4.59 9.08 4.09 9.55 8.25 3.23 3.58
1.78 2.46 6.08 1.08 7.60 8.07 1.71 9.69 8.80 1.21
9.46 5.26 7.25 6.47 9.00 8.22 5.34 4.48 9.85 2.42
6.19 6.87 5.31 7.28 8.23 6.44 6.82 7.51 7.54 8.01
3.71 8.88 3.64 7.52 6.01 9.24 6.58 5.39 3.96 8.58
3.23 8.97 8.67 1.99 9.79 1.40 2.00 5.81 6.40 1.62
8.46 8.88 2.95 7.46 2.31 4.78 1.29 8.66 4.52 7.63
7.10 3.84 7.12 4.11 9.72 4.29 5.51 3.00 7.68 1.12
1.82 2.85 3.95 5.27 3.56 5.34 9.60 7.43 8.61 7.95
2.91 3.15 9.44 9.26 4.50 1.76 3.06 4.14 2.55 4.86
8.00 6.49 1.84 8.48 2.66 4.03 8.60 7.08 5.19 1.56
6.13 7.31 4.44 9.43 7.75 3.68 4.09 6.00 3.19 3.94
4.99 6.89 7.56 1.26 8.10 1.22 8.79 9.55 5.58 3.19
6.39 6.57 6.88 1.60 7.96 5.15 8.87 6.19 9.38 2.04
7.56 3.49 9.65 9.95 8.99 3.53 2.81 8.84 5.17 5.64
8.80 7.74 2.66 7.82 8.23 8.89 7.62 5.01 2.21 4.51
8.51 9.10 7.56 9.16 6.07 4.52 1.38 2.70 2.84 7.21
1.71 5.61 4.60 3.17 6.74 9.71 2.21 6.91 5.73 2.99
1.75 5.86 6.07 4.88 3.41 7.74 3.03 8.51 3.36 2.93
5.82 4.51 9.88 3.61 6.94 3.48 4.78 7.85 6.06 8.68
5.35 7.45 5.27 1.32 8.83 6.76 7.86 7.69 3.82 3.36
6.65 7.31 3.52 6.45 1.48 4.46 2.12 4.47 2.30 9.27
4.57 2.68 7.96 5.40 9.62 1.56 4.65 8.92 3.50 9.39
1.73 8.15 5.11 5.68 6.79 7.59 3.53 2.07 4.81 1.79
3.28 6.29 7.91 8.01 2.67 3.26 1.11 5.82 4.07 4.06
6.35 5.55 8.50 2.43 1.99 5.27 5.22 1.78 4.84 1.11
1.06 5.21 5.82 9.52 2.80 8.36 6.02 1.24 3.96 8.21
3.59 5.15 7.69 3.06 1.79 7.84 7.48 4.23 4.10 9.28
5.45 5.15 4.65 8.55 9.94 9.08 8.72 6.34 6.52 9.98
9.80 1.65 2.05 1.44 1.52 6.22 6.58 5.40 4.88 5.55
7.36 6.72 8.66 5.20 4.59 5.31 3.60 6.09 8.82 3.23
7.08 7.15 4.13 1.79 8.12 6.71 8.55 6.63 4.09 3.23
6.42 4.86 6.82 6.79 9.53 3.06 5.56 1.91 3.19 8.59
4.02 1.49 7.44 8.81 2.39 8.68 7.04 8.00 4.58 4.17
2.07 2.07 4.03 5.85 8.31 6.94 5.05 1.78 8.93 9.09
4.46 9.19 5.73 7.05 7.31 7.44 9.99 4.35 1.04 1.35
2.90 5.81 7.37 1.39 7.17 9.53 5.08 4.47 9.62 2.87
3.37 9.92 7.69 1.65 9.29 6.06 6.06 4.54 1.86 7.55
8.14 5.00 7.10 2.63 9.46 3.70 8.98 2.16 1.23 7.55
3.99 9.86 5.16 8.53 5.32 7.65 9.60 8.61 7.43 8.61
3.61 2.85 7.61 1.45 8.61 6.33 2.73 6.22 7.21 5.83
8.71 4.50 1.88 9.40 9.79 8.67 2.29 4.07 4.66 1.78
4.60 3.10 1.73 8.77 6.73 4.87 1.12 2.79 3.15 1.52
6.73 6.17 6.65 3.24 4.86 3.42 7.69 1.12 2.61 1.44
3.62 1.72 8.97 9.36 9.66 7.66 8.24 3.08 8.60 5.59
2.20 4.23 1.38 5.81 8.84 5.13 4.07 1.62 7.41 4.64
2.50 3.38 4.30 9.21 4.67 4.11 6.08 4.18 1.92 1.65
5.63 4.11 3.83 2.07 9.74 2.51 6.60 3.10 4.55 8.49
1.72 1.85 4.03 7.37 7.42 7.86 6.89 5.04 5.01 1.15
1.26 3.66 2.43 9.12 1.26 5.48 3.88 7.22 3.62 4.16
4.11 1.52 3.34 7.58 8.87 5.77 2.73 7.96 2.38 9.00
6.58 9.03 8.08 5.02 1.28 5.51 9.65 8.53 9.64 8.35
8.80 8.55 4.97 4.19 9.10 3.62 2.59 5.06 8.33 1.06
5.62 4.40 7.54 9.93 6.02 3.49 3.64 3.11 9.69 3.79
2.03 3.06 9.26 5.85 8.85 7.90 2.04 6.17 6.35 4.10
4.46 9.32 1.45 8.83 2.11 4.05 1.47 4.56 7.73 8.70
6.03 5.36 6.26 6.41 5.52 6.74 2.23 1.19 6.86 8.09
2.64 9.86 5.58 1.28 4.93 6.89 4.01 4.38 7.57 1.29
5.94 6.99 9.33 7.56 4.55 9.92 1.89 4.82 3.70 5.02
2.91 5.37 3.57 1.98 8.92 5.54 6.37 5.51 7.85 8.73
9.83 4.29 3.63 6.53 8.40 6.05 8.22 1.68 1.54 1.72
6.31 9.92 5.12 8.12 6.19 1.57 2.04 9.37 6.22 7.75
1.27 2.48 9.13 2.38 6.35 4.14 4.18 6.40 6.95 8.68
7.13 2.57 6.04 7.49 9.48 4.50 4.97 7.68 6.08 5.37
1.09 8.44 7.69 7.63 3.58 6.32 3.12 4.59 2.93 6.08
2.41 3.86 7.21 8.82 5.44 5.35 8.18 6.79 7.90 8.73
3.34 9.39 2.94 7.11 4.78 9.42 6.29 3.60 7.51 9.49
8.84 8.28 9.08 7.94 3.96 3.69 4.77 4.46 7.89 1.91
5.13 8.63 3.31 9.02 7.87 3.24 2.57 8.91 7.72 4.47
2.08 3.80 4.38 3.67 7.70 1.70 7.48 1.17 2.34 6.64
8.54 3.77 1.32 5.47 3.21 4.08 8.38 7.54 3.20 9.21
3.44 4.72 1.10 4.24 7.58 2.76 5.31 8.45 2.36 6.19
2.51 4.18 3.69 2.03 5.90 7.46 8.26 1.83 3.41 7.42
4.83 6.51 4.70 8.70 9.88 2.12 8.08 8.91 7.46 9.53
5.75 4.41 6.62 7.03 9.41 5.46 1.86 2.96 8.89 3.90
5.86 4.03 4.94 2.02 8.24 7.24 8.30 8.95 2.20 7.39
7.43 5.15 3.98 8.15 9.52 7.90 5.83 9.88 6.77 4.60
2.84 7.64 3.94 5.81 9.87 3.81 6.87 7.90 2.74 9.84
3.49 1.86 7.96 4.41 4.25 2.47 3.32 5.12 1.62 5.90
5.21 1.11 2.05 2.27 3.38 5.84 1.69 5.54 5.46 2.39
1.44 4.06 6.99 7.82 4.14 8.01 7.62 8.08 8.85 3.68
3.84 6.83 1.20 4.82 9.39 3.46 7.46 2.66 7.68 1.59
7.21 7.52 7.78 9.73 1.02 4.90 6.71 8.86 1.38 8.55
8.76 6.75 6.77 9.85 4.63 8.72 7.05 3.88 1.05 7.86
7.64 1.21 2.02 7.55 7.80 3.05 5.48 5.76 8.69 1.70
3.28 8.77 1.70 9.34 2.39 2.52 9.64 5.88 6.87 8.55
7.41 2.44 4.51 2.97 2.99 6.51 9.27 1.71 3.58 9.66
1.21 3.18 3.84 6.19 6.47 3.28 1.61 6.61 1.79 1.39
6.14 6.71 5.40 1.01 5.65 1.47 8.26 8.22 5.84 5.00
2.03 2.75 7.41 2.17 1.77 5.41 5.01 1.34 9.43 7.09
5.80 5.57 3.93 2.54 2.09 2.65 5.04 5.46 7.88 8.43

Demandas:
1 0 0 0 0 0 0 0
0 0 1 0 0 0 0 0
0 1 0 0 0 0 0 0
0 0 0 0 0 0 1 0
0 0 0 0 0 0 0 1
0 1 0 0 0 0 0 0
0 0 0 0 0 1 0 0
0 0 0 0 1 0 0 0
0 0 1 0 0 0 0 0
0 0 0 0 0 0 0 1
0 1 0 0 0 0 0 0
1 0 0 0 0 0 0 0
0 0 0 0 0 0 1 0
0 0 1 0 0 0 0 0
1 0 0 0 0 0 0 0
0 0 0 0 0 0 1 0
0 0 0 0 0 1 0 0
0 0 0 0 1 0 0 0
0 0 0 1 0 0 0 0
0 0 0 0 0 0 0 1
0 0 0 1 0 0 0 0
1 0 0 0 0 0 0 0
0 1 0 0 0 0 0 0
1 0 0 0 0 0 0 0
0 0 0 0 0 0 1 0
0 0 0 0 1 0 0 0
0 0 0 0 0 1 0 0
0 0 1 0 0 0 0 0
0 0 0 0 0 1 0 0
0 0 1 0 0 0 0 0
1 0 0 0 0 0 0 0
0 0 0 0 1 0 0 0
0 0 0 1 0 0 0 0
0 0 0 0 0 0 1 0
0 1 0 0 0 0 0 0
0 0 0 0 1 0 0 0
0 0 0 1 0 0 0 0
0 0 0 0 1 0 0 0
0 0 0 0 1 0 0 0
0 0 1 0 0 0 0 0
0 0 0 0 1 0 0 0
0 0 0 0 0 1 0 0
0 1 0 0 0 0 0 0
0 0 0 1 0 0 0 0
0 0 1 0 0 0 0 0
0 0 0 0 0 0 1 0
0 0 0 0 0 0 0 1
0 0 0 0 1 0 0 0
0 0 0 1 0 0 0 0
0 0 0 0 0 1 0 0
0 0 0 0 1 0 0 0
0 0 0 0 0 0 0 1
1 0 0 0 0 0 0 0
0 0 0 0 0 0 1 0
0 0 0 0 1 0 0 0
0 1 0 0 0 0 0 0
0 0 0 0 0 0 1 0
1 0 0 0 0 0 0 0
0 0 0 0 0 0 0 1
0 0 0 0 0 0 0 1
0 0 0 0 1 0 0 0
0 0 0 0 0 1 0 0
1 0 0 0 0 0 0 0
0 1 0 0 0 0 0 0
0 0 0 0 0 1 0 0
0 0 0 1 0 0 0 0
1 0 0 0 0 0 0 0
0 0 0 0 1 0 0 0
0 1 0 0 0 0 0 0
0 0 0 0 1 0 0 0
0 0 1 0 0 0 0 0
0 0 1 0 0 0 0 0
0 0 0 1 0 0 0 0
0 0 0 0 1 0 0 0
0 0 0 1 0 0 0 0
0 0 0 0 1 0 0 0
1 0 0 0 0 0 0 0
0 0 0 0 0 1 0 0
0 0 0 0 0 0 1 0
0 0 0 0 0 1 0 0
0 0 0 0 0 0 1 0
0 0 0 0 0 1 0 0
0 0 0 0 0 0 0 1
0 0 0 0 0 0 1 0
0 1 0 0 0 0 0 0
0 0 0 0 0 1 0 0
0 1 0 0 0 0 0 0
0 0 1 0 0 0 0 0
0 1 0 0 0 0 0 0
0 0 1 0 0 0 0 0
0 0 0 0 0 0 1 0
0 0 0 0 0 0 0 1
0 0 0 0 0 0 1 0
0 0 0 0 0 1 0 0
0 1 0 0 0 0 0 0
0 0 0 0 0 0 1 0
0 0 0 0 0 0 0 1
0 0 1 0 0 0 0 0
0 1 0 0 0 0 0 0
0 0 0 0 0 0 1 0
0 0 0 0 0 0 0 1
0 0 0 0 0 0 1 0
0 1 0 0 0 0 0 0
0 0 0 0 0 1 0 0
0 0 0 1 0 0 0 0
0 0 0 1 0 0 0 0
0 0 1 0 0 0 0 0
0 0 0 0 1 0 0 0
0 0 0 0 0 1 0 0
0 0 0 1 0 0 0 0
0 0 0 0 0 0 0 1
1 0 0 0 0 0 0 0
0 0 1 0 0 0 0 0
0 1 0 0 0 0 0 0
0 0 0 0 0 0 1 0
1 0 0 0 0 0 0 0
0 1 0 0 0 0 0 0
0 0 0 0 0 1 0 0
0 0 0 0 1 0 0 0
1 0 0 0 0 0 0 0
0 0 0 1 0 0 0 0
0 0 0 0 1 0 0 0
0 1 0 0 0 0 0 0
0 0 1 0 0 0 0 0
0 0 1 0 0 0 0 0
0 0 0 0 0 0 1 0
0 0 0 0 1 0 0 0
0 0 0 0 0 0 0 1
0 0 0 0 0 1 0 0
1 0 0 0 0 0 0 0
0 0 0 1 0 0 0 0
0 1 0 0 0 0 0 0
0 0 0 0 0 1 0 0
0 0 0 0 0 0 1 0
0 0 0 0 0 1 0 0
0 1 0 0 0 0 0 0
1 0 0 0 0 0 0 0
0 0 0 0 0 1 0 0
0 0 0 0 0 0 1 0
1 0 0 0 0 0 0 0
0 1 0 0 0 0 0 0
1 0 0 0 0 0 0 0
0 1 0 0 0 0 0 0
0 0 0 0 0 1 0 0
0 0 0 0 0 1 0 0
0 0 0 1 0 0 0 0
0 0 0 0 0 0 0 1
0 0 0 1 0 0 0 0
0 0 0 0 1 0 0 0
0 0 1 0 0 0 0 0
0 0 0 0 0 0 0 1
0 0 0 1 0 0 0 0
0 0 0 1 0 0 0 0
0 0 0 0 0 0 0 1
0 0 0 0 0 0 0 1
0 0 0 1 0 0 0 0
0 0 1 0 0 0 0 0
0 0 0 0 0 1 0 0
1 0 0 0 0 0 0 0
0 0 1 0 0 0 0 0
0 0 0 0 0 1 0 0
0 0 0 1 0 0 0 0
0 0 1 0 0 0 0 0
0 0 0 0 1 0 0 0
0 0 0 1 0 0 0 0
0 0 0 1 0 0 0 0
0 0 0 0 0 1 0 0
0 0 0 0 1 0 0 0
0 0 0 0 0 1 0 0
0 0 1 0 0 0 0 0
0 0 0 1 0 0 0 0
0 0 0 0 0 0 0 1
0 1 0 0 0 0 0 0
0 0 0 1 0 0 0 0
0 0 0 0 1 0 0 0
0 0 0 0 0 1 0 0
0 0 0 0 0 1 0 0
0 0 0 1 0 0 0 0
0 1 0 0 0 0 0 0
0 1 0 0 0 0 0 0
0 0 0 0 0 0 0 1
0 0 0 0 1 0 0 0
0 0 0 0 1 0 0 0
0 1 0 0 0 0 0 0
0 0 0 0 0 0 1 0
0 1 0 0 0 0 0 0
0 0 0 1 0 0 0 0
0 0 0 0 0 0 0 1
0 0 0 0 0 0 1 0
1 0 0 0 0 0 0 0
0 0 0 1 0 0 0 0
0 0 0 0 0 0 0 1
1 0 0 0 0 0 0 0
0 0 0 0 0 1 0 0
0 0 0 0 0 0 0 1
0 1 0 0 0 0 0 0
0 0 0 0 1 0 0 0
0 0 1 0 0 0 0 0
1 0 0 0 0 0 0 0
0 0 0 0 1 0 0 0
0 0 0 0 1 0 0 0
0 0 1 0 0 0 0 0
1 0 0 0 0 0 0 0
0 1 0 0 0 0 0 0
0 0 0 0 0 0 0 1
1 0 0 0 0 0 0 0
1 0 0 0 0 0 0 0
0 0 1 0 0 0 0 0
0 0 1 0 0 0 0 0
0 0 1 0 0 0 0 0
0 0 0 0 0 1 0 0
0 0 0 0 0 0 0 1
0 0 0 0 1 0 0 0
1 0 0 0 0 0 0 0
0 0 0 0 1 0 0 0
0 1 0 0 0 0 0 0
0 1 0 0 0 0 0 0
0 0 1 0 0 0 0 0
0 0 0 0 0 1 0 0
0 0 1 0 0 0 0 0
0 0 0 0 1 0 0 0
1 0 0 0 0 0 0 0
0 0 0 1 0 0 0 0
1 0 0 0 0 0 0 0
0 0 0 0 1 0 0 0
0 0 0 0 0 0 0 1
0 0 0 1 0 0 0 0
0 0 0 0 1 0 0 0
1 0 0 0 0 0 0 0
0 0 0 0 0 1 0 0
0 0 0 0 0 0 0 1
1 0 0 0 0 0 0 0
0 0 0 0 0 1 0 0
0 0 1 0 0 0 0 0
0 0 0 0 0 0 0 1
0 1 0 0 0 0 0 0
0 0 0 0 0 1 0 0
0 0 0 0 0 0 0 1
0 0 0 0 0 0 0 1
0 0 0 1 0 0 0 0
0 0 0 1 0 0 0 0
0 0 0 0 0 0 0 1
0 0 1 0 0 0 0 0
0 0 0 0 1 0 0 0
0 0 0 0 0 0 0 1
0 0 0 0 1 0 0 0
0 0 0 1 0 0 0 0
0 0 0 0 0 1 0 0
0 0 0 0 1 0 0 0
0 0 0 0 0 0 0 1
0 0 1 0 0 0 0 0
0 0 0 0 0 0 1 0
0 0 0 0 0 0 1 0
0 0 0 0 0 0 0 1
0 0 1 0 0 0 0 0
1 0 0 0 0 0 0 0
0 0 0 0 0 0 1 0
0 0 0 0 0 1 0 0
0 0 1 0 0 0 0 0
0 0 0 0 0 0 0 1
1 0 0 0 0 0 0 0
0 0 0 0 1 0 0 0
0 0 0 0 0 1 0 0
0 0 0 0 0 0 1 0
0 0 1 0 0 0 0 0
1 0 0 0 0 0 0 0
0 0 1 0 0 0 0 0
0 0 0 0 0 0 1 0
0 0 0 0 0 1 0 0
0 0 0 0 1 0 0 0
0 1 0 0 0 0 0 0
0 0 0 0 0 0 1 0
0 0 1 0 0 0 0 0
1 0 0 0 0 0 0 0
0 0 0 0 0 1 0 0
0 1 0 0 0 0 0 0
1 0 0 0 0 0 0 0
0 0 1 0 0 0 0 0
1 0 0 0 0 0 0 0
0 1 0 0 0 0 0 0
0 0 0 1 0 0 0 0
0 1 0 0 0 0 0 0
0 0 0 0 0 0 1 0
0 0 0 0 0 0 0 1
0 1 0 0 0 0 0 0
0 0 0 0 0 0 1 0
0 0 0 0 0 0 1 0
0 0 1 0 0 0 0 0
0 0 0 0 0 0 0 1
0 0 0 0 0 0 0 1
0 0 0 0 0 0 1 0
0 0 0 1 0 0 0 0
0 0 1 0 0 0 0 0
0 0 0 0 0 1 0 0
0 0 1 0 0 0 0 0
0 0 0 0 1 0 0 0
0 0 0 0 1 0 0 0
0 0 0 0 1 0 0 0
0 1 0 0 0 0 0 0
0 0 0 0 1 0 0 0
0 1 0 0 0 0 0 0
0 0 0 0 0 0 1 0
0 0 0 1 0 0 0 0
0 0 0 0 0 0 0 1
0 0 0 0 0 0 0 1
0 0 0 0 0 0 0 1
0 1 0 0 0 0 0 0
0 0 0 0 0 0 1 0
0 0 0 0 0 0 0 1
1 0 0 0 0 0 0 0
0 0 1 0 0 0 0 0
0 0 0 0 0 1 0 0
0 0 0 1 0 0 0 0
0 0 0 0 1 0 0 0
0 1 0 0 0 0 0 0
0 0 0 0 0 0 0 1
0 0 1 0 0 0 0 0
0 0 1 0 0 0 0 0
0 1 0 0 0 0 0 0
0 0 1 0 0 0 0 0
1 0 0 0 0 0 0 0
1 0 0 0 0 0 0 0
0 1 0 0 0 0 0 0
0 0 0 0 1 0 0 0
0 0 0 0 0 0 1 0
0 0 0 0 0 0 1 0
1 0 0 0 0 0 0 0
1 0 0 0 0 0 0 0
0 0 0 0 0 0 0 1
0 0 0 1 0 0 0 0
0 0 0 0 0 0 1 0
0 0 0 0 0 0 0 1
0 0 1 0 0 0 0 0
0 0 0 0 1 0 0 0
0 0 0 0 0 0 1 0
1 0 0 0 0 0 0 0
0 0 0 0 1 0 0 0
0 1 0 0 0 0 0 0
0 0 0 0 1 0 0 0
0 0 0 0 0 1 0 0
0 0 0 0 1 0 0 0
0 0 0 0 0 0 0 1
0 1 0 0 0 0 0 0
0 0 1 0 0 0 0 0
0 0 0 0 0 0 0 1
0 0 0 0 1 0 0 0
0 1 0 0 0 0 0 0
0 0 0 0 0 0 0 1
0 0 0 0 0 0 0 1
0 0 0 0 0 0 0 1
0 0 0 0 1 0 0 0
0 0 0 0 0 0 0 1
0 0 0 0 0 0 0 1
0 1 0 0 0 0 0 0
0 0 0 0 0 0 1 0
0 1 0 0 0 0 0 0
0 0 0 1 0 0 0 0
0 0 0 0 0 1 0 0
0 0 0 0 1 0 0 0
0 0 0 1 0 0 0 0
0 0 0 1 0 0 0 0
0 1 0 0 0 0 0 0
0 0 1 0 0 0 0 0
0 0 1 0 0 0 0 0
0 1 0 0 0 0 0 0
0 0 0 0 0 0 1 0
0 0 0 0 1 0 0 0
0 0 0 1 0 0 0 0
0 0 1 0 0 0 0 0
0 0 0 0 1 0 0 0
0 0 0 0 1 0 0 0
0 0 0 0 0 1 0 0
0 0 0 1 0 0 0 0
0 0 0 1 0 0 0 0
0 0 0 0 1 0 0 0
0 0 0 0 0 1 0 0
0 0 0 0 0 0 0 1
0 0 0 1 0 0 0 0
0 0 1 0 0 0 0 0
0 0 0 0 0 0 0 1
0 0 0 0 0 0 1 0
0 0 0 0 0 1 0 0
0 0 0 0 0 1 0 0
0 0 0 0 0 0 0 1
0 1 0 0 0 0 0 0
1 0 0 0 0 0 0 0
0 0 1 0 0 0 0 0
0 0 0 0 1 0 0 0
0 1 0 0 0 0 0 0
0 0 0 0 1 0 0 0
1 0 0 0 0 0 0 0
0 1 0 0 0 0 0 0
0 0 0 0 0 0 1 0
0 0 1 0 0 0 0 0
0 0 0 0 0 0 0 1
0 0 0 0 0 0 1 0
0 0 1 0 0 0 0 0
0 0 0 0 1 0 0 0
0 0 0 0 0 1 0 0
0 1 0 0 0 0 0 0
0 0 0 0 0 1 0 0
0 0 0 0 0 1 0 0
0 1 0 0 0 0 0 0
0 0 0 0 0 0 1 0
0 0 1 0 0 0 0 0
0 0 1 0 0 0 0 0
0 1 0 0 0 0 0 0
0 0 0 0 0 0 1 0
0 0 1 0 0 0 0 0
0 0 0 0 1 0 0 0
0 0 0 1 0 0 0 0
0 0 0 0 0 0 1 0
0 0 1 0 0 0 0 0
0 0 0 0 1 0 0 0
0 0 1 0 0 0 0 0
1 0 0 0 0 0 0 0
0 1 0 0 0 0 0 0
0 0 0 0 0 0 1 0
0 0 0 0 1 0 0 0
0 0 0 0 1 0 0 0
0 1 0 0 0 0 0 0
0 0 0 0 0 0 1 0
0 0 1 0 0 0 0 0
0 0 1 0 0 0 0 0
1 0 0 0 0 0 0 0
0 0 1 0 0 0 0 0
0 0 0 0 0 0 1 0
0 0 0 1 0 0 0 0
0 0 0 0 0 1 0 0
0 1 0 0 0 0 0 0
1 0 0 0 0 0 0 0
0 0 0 0 0 1 0 0
1 0 0 0 0 0 0 0
0 0 0 0 1 0 0 0
0 0 0 0 0 1 0 0
0 0 0 1 0 0 0 0
0 0 0 0 0 0 0 1
0 0 0 0 0 0 1 0
0 0 0 0 1 0 0 0
0 0 0 0 0 0 0 1
0 0 0 1 0 0 0 0
0 0 1 0 0 0 0 0
0 1 0 0 0 0 0 0
0 0 1 0 0 0 0 0
0 0 0 0 0 0 1 0
0 0 1 0 0 0 0 0
0 0 0 0 0 0 0 1
1 0 0 0 0 0 0 0
1 0 0 0 0 0 0 0
0 0 0 0 0 0 0 1
0 0 1 0 0 0 0 0
0 0 0 0 0 0 1 0
0 0 0 0 0 0 1 0
1 0 0 0 0 0 0 0
0 0 0 0 0 1 0 0
0 0 0 1 0 0 0 0
0 0 0 0 0 0 0 1
0 0 0 0 0 0 1 0
0 0 0 1 0 0 0 0
0 0 0 0 0 1 0 0
1 0 0 0 0 0 0 0
0 0 0 0 0 0 1 0
0 0 0 0 0 0 1 0
0 0 0 0 0 0 0 1
0 0 0 0 1 0 0 0
0 0 0 0 1 0 0 0
0 0 0 0 0 0 1 0
0 0 0 0 0 1 0 0
0 0 0 0 1 0 0 0
0 0 0 0 1 0 0 0
0 0 0 0 0 0 1 0
0 0 0 0 0 0 1 0
0 0 0 0 0 0 0 1
0 1 0 0 0 0 0 0
0 0 0 0 1 0 0 0
0 0 0 1 0 0 0 0
0 0 0 0 1 0 0 0
0 0 0 0 0 1 0 0
0 0 0 0 0 0 0 1
0 1 0 0 0 0 0 0
0 0 0 1 0 0 0 0
0 0 0 0 0 0 0 1
0 0 0 0 0 1 0 0
1 0 0 0 0 0 0 0
0 0 0 0 0 0 0 1
1 0 0 0 0 0 0 0
0 1 0 0 0 0 0 0
0 1 0 0 0 0 0 0
0 0 0 0 0 1 0 0
0 0 0 0 0 0 1 0
1 0 0 0 0 0 0 0
0 1 0 0 0 0 0 0
0 0 0 0 1 0 0 0
0 0 1 0 0 0 0 0
1 0 0 0 0 0 0 0
0 0 0 0 0 0 0 1
0 0 0 0 1 0 0 0
0 0 0 0 0 0 0 1
1 0 0 0 0 0 0 0
0 0 0 0 0 0 0 1

Capacidades:
33 47 44 48 49 49 0 33
32 32 25 55 45 25 36 29
48 51 52 51 52 24 46 0
46 35 43 30 34 52 56 20
36 0 0 24 0 57 52 36
51 29 50 27 30 50 44 44
51 0 55 26 47 0 32 25
44 44 50 32 41 33 40 33
36 49 31 58 37 41 32 21
41 22 48 37 48 43 42 41
