m: 500
n: 10
p: 8

Distancias:
1.63 2.34 2.14 1.27 1.43 6.92 8.09 9.12 9.49 3.78
7.99 8.68 1.61 2.48 9.50 6.20 1.62 6.79 1.30 6.59
5.97 8.50 1.49 3.26 9.99 6.61 3.09 6.06 2.11 1.41
1.59 1.34 7.40 4.77 8.79 5.13 9.53 2.26 1.77 6.64
9.75 7.32 3.32 6.60 4.41 2.18 1.26 4.23 9.46 7.53
5.60 3.86 7.95 9.91 8.11 6.68 8.31 8.43 1.11 4.14
9.07 8.40 7.82 5.80 1.68 2.08 1.20 9.24 9.28 8.07
9.31 7.55 5.78 3.98 9.83 2.33 6.31 1.77 8.80 9.22
7.28 9.72 4.16 8.62 9.56 1.82 1.14 3.10 6.84 6.26
3.83 5.46 8.32 5.03 9.51 9.00 4.66 7.76 8.64 8.44
9.52 4.08 7.35 9.43 6.39 4.96 3.63 4.50 1.72 6.80
8.67 3.91 1.42 5.28 9.03 8.56 4.94 3.32 4.49 5.50
4.37 9.79 4.53 5.70 1.96 2.19 9.10 9.36 8.42 9.82
6.09 7.75 2.32 5.73 5.75 3.98 6.10 8.25 1.45 8.47
9.22 3.85 4.42 3.68 1.78 6.40 5.61 1.66 2.88 4.66
5.20 7.72 1.32 4.77 7.24 3.00 5.80 8.70 3.85 3.80
8.02 5.33 9.28 2.28 1.13 6.07 1.66 8.46 9.70 4.38
1.56 7.31 1.17 1.31 1.33 5.07 7.35 9.67 7.22 2.05
5.83 1.94 5.49 5.88 4.13 5.77 3.69 2.61 3.39 3.51
1.50 9.39 1.31 7.85 2.34 5.52 1.65 2.88 1.71 1.62
7.63 1.56 2.38 7.90 1.43 9.62 5.36 8.39 5.91 4.92
7.96 1.16 5.06 3.03 9.02 6.53 1.99 4.13 7.46 9.96
5.45 3.39 7.16 7.42 6.88 2.54 3.76 9.75 3.90 5.68
9.54 7.76 2.46 2.15 2.51 6.47 6.42 3.16 5.60 1.41
7.09 6.86 2.25 6.37 3.54 1.85 8.98 7.37 2.33 5.30
5.02 5.26 3.25 9.58 3.81 9.49 1.10 4.34 2.08 8.75
6.22 6.90 6.46 1.42 1.38 5.30 9.16 2.87 6.37 9.61
6.00 7.33 7.41 7.31 4.76 4.94 7.00 1.73 5.01 7.92
9.62 8.27 2.03 4.52 1.36 5.09 1.84 5.56 2.81 7.54
3.52 1.03 9.33 9.73 3.86 4.73 6.64 4.26 1.86 7.30
4.28 2.71 4.25 5.18 7.10 6.60 5.76 5.14 3.88 8.85
9.51 2.42 2.97 1.52 8.45 2.31 9.32 6.75 1.61 9.50
8.35 7.42 7.15 8.97 3.61 8.39 3.91 5.80 1.19 8.79
4.20 1.87 5.90 7.95 9.24 1.16 5.04 5.59 5.78 2.23
3.32 3.21 9.79 7.37 8.85 3.86 2.58 8.82 8.55 2.68
9.94 4.68 6.92 6.81 4.30 5.13 7.43 7.49 1.08 1.31
4.32 9.87 1.29 6.78 7.97 7.21 1.97 6.70 3.67 3.84
4.71 5.54 8.59 1.70 1.97 4.85 9.24 4.50 8.66 7.75
7.99 1.81 3.12 5.83 7.43 9.56 6.22 1.49 7.49 7.11
9.29 7.97 8.35 1.20 1.00 5.91 1.33 5.43 3.01 6.21
9.00 3.41 5.00 1.35 2.18 4.44 7.83 2.16 5.45 8.83
4.29 6.38 1.95 2.81 5.44 1.37 7.26 6.98 4.32 1.43
9.14 8.08 2.24 6.19 6.57 3.35 5.70 1.24 6.58 8.36
9.04 1.89 1.98 3.95 2.36 3.35 7.48 6.48 1.90 2.53
9.06 2.69 4.30 2.88 7.71 7.00 6.52 8.18 5.36 1.70
6.65 4.32 8.35 3.73 2.50 9.23 2.28 4.29 2.81 3.78
6.35 5.96 7.89 8.07 4.09 8.14 2.89 1.75 4.77 8.61
2.86 9.06 4.19 6.07 3.40 7.70 9.66 6.21 2.00 9.34
3.17 8.61 6.31 1.69 4.45 1.11 5.12 4.42 4.72 7.59
9.92 2.33 4.38 2.09 7.61 8.37 6.47 5.73 5.47 1.25
2.13 2.37 7.42 7.63 3.30 5.21 6.85 8.48 3.65 3.55
4.56 5.72 9.87 4.88 2.43 8.61 9.09 2.17 4.32 9.27
9.35 4.41 8.73 7.87 8.42 9.14 2.15 1.43 4.23 4.05
2.64 1.66 6.25 5.20 1.30 1.71 3.02 2.83 2.13 4.96
3.01 5.38 2.26 6.65 1.83 9.21 9.25 1.82 7.21 6.03
4.96 8.53 6.32 9.73 4.85 2.10 9.96 6.09 8.33 8.41
8.01 9.19 7.98 1.56 5.66 2.45 4.51 4.17 2.78 3.90
1.67 9.84 7.81 1.94 5.23 4.95 3.24 2.20 2.97 6.51
6.72 9.63 2.68 3.38 7.09 9.25 5.96 5.49 5.33 4.92
7.72 2.53 3.33 6.04 6.55 9.26 5.56 7.05 1.91 4.48
6.88 1.63 2.23 6.26 2.27 6.82 9.38 8.22 2.16 3.48
7.69 7.07 2.30 9.43 6.52 6.00 9.42 4.20 4.55 1.68
9.61 7.78 6.11 1.66 1.80 5.16 8.78 1.67 1.96 8.49
6.42 1.31 8.64 9.29 1.93 6.55 6.18 4.17 4.26 1.91
9.42 5.12 5.03 7.41 3.16 2.66 2.90 8.16 3.87 7.55
4.22 2.26 1.66 3.44 5.54 5.10 5.91 7.04 2.53 9.57
6.48 7.60 3.71 5.34 9.46 4.82 8.60 2.19 7.62 7.16
9.45 2.20 2.87 3.13 4.89 2.83 1.70 9.94 7.47 5.68
2.59 7.60 4.46 6.43 8.71 5.84 4.28 1.36 8.80 8.33
4.51 7.20 8.76 6.86 4.82 6.19 9.61 1.28 3.53 3.34
5.28 3.99 5.35 3.84 7.05 3.74 6.38 2.67 8.57 2.75
4.67 6.89 3.71 2.33 1.75 6.36 5.12 6.02 2.28 1.27
7.11 5.02 5.78 1.44 1.79 3.86 1.35 3.14 5.88 8.66
5.28 5.88 9.89 3.88 9.48 6.01 5.03 2.96 3.35 4.27
7.70 8.62 3.38 2.70 5.56 9.14 1.02 1.18 8.12 5.88
2.67 5.32 7.00 4.36 2.49 9.88 6.80 8.87 2.28 8.64
3.00 6.16 6.18 5.42 2.11 2.29 5.17 2.20 7.40 9.67
2.91 1.82 7.27 5.83 6.98 5.36 1.73 1.90 5.84 1.59
8.22 1.09 7.46 3.78 3.94 1.53 5.94 3.32 5.06 1.05
2.43 4.44 9.70 8.17 7.48 7.47 3.93 8.77 1.25 2.52
3.66 8.41 4.89 4.83 7.28 5.50 7.00 5.91 6.81 8.81
1.32 1.63 9.77 8.37 9.20 6.97 5.14 1.78 3.22 7.49
1.48 4.03 1.66 5.94 3.31 1.44 2.80 9.93 4.73 7.22
7.53 3.59 2.65 3.11 6.30 1.81 6.27 5.64 8.70 8.85
4.99 8.02 8.76 3.83 4.18 8.26 1.12 6.43 2.24 2.28
4.34 4.16 3.18 9.65 3.30 6.58 8.13 4.74 6.37 8.92
5.02 8.73 8.67 9.28 4.54 5.02 7.71 6.46 3.18 1.22
3.07 2.85 1.65 5.02 9.34 7.80 5.67 4.44 9.07 9.60
2.12 8.92 2.28 5.26 3.49 4.40 4.84 4.85 8.57 3.15
8.65 8.15 9.94 3.97 4.19 1.08 2.25 8.03 5.55 1.33
1.49 5.96 1.60 9.22 5.01 3.61 1.05 1.85 5.30 9.38
7.43 6.01 5.25 6.62 8.54 7.92 8.21 4.73 4.56 3.45
5.49 7.45 1.08 1.17 2.15 1.91 6.61 1.39 4.77 8.35
1.98 1.05 8.07 2.01 6.65 5.78 6.51 2.58 2.01 4.72
2.17 7.02 2.12 3.31 8.73 3.30 6.28 1.07 5.22 5.00
9.35 6.38 3.29 4.04 2.24 3.30 7.37 9.18 8.19 9.28
3.70 2.60 6.42 5.64 3.92 8.43 6.48 5.28 6.35 8.55
8.06 3.28 4.10 1.87 9.50 1.69 2.20 2.95 8.41 2.90
3.79 5.40 5.77 5.88 5.26 1.34 8.23 7.26 6.24 1.39
6.98 7.34 2.43 6.53 9.80 3.21 4.96 3.06 6.83 7.76
4.85 8.56 5.90 2.57 1.48 2.20 3.08 2.44 3.17 5.20
8.79 1.05 8.18 3.13 9.59 5.35 6.54 2.38 9.18 7.13
8.50 4.77 7.74 4.42 2.06 2.16 8.85 5.80 5.83 1.57
1.68 8.01 6.14 7.79 7.34 3.11 3.30 4.01 3.13 9.98
9.29 7.61 4.59 6.53 5.15 5.25 3.43 5.12 6.60 4.34
3.43 5.91 8.08 6.43 5.26 2.31 9.45 2.83 8.65 9.55
5.64 6.83 9.18 7.37 3.21 1.85 1.26 5.45 1.25 8.18
6.05 6.50 3.63 8.05 2.91 4.54 5.30 8.40 6.87 3.26
3.77 5.96 6.30 9.40 6.32 3.56 1.15 9.94 7.36 2.82
1.77 8.64 1.12 4.48 6.30 5.04 4.97 9.79 6.12 3.23
3.44 6.76 7.20 7.03 5.67 6.84 2.87 1.04 7.05 5.52
7.39 8.00 3.08 8.31 8.56 1.05 5.78 7.51 1.58 6.38
6.15 5.65 8.16 5.16 9.65 2.62 9.56 7.68 2.00 6.29
5.81 5.84 5.84 7.54 4.51 5.87 10.00 1.59 2.58 5.91
9.17 1.70 6.48 6.71 8.27 2.13 1.76 8.00 7.58 7.56
6.37 8.97 9.99 7.70 7.41 1.37 4.49 5.33 3.77 7.57
7.22 2.43 8.16 2.35 6.57 1.60 9.61 3.02 2.09 7.84
3.69 2.08 1.35 6.26 5.46 4.18 6.13 9.30 6.48 1.50
8.57 8.79 5.12 8.36 6.51 1.52 9.14 3.55 1.52 8.75
7.86 3.99 3.55 8.59 4.71 6.06 1.27 6.71 2.00 8.73
8.00 7.82 9.14 4.28 3.88 1.49 6.50 9.83 8.54 4.08
8.75 7.15 1.63 2.02 2.67 2.95 1.57 7.12 8.55 5.99
6.66 9.40 8.35 8.81 8.41 7.14 1.79 1.66 2.07 4.82
1.66 4.81 2.97 8.15 4.09 5.58 3.96 5.86 7.69 7.38
2.62 6.48 8.87 9.53 2.28 1.88 3.64 5.97 1.84 3.92
3.27 4.53 2.40 4.13 5.32 7.39 5.93 9.35 3.70 4.37
8.86 3.11 3.03 7.40 4.22 5.55 5.95 6.73 4.64 6.02
1.74 4.89 7.70 2.53 5.48 5.58 1.27 9.40 3.88 2.23
3.07 2.07 7.20 5.64 6.51 7.86 2.00 3.48 5.14 7.68
7.97 5.18 5.33 6.13 8.50 8.69 9.42 3.08 9.23 5.91
5.36 2.21 9.82 4.46 2.20 3.40 1.14 1.22 2.91 4.97
4.89 5.75 2.45 3.92 8.40 8.94 9.08 2.60 9.37 7.96
5.47 9.66 6.61 2.17 5.16 4.70 8.28 1.39 3.27 9.75
3.65 5.69 8.85 3.16 8.74 6.45 7.30 3.21 8.07 3.43
8.60 3.68 3.23 8.35 4.59 2.59 4.81 6.69 1.51 3.87
5.04 4.29 5.61 9.56 8.32 3.58 4.67 5.97 2.48 6.51
5.11 5.53 2.99 1.46 7.49 9.40 4.58 2.83 8.89 3.73
5.39 1.49 4.37 1.56 5.79 9.29 8.53 7.30 9.04 6.62
2.97 6.29 7.95 9.19 1.28 1.19 5.51 2.23 7.39 3.81
3.50 6.71 7.39 9.71 8.73 6.38 2.78 3.00 2.07 9.14
3.72 3.81 7.56 5.21 9.06 2.26 8.10 5.27 6.81 1.71
3.77 3.13 6.00 3.31 5.76 9.35 8.59 7.17 5.08 8.12
4.23 1.30 1.76 1.52 2.74 4.22 8.33 3.24 6.53 5.34
6.92 6.72 1.97 2.67 7.54 4.65 8.64 7.01 8.09 4.28
5.76 6.20 1.04 4.03 7.89 5.16 3.18 6.54 2.14 3.96
2.19 8.90 5.60 1.32 9.48 9.30 2.50 3.23 6.67 4.43
9.22 1.57 8.76 8.46 1.26 2.82 3.33 2.67 1.57 7.53
1.81 2.09 1.47 7.60 8.45 9.00 1.50 6.83 9.86 2.06
9.14 7.04 8.46 9.20 1.72 2.17 1.04 3.70 5.50 1.45
7.34 9.64 3.81 3.70 8.40 5.47 5.97 2.07 9.63 9.34
3.17 8.64 4.94 1.03 5.40 1.20 8.45 1.08 8.51 6.75
6.72 9.38 2.01 4.50 1.09 2.80 2.46 4.66 8.80 1.16
4.58 5.44 9.91 6.00 1.88 8.90 2.33 2.06 4.22 3.84
1.17 5.75 3.44 1.63 4.20 9.13 7.72 8.34 6.28 9.41
6.57 5.63 4.98 6.12 9.06 4.37 6.74 9.55 4.44 7.49
6.51 1.44 2.89 5.06 1.98 4.74 7.46 9.75 1.64 4.63
2.93 9.34 6.26 5.14 5.54 8.47 9.08 6.13 5.82 6.38
1.07 1.62 3.01 2.66 3.06 8.99 6.59 7.21 6.64 2.83
4.05 9.92 3.97 4.13 9.97 1.68 3.07 1.96 5.85 2.54
5.43 1.72 2.99 1.74 5.14 9.79 3.02 1.59 1.51 4.01
2.66 7.82 6.88 6.96 4.00 1.37 6.46 7.12 3.76 3.21
9.65 3.64 2.67 4.58 6.96 7.49 7.70 5.73 1.27 3.22
7.80 9.22 5.27 7.13 7.60 8.33 1.00 3.11 7.62 6.09
8.01 5.71 6.05 3.70 5.51 2.92 5.77 3.98 3.10 3.81
5.69 6.31 8.81 3.11 6.91 2.33 4.27 7.72 5.79 8.85
9.46 4.95 4.93 2.57 3.48 2.96 9.41 7.56 5.49 3.84
4.88 3.87 9.48 7.06 5.38 5.19 4.38 2.03 4.50 8.46
9.66 3.56 5.83 1.17 3.10 2.75 3.02 7.24 1.59 8.59
1.86 5.60 6.18 2.40 9.18 9.45 5.46 1.28 2.59 8.09
9.08 5.64 5.35 8.96 2.05 6.90 9.63 5.93 5.58 6.57
4.79 3.17 7.92 7.39 9.68 6.09 9.66 9.19 4.78 6.00
2.70 5.20 8.16 6.63 9.64 6.39 8.54 3.38 1.65 4.58
8.67 6.11 2.94 4.68 6.30 2.59 1.44 4.05 9.52 3.73
1.38 6.77 5.06 7.01 1.82 5.73 4.74 7.81 5.27 1.95
1.33 8.46 9.86 1.37 8.62 4.39 1.90 5.03 7.42 7.47
7.17 9.45 4.87 5.73 5.23 4.01 1.99 8.19 5.89 2.54
6.82 9.93 2.89 3.03 3.23 5.88 2.83 4.03 4.42 7.82
4.01 3.96 4.77 4.08 1.61 6.88 8.29 6.96 9.02 1.10
4.68 1.16 9.90 8.79 8.11 2.41 3.69 1.62 5.16 1.68
9.38 1.46 5.85 8.49 6.13 7.40 2.97 3.31 7.44 2.07
3.92 6.47 8.66 5.95 8.19 8.93 6.00 3.01 4.80 5.39
8.93 5.82 4.87 5.21 9.30 4.56 7.92 3.87 1.13 2.68
5.53 5.25 4.60 6.47 4.92 3.81 3.19 8.61 3.83 4.35
5.41 1.26 5.50 8.55 2.77 7.81 8.21 8.35 8.53 3.77
8.57 4.03 1.90 5.00 7.73 3.42 6.63 9.22 7.90 3.72
7.65 1.34 5.93 8.91 9.59 1.94 6.16 4.13 4.20 4.71
6.39 4.33 7.66 3.28 1.33 5.88 4.34 6.71 7.58 2.85
4.55 2.73 1.04 5.80 5.93 8.43 6.34 4.82 7.44 3.92
1.22 3.12 7.36 3.58 4.66 3.61 8.29 7.42 9.38 1.13
8.83 5.64 9.11 7.55 5.20 2.09 2.02 4.38 8.05 1.02
8.27 6.81 8.96 3.12 2.17 6.93 5.05 6.84 4.81 8.76
2.31 4.84 2.31 7.30 6.91 9.92 9.77 3.65 5.00 4.16
9.23 8.28 8.06 8.64 1.07 3.42 7.22 5.72 3.90 7.83
3.91 8.56 2.43 5.62 9.40 6.87 5.72 6.86 7.66 1.03
6.03 2.45 8.80 6.47 4.24 6.09 3.16 3.07 3.12 1.44
6.77 3.08 9.92 6.45 9.98 4.13 9.92 8.04 6.94 5.52
7.46 6.74 4.15 5.85 6.08 7.51 5.84 8.08 7.34 2.84
1.82 7.79 1.14 1.97 3.87 5.28 5.70 7.50 1.64 4.13
7.22 3.77 2.96 6.18 2.13 5.64 1.89 7.78 2.77 5.35
6.36 1.59 6.02 5.39 6.05 6.55 2.82 9.08 1.18 4.86
9.38 4.36 4.19 6.00 4.20 4.71 2.12 9.61 7.31 3.31
9.44 9.61 8.68 3.77 5.48 3.03 9.21 4.50 8.92 2.17
8.68 2.67 3.05 5.79 9.87 3.62 9.12 1.94 5.95 9.99
5.18 9.65 4.29 5.84 4.26 3.16 2.76 6.48 9.18 7.13
4.66 1.93 8.35 3.32 5.61 4.82 3.91 2.94 4.19 5.34
8.63 6.83 1.66 9.86 5.96 6.36 5.89 3.10 5.03 6.38
8.08 9.32 5.35 7.17 6.77 6.62 5.79 2.29 3.54 1.70
8.93 3.14 2.23 4.31 6.59 1.71 7.32 4.50 6.26 3.60
4.14 5.72 5.70 8.43 1.61 3.58 9.15 8.51 1.86 4.92
5.53 5.97 4.56 2.43 7.97 8.16 3.95 9.12 6.83 6.65
9.74 6.35 8.16 5.77 9.86 8.90 5.42 1.24 7.94 1.95
8.18 9.73 8.69 1.12 6.94 1.61 7.68 2.23 6.82 6.37
2.35 6.07 8.41 7.75 2.67 6.96 9.56 3.23 5.26 8.32
3.45 3.74 2.84 6.24 9.54 4.04 9.19 1.22 3.10 8.93
4.72 5.49 7.64 7.06 5.13 5.25 8.00 1.53 8.00 4.22
6.68 9.14 2.03 2.14 9.46 2.03 7.33 1.12 3.56 8.81
6.20 4.78 2.53 2.03 5.04 4.17 2.09 2.04 1.55 8.33
7.70 8.82 7.12 6.02 5.33 6.01 8.03 1.76 2.42 8.32
5.48 3.85 5.73 4.23 9.22 3.19 9.67 6.69 3.84 5.56
5.57 8.74 7.38 5.37 6.58 6.61 4.00 8.84 6.14 5.97
9.31 1.68 8.07 6.46 6.28 9.82 8.19 8.50 5.74 4.74
3.52 5.40 1.05 3.36 1.26 5.84 2.06 9.38 9.35 3.36
2.09 5.27 3.96 5.74 7.99 1.96 1.26 9.26 5.86 3.51
2.45 7.68 3.79 9.64 2.91 9.33 4.81 7.18 5.94 4.83
3.40 1.58 4.21 3.28 4.10 4.58 1.51 4.80 7.04 7.04
2.58 2.29 6.10 1.76 8.81 8.91 4.79 9.91 7.05 9.11
2.39 3.26 9.36 6.45 7.67 6.72 3.10 9.68 9.33 5.63
7.36 3.10 6.41 2.88 6.56 5.34 7.97 9.96 8.88 7.13
3.69 9.34 5.30 4.02 4.34 1.40 4.37 4.51 5.50 7.51
9.27 5.75 6.78 8.08 5.98 7.09 5.24 9.77 2.77 2.63
2.21 9.65 4.40 8.98 2.61 3.54 5.32 7.16 3.50 4.16
2.68 8.28 7.08 9.30 1.34 7.48 9.29 6.03 9.46 1.13
4.86 1.39 7.12 8.26 2.14 5.08 7.47 9.28 6.53 4.72
1.14 6.57 5.06 8.07 5.98 4.35 9.23 6.14 4.45 5.38
6.28 8.12 6.13 1.58 9.03 1.56 3.34 8.50 7.07 5.24
2.24 8.18 2.61 5.21 8.50 6.85 3.31 7.85 1.92 6.47
3.95 9.62 2.80 5.06 5.55 5.71 1.45 2.14 5.85 1.58
5.20 4.71 1.67 8.94 4.74 6.14 9.89 4.38 3.28 6.41
5.29 1.45 3.34 2.81 2.29 2.67 1.57 5.45 8.94 4.00
7.67 5.54 6.58 9.60 2.50 3.11 3.82 9.86 3.12 8.84
8.10 6.62 2.05 7.62 8.27 9.28 7.62 8.59 3.70 3.52
6.37 6.75 9.40 9.29 6.37 6.74 6.82 9.13 3.53 6.91
1.56 2.83 2.70 2.71 6.76 5.29 4.94 2.92 9.48 4.21
4.63 5.68 4.48 4.74 5.49 6.52 7.93 9.15 1.89 6.51
8.71 5.46 7.53 5.66 4.74 5.99 3.60 7.42 3.72 9.18
7.18 8.47 8.40 7.72 6.25 9.25 9.75 2.10 5.72 1.70
7.78 5.35 8.45 3.21 9.02 3.63 3.58 2.17 6.37 2.62
9.81 4.70 9.36 9.65 2.28 6.03 9.74 3.08 9.97 4.39
9.97 6.40 4.88 7.63 8.92 7.32 8.78 1.84 4.56 4.18
1.28 6.84 4.89 5.52 4.32 9.84 1.41 7.32 1.80 7.48
4.85 5.88 5.23 3.29 1.53 7.66 6.38 5.46 4.95 8.60
9.94 8.74 5.24 3.37 1.64 5.76 1.99 1.45 9.50 6.97
5.42 4.16 6.51 5.44 7.12 1.08 7.56 2.72 4.54 7.77
1.65 8.58 7.98 6.90 7.19 7.88 6.02 7.13 3.91 7.18
2.39 9.35 9.39 1.84 9.21 7.11 3.67 7.37 1.60 5.90
5.54 1.26 1.34 2.70 5.79 2.84 3.47 2.73 1.60 9.35
7.92 3.22 2.78 3.44 9.55 5.07 6.33 9.28 9.59 4.45
4.29 9.20 9.10 3.19 4.42 4.56 2.92 9.81 4.65 7.02
3.87 3.31 5.32 3.24 8.50 6.44 4.80 2.63 2.53 8.57
7.05 7.02 3.51 4.50 9.31 8.58 2.64 2.84 3.58 6.83
9.09 3.36 8.65 6.47 7.69 9.54 6.20 8.62 9.65 9.38
5.78 4.87 4.96 5.52 4.43 1.97 2.61 8.96 5.29 6.72
3.86 3.01 9.81 2.99 9.25 2.39 7.73 9.45 9.00 9.13
4.51 3.34 6.85 6.54 8.75 1.89 2.61 9.38 7.38 7.16
7.37 4.80 9.48 9.42 1.44 4.00 2.66 5.32 1.04 1.32
7.34 8.84 8.34 9.39 2.29 5.36 8.77 6.72 1.98 6.33
7.45 3.74 1.38 2.45 2.09 2.26 3.51 6.11 1.88 9.76
4.57 2.36 8.18 8.72 5.47 5.12 8.15 9.14 5.11 1.79
8.03 4.69 6.13 2.34 4.70 8.09 3.78 6.03 3.32 9.47
9.18 8.58 7.75 3.94 1.39 3.20 2.20 5.51 6.74 1.03
7.83 2.04 5.36 3.43 8.46 8.34 5.39 8.06 7.23 7.97
1.87 7.39 9.83 6.00 9.12 2.86 3.33 9.38 4.05 4.59
3.48 5.27 6.24 7.56 6.18 1.51 2.88 8.92 9.34 3.09
3.87 4.43 4.84 3.79 2.14 8.05 3.15 1.20 3.92 3.61
5.24 5.67 8.67 4.07 8.84 9.98 8.95 1.91 2.91 7.64
7.36 2.87 4.57 3.66 5.96 6.71 7.60 4.42 5.56 4.11
5.69 1.77 3.27 6.87 3.17 5.49 2.64 1.56 4.08 1.58
6.12 6.83 5.20 7.67 3.35 2.75 9.78 9.25 7.86 6.57
5.45 8.51 4.50 5.81 5.20 9.44 5.98 1.67 4.25 2.49
9.05 4.83 3.42 3.37 1.08 3.51 5.84 5.13 2.28 3.41
4.17 1.75 5.98 4.54 4.11 4.32 7.68 1.91 6.09 7.31
4.54 9.32 5.92 8.70 1.44 1.06 7.94 2.32 7.99 9.42
4.21 9.09 6.09 3.22 2.49 1.65 7.88 7.59 1.81 2.81
7.24 4.52 4.25 1.16 7.46 3.45 1.69 8.37 8.83 2.30
5.33 3.23 2.76 9.05 9.99 7.80 4.93 8.49 1.85 9.25
3.95 8.21 2.82 1.36 4.74 4.17 5.72 3.97 5.23 8.53
4.74 8.83 4.00 5.43 1.59 4.55 5.34 8.66 8.08 2.99
6.02 1.21 5.57 1.20 4.16 2.00 7.62 3.89 6.99 2.39
9.74 3.94 3.99 2.25 7.42 9.17 3.10 3.23 7.20 7.15
8.00 3.18 7.54 5.05 4.85 9.04 7.87 1.95 4.18 1.10
8.07 4.96 1.24 3.10 3.87 7.45 8.44 7.91 3.79 4.89
6.14 9.48 9.51 8.49 8.40 5.32 7.12 2.59 7.04 5.62
4.56 4.51 2.69 4.55 9.80 9.64 2.74 5.79 5.43 3.86
2.32 7.24 4.69 3.06 1.62 3.10 4.43 8.12 9.74 8.79
5.85 9.75 5.87 4.33 5.67 9.48 7.01 1.92 8.13 5.13
2.11 4.62 7.49 5.85 4.60 8.93 7.68 7.88 1.77 8.68
8.48 5.49 9.02 6.43 4.66 3.64 7.60 6.10 8.52 9.85
5.55 1.77 5.61 1.44 5.44 5.83 6.04 7.91 9.06 9.85
6.17 3.54 7.75 8.05 9.27 2.48 6.16 5.96 7.90 8.67
3.83 1.40 8.38 1.36 7.86 8.13 1.99 7.84 6.18 3.79
4.58 5.70 2.23 6.42 8.97 4.34 8.33 7.99 7.49 5.13
4.22 2.89 5.28 2.85 5.99 4.13 8.61 1.36 6.92 1.30
8.59 5.45 4.88 7.58 2.04 7.27 1.73 3.03 2.95 9.81
8.82 6.18 3.55 4.04 5.69 6.62 4.14 5.14 7.38 5.96
8.54 2.87 8.27 8.14 4.12 8.48 6.21 4.23 5.94 5.04
4.55 6.05 9.25 1.16 1.89 8.31 4.32 8.99 1.45 6.81
7.15 9.38 1.10 8.36 2.07 2.53 3.25 9.38 8.30 5.80
4.23 9.80 7.83 8.60 5.45 1.71 5.18 3.63 2.38 2.07
7.62 8.57 7.80 9.31 5.53 3.73 8.63 9.58 5.65 5.00
7.05 2.29 9.69 5.79 3.77 6.21 2.49 9.17 6.01 8.06
8.89 1.99 6.18 8.73 6.80 2.92 5.87 1.87 8.17 8.60
6.52 1.77 5.84 1.87 1.02 4.20 7.05 9.14 7.62 5.78
3.10 5.70 7.35 8.24 4.03 5.42 1.81 3.48 1.69 5.59
8.63 9.32 2.28 6.40 8.47 3.35 9.33 8.76 7.09 7.31
2.55 1.43 5.54 3.26 5.88 5.71 2.05 4.49 9.41 1.67
4.39 4.67 6.67 4.09 9.53 6.70 5.59 7.59 9.61 6.46
7.28 7.65 1.50 4.96 1.71 2.73 5.87 7.66 1.84 6.49
1.26 8.45 8.86 4.01 5.28 9.07 1.67 7.45 4.34 7.11
6.09 4.17 8.99 7.04 5.68 5.24 1.37 7.81 9.24 3.35
4.69 7.29 4.23 5.05 3.30 8.22 9.02 1.01 3.16 2.08
9.97 1.12 9.34 9.97 8.84 9.58 3.75 6.41 1.82 4.21
6.19 8.24 1.82 6.58 7.88 3.34 2.12 2.30 7.72 6.55
3.39 4.54 3.26 9.37 3.03 3.26 8.69 4.94 9.22 5.86
1.81 6.05 3.50 8.62 4.54 9.96 9.54 2.86 1.08 6.19
9.35 5.48 6.76 8.01 4.29 9.25 6.32 3.57 6.35 1.55
5.29 7.85 8.35 8.36 9.43 1.54 7.61 6.83 7.73 5.11
5.42 7.14 9.34 5.95 8.50 6.92 3.89 2.42 3.53 2.46
4.10 1.45 6.09 3.00 8.53 4.35 2.95 9.53 2.11 4.72
1.55 5.49 9.57 3.45 5.76 6.58 1.53 5.16 7.51 4.34
8.68 8.95 7.91 2.57 4.47 9.06 3.04 7.74 1.74 4.51
2.69 3.02 5.32 2.36 7.37 4.75 3.95 8.16 5.70 7.76
2.87 5.23 3.69 9.37 3.59 2.95 2.96 9.94 7.81 5.23
3.76 6.39 5.96 1.79 2.68 2.13 4.99 1.11 3.14 1.26
4.08 1.32 4.50 5.54 3.54 1.85 1.40 2.08 4.49 1.63
8.64 3.07 3.72 6.35 2.72 8.69 4.59 8.23 5.99 8.14
7.25 7.69 4.13 5.14 5.39 9.56 3.32 4.94 4.00 9.22
6.88 5.39 9.21 6.37 4.25 2.58 1.95 9.69 9.01 3.47
6.95 5.14 8.28 5.95 9.39 2.37 3.47 9.27 9.20 2.57
2.04 5.25 2.48 6.00 7.97 5.03 4.82 7.50 7.24 9.54
1.43 7.61 7.21 8.96 5.11 2.85 8.27 2.34 7.07 4.05
6.88 9.01 8.26 3.69 5.79 4.70 7.24 9.87 7.14 1.18
8.38 9.65 7.27 4.17 6.05 9.56 9.49 4.51 3.72 8.68
2.00 6.84 9.65 4.83 2.02 4.20 8.98 1.29 1.24 7.18
5.48 6.98 3.09 3.63 4.27 9.92 7.41 1.76 9.04 5.35
7.80 6.16 5.50 7.87 8.01 5.85 3.41 7.91 3.57 7.49
7.17 9.38 6.86 5.71 1.29 9.09 6.00 8.97 1.34 3.88
8.68 2.49 1.43 4.34 7.06 9.32 8.90 7.41 9.99 3.15
8.02 1.41 3.87 6.64 7.56 6.29 7.11 2.58 3.12 3.70
4.53 8.54 8.29 7.10 6.49 4.66 2.10 1.09 2.01 5.84
9.92 9.16 3.45 6.44 8.18 9.94 6.92 2.08 7.88 7.47
6.87 1.08 2.46 2.99 1.67 6.12 6.58 7.11 9.17 8.03
2.29 1.55 5.68 8.70 5.87 3.41 9.16 4.15 5.66 2.18
2.13 5.84 4.22 2.58 2.47 7.86 7.23 3.69 9.17 8.74
4.25 9.70 7.49 2.29 4.87 5.57 3.42 6.26 7.35 7.09
7.74 3.15 8.22 8.14 3.79 5.75 3.94 2.15 5.95 3.03
4.20 1.14 9.00 5.31 9.97 5.50 7.57 9.12 1.64 8.08
8.88 9.50 7.88 1.69 6.91 7.96 6.62 5.71 8.93 9.27
3.72 9.67 3.42 1.13 2.68 6.45 5.30 7.60 8.91 1.02
4.22 9.94 4.21 9.01 7.45 9.64 2.46 7.09 7.82 6.57
7.95 9.76 3.54 2.31 6.76 4.84 6.25 9.64 9.30 8.54
1.78 6.99 9.51 9.31 9.17 5.93 9.03 8.15 3.90 9.61
6.29 6.69 9.15 3.29 1.17 4.21 7.68 6.27 7.22 7.59
8.30 2.31 8.72 5.96 3.16 9.05 2.82 5.73 9.94 3.02
2.84 7.03 8.99 8.10 9.01 7.40 7.19 9.17 8.20 1.26
4.85 4.95 4.53 4.42 2.35 5.90 3.40 9.99 6.28 1.04
5.56 4.23 7.29 6.92 8.53 8.23 4.60 1.94 4.19 7.92
5.71 1.42 9.04 7.76 7.09 7.47 5.12 5.80 8.19 1.56
2.23 1.08 4.37 5.62 1.23 4.66 4.85 3.13 2.30 1.66
4.04 1.06 4.77 5.04 7.11 9.06 3.40 7.60 1.99 6.60
1.57 8.41 9.78 6.28 4.35 3.44 5.95 3.50 9.90 2.34
5.53 9.76 7.79 4.38 3.53 1.31 2.72 4.36 1.35 8.54
4.22 4.50 3.30 5.64 7.74 2.59 4.27 8.01 5.56 5.40
1.47 3.23 6.21 9.08 1.87 3.30 2.43 6.11 5.35 2.45
6.79 8.24 7.61 5.38 4.06 3.92 1.09 8.49 3.83 8.34
5.73 6.00 1.77 4.71 3.17 6.02 2.73 7.97 5.30 4.33
5.69 2.47 2.26 4.71 9.47 7.36 3.12 7.73 3.88 4.79
8.75 7.85 7.90 1.77 9.28 9.15 1.38 8.32 8.40 6.69
7.11 7.55 2.88 3.98 7.89 7.04 5.93 2.16 8.79 4.05
3.01 7.91 1.79 9.61 8.65 3.21 5.12 8.30 4.43 4.55
8.47 8.02 6.12 7.60 3.33 1.22 3.60 8.22 8.12 5.96
4.24 1.11 7.61 1.94 9.50 1.85 3.10 1.97 2.11 4.69
8.82 9.09 6.67 6.66 7.03 7.49 5.08 8.23 1.25 1.86
1.15 8.40 8.53 5.14 8.58 7.72 3.70 5.76 2.36 4.60
4.05 4.72 2.05 8.98 6.87 5.75 6.00 6.32 6.42 3.62
3.08 3.22 1.70 4.02 1.53 1.65 4.61 8.77 1.14 3.22
4.95 2.90 7.56 7.58 8.61 8.57 6.35 9.95 1.36 4.57
2.62 9.37 6.57 5.94 4.29 6.38 8.07 8.46 3.68 6.06
1.40 3.23 7.61 4.88 2.09 2.06 6.76 7.73 7.67 6.40
6.32 7.13 6.07 4.60 3.18 4.20 9.96 1.33 7.87 2.19
5.73 2.81 2.82 1.60 8.94 7.56 1.08 6.29 1.43 3.69
1.74 1.75 5.97 3.02 2.49 8.46 6.59 6.18 2.10 9.91
8.65 5.71 3.33 6.41 6.11 3.25 6.26 7.92 7.68 2.11
8.78 6.44 1.02 3.97 4.58 2.85 8.03 2.20 2.75 9.40
1.13 5.61 4.47 8.05 9.67 1.71 2.46 1.73 7.79 7.09
8.64 4.86 7.42 2.24 2.47 5.76 1.89 4.27 5.59 8.38
9.19 8.03 6.26 9.82 1.51 8.54 3.32 5.44 9.56 1.54
1.72 5.75 1.94 9.95 4.48 6.73 8.45 3.96 9.49 7.15
4.25 4.03 5.20 8.10 1.27 7.61 1.42 2.80 4.99 7.05
4.19 2.05 5.32 6.42 2.49 6.64 4.25 6.32 5.07 7.08
2.03 9.13 3.60 6.30 9.10 8.84 2.94 8.59 7.68 9.62
6.48 7.02 2.74 4.59 1.59 8.37 7.27 5.93 7.75 6.78
1.40 1.31 2.68 6.58 8.63 4.70 2.71 6.22 9.04 2.93
5.01 9.39 7.87 6.50 3.03 5.47 2.07 1.42 9.96 7.14
3.89 4.61 6.57 6.11 5.91 1.21 8.51 3.83 2.57 7.22
4.84 9.84 7.09 7.80 2.45 1.65 4.76 5.51 3.32 3.35
1.94 6.43 9.22 6.32 2.18 1.68 2.98 6.22 1.63 2.24
7.84 3.24 8.35 4.02 7.06 8.65 9.80 2.39 5.29 4.32
5.08 7.92 9.66 7.28 7.18 2.21 5.36 7.89 4.64 2.24
7.56 7.66 5.16 9.72 9.47 5.56 8.43 9.51 6.63 2.29
7.52 6.90 6.09 1.38 4.91 2.95 2.35 3.91 4.58 2.15
6.94 4.26 4.16 7.28 1.62 9.20 9.42 6.14 6.36 3.05
8.67 1.99 9.84 8.19 2.65 5.57 8.04 9.69 4.68 4.39
3.62 9.32 8.38 5.33 7.33 3.19 9.89 2.80 3.04 1.01
2.84 8.78 4.46 4.70 4.15 2.94 7.57 9.93 6.25 5.90
6.95 7.21 8.38 4.05 6.62 4.78 6.72 8.48 7.03 6.26
1.72 8.44 3.39 9.36 5.42 2.64 7.78 9.50 1.42 6.76
5.48 3.79 7.92 4.51 2.69 6.87 4.41 2.76 4.93 3.47
8.74 1.58 9.03 5.46 4.92 1.11 6.98 3.07 3.13 5.74
4.56 2.67 4.07 3.53 7.97 6.14 7.74 1.42 9.93 7.95
3.48 8.68 9.44 1.12 7.95 8.06 3.65 8.15 9.39 6.70
1.71 3.54 9.79 3.01 6.15 5.45 2.11 1.11 9.84 2.20
8.27 1.10 7.97 1.49 5.63 7.72 7.77 9.30 6.60 5.03
2.17 2.89 8.04 8.33 8.11 5.36 5.18 4.26 5.79 5.83
8.27 1.62 8.02 4.01 6.69 9.01 1.17 5.43 9.21 3.40
1.22 1.67 2.08 1.54 1.65 7.51 1.53 6.19 2.67 6.08
3.63 8.31 9.19 6.08 4.12 4.48 3.29 7.17 6.33 8.53
5.02 7.67 5.18 8.66 3.98 6.59 9.01 7.60 7.81 4.58
1.51 2.49 4.48 1.99 1.16 2.76 4.99 4.41 3.78 4.81
7.74 8.79 5.73 8.89 8.07 4.58 8.52 3.58 4.61 6.34
7.90 4.09 8.92 5.07 1.98 1.40 9.67 3.60 6.13 3.58
1.82 9.11 2.93 2.61 9.63 2.31 7.82 2.19 1.04 4.57
7.49 4.23 5.75 7.90 6.30 8.00 8.99 1.86 3.89 7.39
4.68 2.99 8.95 3.32 6.80 5.04 3.35 1.66 4.13 8.63
7.59 3.90 4.90 3.63 5.20 5.60 2.97 4.77 1.33 9.01
6.06 5.22 3.10 1.86 6.83 2.59 1.69 6.29 1.22 8.24
3.92 3.23 2.72 4.17 1.06 5.76 8.23 7.29 6.59 6.73
4.91 7.60 6.41 3.58 1.79 3.11 5.76 9.54 9.44 9.05
9.38 8.08 6.75 5.80 2.55 3.57 4.88 3.30 7.34 5.72
9.28 3.96 7.62 8.84 2.86 7.13 5.71 9.15 3.80 6.63
2.72 7.06 5.35 3.90 1.25 5.67 3.93 5.27 6.19 2.28
9.59 8.35 4.12 5.12 9.30 5.63 8.85 2.12 9.39 3.43
4.58 8.89 1.85 5.68 9.65 1.70 6.01 2.78 6.98 2.15
2.87 3.20 9.64 6.43 4.39 3.81 4.67 9.06 8.70 7.35
2.91 2.06 2.28 5.61 7.77 1.94 6.18 5.54 4.98 3.51
3.18 9.16 9.90 3.46 6.79 3.00 1.42 4.29 9.40 6.27
1.02 8.13 5.82 8.78 1.71 9.16 2.65 9.01 9.48 7.64
7.57 2.13 9.09 1.68 9.32 8.16 8.90 5.00 3.95 5.14
5.09 9.79 7.51 6.25 5.71 1.19 7.35 3.85 1.43 1.93
3.67 5.59 2.08 6.02 5.11 1.20 1.37 7.86 5.16 2.26
2.32 6.17 5.02 5.91 4.48 5.91 7.01 3.06 2.46 5.22
2.45 4.27 8.51 4.08 6.10 9.46 9.80 1.03 3.40 2.67
6.01 3.72 2.54 8.67 3.23 7.40 7.53 4.95 7.44 5.44
1.77 8.30 8.36 7.96 8.02 1.82 6.11 5.22 3.60 3.82
3.82 4.68 4.64 4.37 5.47 5.76 9.79 7.86 7.44 3.51
6.36 8.75 7.47 7.77 3.63 3.80 2.96 4.10 6.15 5.58
8.92 9.59 7.44 4.80 2.82 6.26 4.30 4.01 4.34 5.34
2.75 9.68 2.02 9.47 7.78 6.77 7.27 4.47 5.79 4.26
7.09 4.78 4.87 2.71 4.94 9.05 7.36 2.02 5.46 9.73
2.90 1.88 3.85 5.59 6.99 1.74 7.88 9.46 5.67 3.57
5.36 9.79 2.54 2.74 6.67 2.24 3.97 5.09 3.73 2.28
8.00 8.29 1.65 3.60 3.68 6.83 3.36 1.60 4.05 2.56
3.49 6.76 8.02 8.97 9.87 9.00 5.83 1.43 3.95 4.28
6.21 6.31 5.97 6.44 3.94 2.81 5.53 7.56 7.63 7.51
1.42 4.04 3.43 3.88 6.13 4.84 2.78 5.04 2.29 9.51
7.95 9.27 7.39 9.22 2.71 7.44 4.56 5.10 8.86 2.54
2.85 1.23 1.89 7.18 8.20 8.11 8.00 3.92 5.54 9.55
7.38 5.20 4.28 6.61 5.26 2.75 1.26 6.86 6.11 3.54
4.62 3.75 5.69 4.12 4.63 3.38 4.75 1.56 5.73 3.79
4.73 1.91 3.57 1.35 3.45 9.32 4.33 2.31 7.11 7.94
5.54 8.75 3.29 4.61 9.08 2.52 7.64 3.16 4.46 1.76
4.09 7.09 2.07 7.95 3.27 9.00 1.23 3.06 3.68 2.72
3.76 8.95 8.09 4.83 2.67 6.72 9.33 8.72 8.15 6.68
8.10 6.03 6.26 3.25 4.34 7.82 8.59 2.70 4.57 4.54
1.94 4.49 3.36 2.81 6.57 1.24 2.67 6.03 9.98 4.11
1.13 9.79 2.21 5.39 1.52 7.70 3.49 2.59 1.64 8.59
3.43 1.50 7.77 3.50 6.04 2.21 9.11 2.18 6.86 9.54
8.36 4.11 4.72 9.07 7.62 3.36 9.64 8.23 8.40 9.72
5.08 8.04 3.35 8.16 9.57 2.13 7.61 9.06 6.08 7.55
7.96 2.14 4.15 8.32 4.26 9.52 3.88 5.80 8.18 3.92
2.12 9.45 7.10 7.78 4.67 5.74 3.09 3.47 1.20 7.41
1.04 4.80 4.33 6.65 8.02 5.02 7.63 9.81 2.94 8.64
2.62 9.29 2.33 8.54 6.87 7.19 7.00 6.75 4.34 9.92
2.78 4.70 1.35 7.52 7.96 7.89 8.55 9.43 5.67 3.05
3.99 8.45 4.49 8.55 3.43 9.52 8.13 9.31 5.88 9.08
8.26 6.88 3.11 9.14 8.30 2.16 8.98 2.49 3.07 6.63
9.22 2.81 4.95 2.82 9.17 5.79 1.74 8.42 4.97 3.15
5.81 6.66 8.73 8.54 4.35 7.21 4.71 3.31 3.20 1.86
9.67 1.50 7.44 2.80 5.98 1.00 5.03 1.39 8.87 7.92
1.79 4.60 8.13 7.87 3.58 2.30 2.93 4.97 5.37 5.38
6.53 5.68 4.93 5.27 3.10 2.77 6.97 8.57 8.71 5.82
5.18 8.54 6.95 4.98 2.04 6.08 8.04 6.64 2.91 6.30
2.76 8.60 8.60 6.94 7.46 8.08 1.39 2.94 7.20 3.35
6.21 8.36 8.71 9.01 8.26 3.66 1.71 5.87 1.75 9.03
8.70 5.50 9.46 8.94 8.50 8.68 6.37 5.38 6.97 1.93
9.29 1.17 8.08 3.51 7.93 5.32 1.41 9.75 9.48 9.21
9.83 9.42 4.11 3.63 4.05 3.65 8.17 7.72 9.74 5.71
3.12 3.36 5.71 2.15 9.62 9.18 6.77 6.86 7.05 9.25
9.59 7.80 5.08 8.11 6.63 2.86 1.40 3.75 1.91 5.65
6.34 1.77 6.80 5.64 6.64 8.49 8.84 6.65 3.87 9.49
5.45 3.56 4.16 5.58 3.62 4.81 6.73 2.82 9.75 5.94

Demandas:
0 0 1 0 0 0 0 0
0 1 0 0 0 0 0 0
0 0 0 0 0 0 1 0
0 1 0 0 0 0 0 0
0 1 0 0 0 0 0 0
0 1 0 0 0 0 0 0
0 1 0 0 0 0 0 0
0 0 0 1 0 0 0 0
0 0 0 0 0 0 0 1
0 0 0 0 0 1 0 0
0 0 0 1 0 0 0 0
0 0 0 0 0 0 1 0
1 0 0 0 0 0 0 0
1 0 0 0 0 0 0 0
1 0 0 0 0 0 0 0
1 0 0 0 0 0 0 0
0 0 0 0 0 0 0 1
0 0 0 0 0 0 0 1
0 0 0 0 0 0 0 1
0 0 0 0 0 0 1 0
0 0 0 0 1 0 0 0
0 1 0 0 0 0 0 0
0 0 0 1 0 0 0 0
0 0 0 0 1 0 0 0
0 0 0 0 0 0 0 1
0 0 0 0 0 1 0 0
0 0 0 0 0 0 0 1
0 1 0 0 0 0 0 0
0 0 0 0 1 0 0 0
0 0 1 0 0 0 0 0
0 0 1 0 0 0 0 0
0 0 0 0 0 0 0 1
0 0 0 0 0 0 0 1
1 0 0 0 0 0 0 0
0 0 0 0 0 0 1 0
0 0 0 0 1 0 0 0
0 1 0 0 0 0 0 0
0 0 0 0 0 0 0 1
0 0 0 0 1 0 0 0
0 0 0 0 0 1 0 0
0 0 1 0 0 0 0 0
0 0 0 0 1 0 0 0
0 0 0 0 1 0 0 0
0 0 0 0 0 0 1 0
1 0 0 0 0 0 0 0
1 0 0 0 0 0 0 0
0 0 0 0 1 0 0 0
0 0 0 0 1 0 0 0
0 0 0 1 0 0 0 0
0 0 1 0 0 0 0 0
0 1 0 0 0 0 0 0
1 0 0 0 0 0 0 0
0 1 0 0 0 0 0 0
1 0 0 0 0 0 0 0
0 0 0 1 0 0 0 0
0 0 1 0 0 0 0 0
1 0 0 0 0 0 0 0
0 0 0 0 0 0 0 1
0 0 0 1 0 0 0 0
0 1 0 0 0 0 0 0
0 0 0 0 0 0 0 1
1 0 0 0 0 0 0 0
0 0 0 1 0 0 0 0
0 0 0 1 0 0 0 0
0 0 0 0 0 1 0 0
1 0 0 0 0 0 0 0
0 0 0 0 1 0 0 0
0 1 0 0 0 0 0 0
0 0 0 0 1 0 0 0
1 0 0 0 0 0 0 0
1 0 0 0 0 0 0 0
0 0 0 0 1 0 0 0
0 0 0 0 1 0 0 0
0 1 0 0 0 0 0 0
0 0 0 0 0 0 0 1
0 0 0 0 0 1 0 0
0 0 0 0 1 0 0 0
0 0 0 0 1 0 0 0
0 0 0 0 0 1 0 0
0 0 0 1 0 0 0 0
1 0 0 0 0 0 0 0
0 0 0 0 1 0 0 0
0 0 0 0 0 1 0 0
0 0 0 0 0 0 0 1
0 0 0 0 1 0 0 0
0 0 0 0 0 1 0 0
0 0 0 0 0 0 1 0
0 0 0 0 0 0 1 0
0 0 1 0 0 0 0 0
0 0 0 0 0 1 0 0
0 0 1 0 0 0 0 0
0 0 0 0 0 0 0 1
0 0 0 0 0 1 0 0
0 0 0 1 0 0 0 0
0 0 0 0 0 1 0 0
0 0 1 0 0 0 0 0
0 0 1 0 0 0 0 0
0 0 0 0 0 0 0 1
0 0 0 0 1 0 0 0
1 0 0 0 0 0 0 0
0 0 0 0 0 0 1 0
0 0 0 0 1 0 0 0
0 0 0 0 0 0 0 1
0 0 0 0 1 0 0 0
0 0 0 0 0 0 0 1
0 0 0 0 0 0 1 0
0 0 1 0 0 0 0 0
1 0 0 0 0 0 0 0
0 0 1 0 0 0 0 0
0 0 0 0 1 0 0 0
0 0 0 0 1 0 0 0
0 0 1 0 0 0 0 0
0 0 0 1 0 0 0 0
1 0 0 0 0 0 0 0
0 0 1 0 0 0 0 0
0 0 0 0 0 0 0 1
1 0 0 0 0 0 0 0
0 0 1 0 0 0 0 0
1 0 0 0 0 0 0 0
0 0 0 0 0 0 1 0
0 1 0 0 0 0 0 0
0 0 0 0 0 1 0 0
0 1 0 0 0 0 0 0
0 0 0 1 0 0 0 0
0 0 0 0 1 0 0 0
0 0 0 0 1 0 0 0
0 0 1 0 0 0 0 0
0 1 0 0 0 0 0 0
1 0 0 0 0 0 0 0
1 0 0 0 0 0 0 0
0 0 0 1 0 0 0 0
1 0 0 0 0 0 0 0
0 0 0 0 0 0 1 0
0 0 0 0 0 1 0 0
0 0 0 0 0 1 0 0
0 0 0 0 0 1 0 0
0 0 0 0 1 0 0 0
0 0 0 0 1 0 0 0
0 0 0 0 1 0 0 0
0 1 0 0 0 0 0 0
0 0 1 0 0 0 0 0
0 0 0 0 0 1 0 0
0 0 0 0 0 1 0 0
1 0 0 0 0 0 0 0
0 0 0 0 0 0 0 1
0 0 1 0 0 0 0 0
0 0 0 1 0 0 0 0
0 0 0 0 1 0 0 0
0 0 1 0 0 0 0 0
0 0 0 1 0 0 0 0
0 0 0 0 0 0 0 1
0 1 0 0 0 0 0 0
1 0 0 0 0 0 0 0
0 1 0 0 0 0 0 0
0 0 1 0 0 0 0 0
0 1 0 0 0 0 0 0
0 0 0 0 0 0 0 1
0 0 0 0 0 0 0 1
1 0 0 0 0 0 0 0
0 1 0 0 0 0 0 0
0 0 0 0 1 0 0 0
1 0 0 0 0 0 0 0
0 0 0 0 0 1 0 0
0 0 0 0 0 1 0 0
1 0 0 0 0 0 0 0
0 0 0 0 0 0 0 1
0 0 0 1 0 0 0 0
0 0 0 0 0 0 1 0
0 0 0 0 1 0 0 0
0 0 0 0 1 0 0 0
0 0 0 0 0 0 1 0
0 0 0 0 0 1 0 0
1 0 0 0 0 0 0 0
1 0 0 0 0 0 0 0
0 0 0 1 0 0 0 0
0 0 0 0 0 1 0 0
1 0 0 0 0 0 0 0
0 0 1 0 0 0 0 0
1 0 0 0 0 0 0 0
0 0 0 0 0 1 0 0
1 0 0 0 0 0 0 0
0 0 0 1 0 0 0 0
0 0 0 0 0 0 0 1
0 1 0 0 0 0 0 0
0 0 0 0 0 1 0 0
1 0 0 0 0 0 0 0
0 0 0 0 0 1 0 0
0 0 0 0 0 0 1 0
1 0 0 0 0 0 0 0
1 0 0 0 0 0 0 0
0 0 0 0 0 1 0 0
0 0 0 1 0 0 0 0
0 0 0 0 0 0 0 1
0 0 0 0 0 1 0 0
0 1 0 0 0 0 0 0
0 0 0 1 0 0 0 0
0 0 1 0 0 0 0 0
0 0 0 1 0 0 0 0
0 0 0 0 0 0 1 0
0 1 0 0 0 0 0 0
0 0 0 0 0 1 0 0
0 0 1 0 0 0 0 0
0 0 0 0 1 0 0 0
0 0 0 1 0 0 0 0
0 0 0 0 0 1 0 0
0 0 0 0 1 0 0 0
0 0 0 0 0 1 0 0
0 0 0 0 0 0 1 0
0 0 0 0 0 0 0 1
0 0 0 0 1 0 0 0
0 0 0 0 0 0 0 1
0 0 0 1 0 0 0 0
0 1 0 0 0 0 0 0
0 0 0 0 1 0 0 0
0 0 0 1 0 0 0 0
1 0 0 0 0 0 0 0
0 0 0 0 0 1 0 0
1 0 0 0 0 0 0 0
0 0 0 0 0 0 0 1
0 0 0 0 0 0 0 1
0 0 0 1 0 0 0 0
0 0 1 0 0 0 0 0
0 0 1 0 0 0 0 0
0 0 0 0 0 0 0 1
0 0 0 0 1 0 0 0
0 1 0 0 0 0 0 0
0 0 0 1 0 0 0 0
0 1 0 0 0 0 0 0
0 0 0 0 0 0 1 0
0 0 1 0 0 0 0 0
0 0 1 0 0 0 0 0
0 0 0 0 1 0 0 0
0 0 0 1 0 0 0 0
0 0 0 0 0 0 1 0
0 0 1 0 0 0 0 0
0 1 0 0 0 0 0 0
0 0 0 0 0 0 1 0
0 1 0 0 0 0 0 0
0 1 0 0 0 0 0 0
0 0 0 0 0 1 0 0
0 0 0 0 0 0 0 1
0 0 1 0 0 0 0 0
0 0 0 0 1 0 0 0
0 0 1 0 0 0 0 0
0 1 0 0 0 0 0 0
0 1 0 0 0 0 0 0
0 0 0 0 1 0 0 0
0 0 0 0 1 0 0 0
0 0 0 0 0 1 0 0
0 0 0 0 0 0 0 1
0 0 0 0 0 0 1 0
0 0 0 1 0 0 0 0
0 0 0 1 0 0 0 0
0 0 1 0 0 0 0 0
0 1 0 0 0 0 0 0
0 0 1 0 0 0 0 0
0 1 0 0 0 0 0 0
0 1 0 0 0 0 0 0
0 0 0 0 1 0 0 0
0 0 0 0 1 0 0 0
0 0 0 0 0 0 1 0
0 0 0 0 1 0 0 0
0 0 0 1 0 0 0 0
0 0 0 0 0 1 0 0
0 0 0 1 0 0 0 0
0 0 1 0 0 0 0 0
0 0 0 1 0 0 0 0
0 0 0 0 0 0 0 1
1 0 0 0 0 0 0 0
0 0 0 0 0 1 0 0
0 0 1 0 0 0 0 0
0 1 0 0 0 0 0 0
0 0 0 0 0 0 1 0
0 0 0 0 1 0 0 0
0 0 0 0 1 0 0 0
0 0 0 1 0 0 0 0
0 0 0 0 0 0 1 0
0 0 0 0 0 0 0 1
0 0 0 0 0 0 0 1
0 0 1 0 0 0 0 0
0 0 0 0 0 0 0 1
0 0 0 0 1 0 0 0
0 1 0 0 0 0 0 0
0 0 0 0 0 0 0 1
0 0 0 0 0 1 0 0
0 0 0 0 0 1 0 0
0 0 1 0 0 0 0 0
0 0 0 0 0 0 1 0
0 0 0 0 0 0 1 0
0 0 1 0 0 0 0 0
0 0 0 1 0 0 0 0
0 0 0 0 0 0 1 0
0 0 0 1 0 0 0 0
0 1 0 0 0 0 0 0
0 0 1 0 0 0 0 0
0 0 0 1 0 0 0 0
0 0 1 0 0 0 0 0
1 0 0 0 0 0 0 0
0 1 0 0 0 0 0 0
0 0 0 0 0 0 0 1
0 0 0 0 0 0 0 1
0 0 0 0 0 1 0 0
0 1 0 0 0 0 0 0
0 1 0 0 0 0 0 0
0 0 0 0 1 0 0 0
0 0 1 0 0 0 0 0
0 0 0 0 0 0 1 0
1 0 0 0 0 0 0 0
0 0 0 0 1 0 0 0
0 0 0 0 1 0 0 0
0 0 0 1 0 0 0 0
0 1 0 0 0 0 0 0
0 0 0 1 0 0 0 0
0 0 0 0 0 0 0 1
0 0 0 0 0 1 0 0
0 0 0 0 0 0 0 1
0 0 0 0 0 0 0 1
0 1 0 0 0 0 0 0
0 1 0 0 0 0 0 0
0 0 0 0 0 0 0 1
0 0 0 0 0 0 1 0
0 0 1 0 0 0 0 0
0 0 0 0 1 0 0 0
1 0 0 0 0 0 0 0
0 0 1 0 0 0 0 0
0 0 1 0 0 0 0 0
0 0 0 0 1 0 0 0
0 1 0 0 0 0 0 0
0 0 0 0 0 0 1 0
0 0 0 0 0 0 0 1
0 0 0 1 0 0 0 0
0 0 0 0 0 1 0 0
0 0 0 1 0 0 0 0
0 0 0 0 0 0 1 0
0 0 1 0 0 0 0 0
0 0 0 0 1 0 0 0
0 0 1 0 0 0 0 0
0 0 0 0 0 1 0 0
0 0 0 0 0 0 1 0
0 0 0 1 0 0 0 0
1 0 0 0 0 0 0 0
0 0 1 0 0 0 0 0
1 0 0 0 0 0 0 0
0 1 0 0 0 0 0 0
0 0 0 0 0 1 0 0
0 0 0 0 0 0 1 0
0 0 0 0 1 0 0 0
0 1 0 0 0 0 0 0
0 0 1 0 0 0 0 0
0 0 0 0 0 1 0 0
0 0 0 0 0 0 0 1
0 1 0 0 0 0 0 0
0 0 0 0 0 1 0 0
0 0 0 0 0 1 0 0
0 0 0 0 1 0 0 0
0 0 0 0 0 0 0 1
0 1 0 0 0 0 0 0
0 0 0 0 0 1 0 0
0 1 0 0 0 0 0 0
0 0 0 0 0 0 0 1
0 1 0 0 0 0 0 0
0 0 0 1 0 0 0 0
0 0 1 0 0 0 0 0
0 0 0 0 0 1 0 0
0 0 0 0 0 1 0 0
0 1 0 0 0 0 0 0
0 0 1 0 0 0 0 0
0 0 0 0 0 1 0 0
0 0 0 1 0 0 0 0
0 0 0 0 1 0 0 0
0 0 0 0 0 0 1 0
0 0 0 1 0 0 0 0
0 0 0 0 0 0 1 0
0 0 0 0 0 1 0 0
0 1 0 0 0 0 0 0
0 0 1 0 0 0 0 0
0 0 0 1 0 0 0 0
0 0 1 0 0 0 0 0
0 0 0 0 0 1 0 0
0 1 0 0 0 0 0 0
0 0 0 0 0 0 1 0
0 0 0 0 0 0 1 0
0 0 0 1 0 0 0 0
1 0 0 0 0 0 0 0
0 0 0 0 0 1 0 0
1 0 0 0 0 0 0 0
0 0 0 0 0 0 1 0
0 0 0 0 0 0 1 0
0 0 0 0 0 0 1 0
0 0 0 0 0 0 1 0
0 0 0 1 0 0 0 0
0 0 0 1 0 0 0 0
1 0 0 0 0 0 0 0
1 0 0 0 0 0 0 0
0 0 1 0 0 0 0 0
0 1 0 0 0 0 0 0
0 0 1 0 0 0 0 0
0 0 0 0 0 0 1 0
0 0 0 1 0 0 0 0
0 0 0 0 0 1 0 0
0 1 0 0 0 0 0 0
0 0 0 0 0 0 1 0
0 1 0 0 0 0 0 0
0 0 1 0 0 0 0 0
0 0 0 0 1 0 0 0
1 0 0 0 0 0 0 0
0 0 0 1 0 0 0 0
0 0 1 0 0 0 0 0
0 0 0 0 0 0 0 1
0 0 0 0 0 1 0 0
0 1 0 0 0 0 0 0
1 0 0 0 0 0 0 0
0 0 0 0 0 0 1 0
0 0 1 0 0 0 0 0
0 1 0 0 0 0 0 0
0 0 0 1 0 0 0 0
0 0 0 0 0 0 0 1
0 0 0 0 0 0 1 0
1 0 0 0 0 0 0 0
0 0 0 0 1 0 0 0
0 0 0 0 0 0 1 0
0 0 0 1 0 0 0 0
0 0 0 0 1 0 0 0
0 0 0 1 0 0 0 0
0 0 0 0 0 0 1 0
0 0 0 0 0 0 0 1
0 0 0 0 0 0 1 0
0 0 0 1 0 0 0 0
0 1 0 0 0 0 0 0
0 0 0 0 0 1 0 0
0 0 0 1 0 0 0 0
0 0 0 0 0 0 1 0
1 0 0 0 0 0 0 0
1 0 0 0 0 0 0 0
0 0 0 0 0 1 0 0
0 0 1 0 0 0 0 0
0 0 0 0 0 1 0 0
0 1 0 0 0 0 0 0
0 0 0 0 0 1 0 0
0 0 0 0 0 0 0 1
1 0 0 0 0 0 0 0
0 0 0 1 0 0 0 0
0 0 0 0 1 0 0 0
0 0 0 1 0 0 0 0
0 0 0 1 0 0 0 0
0 0 0 0 0 0 0 1
0 0 1 0 0 0 0 0
0 1 0 0 0 0 0 0
0 1 0 0 0 0 0 0
0 0 0 0 0 0 1 0
1 0 0 0 0 0 0 0
0 0 0 0 0 1 0 0
0 1 0 0 0 0 0 0
0 0 1 0 0 0 0 0
1 0 0 0 0 0 0 0
0 0 0 0 0 0 1 0
0 0 0 1 0 0 0 0
0 0 0 0 0 0 0 1
0 0 0 0 1 0 0 0
0 0 0 0 0 0 1 0
0 0 0 0 1 0 0 0
1 0 0 0 0 0 0 0
0 0 0 0 1 0 0 0
1 0 0 0 0 0 0 0
1 0 0 0 0 0 0 0
0 0 0 0 0 0 1 0
0 1 0 0 0 0 0 0
0 0 0 0 0 0 1 0
1 0 0 0 0 0 0 0
0 0 0 0 0 1 0 0
0 0 0 0 0 0 0 1
0 0 0 0 0 0 1 0
0 0 0 0 0 0 1 0
0 0 0 1 0 0 0 0
0 0 1 0 0 0 0 0
0 1 0 0 0 0 0 0
0 0 0 1 0 0 0 0
0 0 1 0 0 0 0 0
0 0 0 0 0 1 0 0
0 0 0 0 0 0 1 0
0 0 1 0 0 0 0 0
0 0 0 0 0 0 0 1
0 0 1 0 0 0 0 0
1 0 0 0 0 0 0 0
0 0 0 0 0 1 0 0
0 0 0 0 0 1 0 0
1 0 0 0 0 0 0 0
0 0 0 0 0 0 0 1
0 0 1 0 0 0 0 0
0 0 0 0 0 0 1 0
0 1 0 0 0 0 0 0
0 0 0 0 0 1 0 0
1 0 0 0 0 0 0 0
0 1 0 0 0 0 0 0
0 0 0 1 0 0 0 0
0 0 1 0 0 0 0 0
0 0 1 0 0 0 0 0
0 0 1 0 0 0 0 0
0 0 0 0 0 1 0 0
0 0 0 1 0 0 0 0

Capacidades:
55 25 0 21 25 31 31 51
39 37 20 38 38 40 0 23
24 38 54 0 52 39 43 37
39 27 55 24 54 0 0 31
44 27 57 55 54 35 33 44
45 0 50 47 54 37 49 49
50 0 37 42 36 55 48 44
40 53 25 0 29 34 22 51
21 55 51 28 32 38 0 46
0 21 36 38 43 24 39 52
