m: 500
n: 5
p: 8

Distancias:
2.46 1.93 1.41 4.17 1.90
9.28 9.25 7.41 3.57 6.29
1.97 3.06 2.01 8.63 4.56
3.14 1.41 4.75 8.61 8.10
7.34 8.78 9.60 8.18 2.63
5.85 9.32 7.62 2.04 4.67
1.92 7.68 9.78 9.37 2.44
2.80 6.27 1.91 8.74 2.01
8.66 9.92 3.67 5.24 5.23
2.97 5.44 3.71 2.29 4.30
7.60 1.03 3.27 9.53 7.54
1.88 6.04 3.44 3.91 8.00
3.44 8.78 6.40 9.18 8.28
3.15 2.12 1.51 7.47 3.22
3.82 5.35 2.98 6.54 3.34
7.25 2.03 6.07 2.46 3.66
7.48 9.94 3.14 2.94 4.94
5.22 1.20 4.89 6.83 5.93
9.29 1.60 5.83 2.03 4.08
7.77 3.59 7.12 6.84 1.17
1.80 6.57 2.82 8.71 2.62
9.58 2.83 2.47 9.26 4.47
4.42 1.25 1.84 2.13 9.72
1.40 6.27 2.09 4.83 9.25
2.73 9.50 8.72 9.15 6.07
5.25 2.14 2.60 7.96 2.62
9.09 5.03 7.11 9.88 7.14
6.15 2.19 2.04 2.34 2.24
2.13 6.40 6.79 5.85 1.19
5.04 9.17 4.37 2.79 6.56
3.03 1.83 4.37 4.88 8.29
9.06 5.78 2.06 5.79 3.48
9.66 5.13 8.03 6.70 8.70
7.08 3.70 5.55 6.36 2.34
7.24 4.12 1.08 3.31 5.39
3.39 3.22 5.00 5.40 7.31
9.96 3.33 7.03 7.48 9.93
1.61 8.91 5.45 7.19 3.51
5.05 7.22 3.28 3.09 6.16
7.50 1.25 9.95 8.65 1.38
2.46 7.62 4.64 5.33 1.37
2.74 4.62 5.75 1.47 7.22
4.53 6.89 3.68 7.65 5.58
4.52 3.62 2.48 2.22 4.27
4.04 5.61 6.60 3.92 4.87
5.44 9.05 6.08 2.49 4.22
6.27 1.32 2.50 1.15 9.69
8.01 2.95 6.14 9.77 3.94
8.01 1.99 2.33 5.50 2.19
3.93 7.03 3.20 3.34 3.23
3.91 7.22 9.91 2.27 4.18
5.12 7.71 3.63 3.23 1.61
1.75 6.67 5.64 4.75 9.04
1.75 7.50 9.44 2.88 1.45
7.68 8.63 3.90 1.64 2.18
7.54 7.36 7.79 7.53 2.45
7.58 3.62 6.42 7.75 7.59
6.85 6.76 4.20 2.90 2.20
3.53 6.28 9.57 7.19 5.71
7.02 6.08 6.23 1.24 9.55
4.41 8.56 5.37 5.77 3.62
9.10 9.76 2.43 1.48 1.29
5.71 4.99 6.49 9.39 9.29
7.46 8.68 8.27 1.97 1.14
5.20 6.44 5.13 9.92 4.82
9.65 3.61 4.30 6.28 5.75
6.23 1.92 8.74 1.31 5.56
5.33 6.09 5.68 6.71 2.36
9.26 1.79 5.83 7.96 4.21
3.06 2.82 9.57 5.79 6.65
6.81 2.33 1.95 1.56 5.15
3.42 2.27 6.55 1.28 9.53
9.06 3.21 9.24 8.17 1.77
9.74 6.01 4.08 6.05 2.42
2.40 2.97 2.78 9.48 7.34
2.96 3.87 6.89 6.34 2.68
5.52 8.09 9.73 9.39 2.35
5.80 4.42 3.17 4.26 5.81
4.12 3.09 7.44 3.56 2.88
5.18 1.73 4.24 3.77 2.09
5.93 7.66 9.94 1.22 6.33
1.26 3.42 4.53 6.86 8.35
1.57 2.03 2.66 9.56 6.07
3.93 2.37 7.60 4.01 7.99
8.03 1.53 1.99 6.41 8.82
8.14 3.22 7.21 9.22 7.48
1.64 8.40 8.79 6.83 5.12
3.10 3.96 3.60 9.52 4.64
4.26 6.23 7.17 2.39 6.32
1.53 7.99 3.18 9.77 1.73
7.41 4.58 2.16 9.72 9.78
5.50 5.56 4.75 9.49 6.55
3.42 3.06 7.70 7.46 8.45
8.82 3.89 3.02 1.16 9.43
3.65 2.34 1.37 6.74 2.34
5.87 6.73 1.25 7.37 2.88
5.10 6.62 8.26 7.18 6.85
5.24 8.16 4.83 8.15 7.75
4.47 7.69 1.13 2.53 7.86
7.57 9.62 9.28 1.93 3.16
3.20 8.92 2.34 3.81 1.49
8.65 3.29 4.25 6.27 2.58
4.28 7.23 5.99 8.60 1.63
5.96 9.96 5.24 8.09 3.49
4.54 1.25 2.07 6.57 8.64
8.37 3.38 7.28 7.34 5.16
9.64 9.54 9.59 1.69 2.21
9.56 2.35 3.52 5.37 9.05
1.68 7.17 4.96 2.91 7.77
4.78 1.90 4.81 5.87 5.15
4.68 8.59 9.90 6.77 5.34
2.54 2.70 6.13 3.71 1.70
8.48 4.44 1.38 6.52 7.18
5.74 8.29 6.30 2.33 5.69
8.74 5.92 8.16 7.99 1.25
4.11 8.62 1.61 3.82 2.95
7.23 4.24 2.28 4.43 8.43
9.15 9.33 2.77 1.42 7.18
3.43 5.63 9.29 9.84 7.52
1.97 9.26 7.43 7.47 2.46
6.82 2.94 1.40 5.82 2.81
2.15 5.94 5.30 5.27 9.34
7.54 5.06 5.20 7.53 5.88
7.03 3.02 6.13 7.00 7.40
2.78 7.47 8.60 3.35 2.59
4.98 8.71 5.03 7.95 6.48
8.02 2.74 3.37 1.39 7.00
9.75 9.85 3.94 1.60 3.02
7.02 7.80 9.61 6.11 1.53
8.65 3.98 5.84 7.16 6.70
1.78 4.47 6.39 2.11 6.05
7.46 7.55 8.29 8.64 2.60
8.79 2.86 6.03 1.61 8.36
7.19 8.89 9.23 9.76 4.42
4.08 1.55 3.97 1.28 4.15
7.83 4.44 2.77 5.27 1.61
7.25 3.24 8.50 4.89 4.71
1.97 7.29 6.12 3.18 4.69
2.38 5.77 9.24 7.35 6.79
7.62 4.40 7.56 4.18 2.97
4.69 6.29 1.74 2.25 3.29
1.65 3.56 8.81 4.42 3.11
7.06 8.58 5.95 8.11 3.09
6.14 1.17 7.33 8.35 9.16
5.19 3.20 7.03 3.43 9.39
4.07 1.91 6.87 6.74 6.37
6.66 9.94 1.24 5.49 8.28
4.95 4.18 4.09 9.20 5.08
8.94 1.30 9.71 4.11 7.38
2.69 3.34 2.72 2.77 7.49
8.62 1.54 9.86 8.91 2.61
1.54 7.03 3.31 7.99 1.72
7.61 3.57 2.38 7.61 4.53
2.28 3.02 8.06 4.80 8.65
3.78 7.01 4.03 5.39 9.29
5.88 8.46 2.89 2.48 8.98
1.19 8.04 9.89 8.27 7.73
3.09 6.68 6.16 8.40 1.16
6.54 2.25 4.18 3.71 4.66
7.78 9.65 9.06 2.69 9.79
7.37 7.09 6.85 1.62 7.59
6.57 3.18 6.01 6.41 7.73
2.02 1.91 9.71 2.02 4.52
7.62 4.58 8.10 1.02 6.25
5.75 8.01 1.53 6.40 1.81
7.15 8.02 7.09 2.69 4.21
8.28 4.26 2.04 4.92 9.69
6.72 2.35 5.24 2.75 8.47
3.06 9.52 4.53 4.40 9.67
3.29 8.53 6.71 1.11 7.35
4.05 8.42 9.09 8.85 1.12
2.89 8.67 8.37 2.88 5.16
7.15 7.38 4.08 6.27 3.52
4.80 3.32 9.43 7.88 1.76
2.57 3.75 1.17 1.01 9.51
2.47 2.86 1.78 3.31 9.04
5.40 7.91 5.93 4.78 6.26
8.05 6.92 4.38 4.45 4.06
8.66 6.93 5.01 6.61 8.81
3.64 3.98 2.57 4.85 3.86
5.43 9.87 6.45 3.78 2.20
3.84 1.52 8.92 8.17 5.60
2.20 6.75 6.65 1.17 3.62
4.30 8.81 3.68 9.69 7.44
2.02 7.54 7.97 5.89 5.85
1.63 9.31 5.99 8.06 7.65
8.77 2.48 9.60 8.05 3.56
9.89 3.36 3.09 3.14 4.15
6.15 5.79 4.95 9.99 7.80
4.55 8.35 4.95 8.16 9.99
3.07 5.19 5.48 3.29 6.33
9.31 7.87 4.11 2.11 8.41
5.00 6.24 2.14 9.04 4.32
6.86 4.58 1.70 9.88 4.81
8.78 8.09 8.51 9.64 6.09
6.01 9.47 9.74 1.54 2.07
4.92 1.19 8.86 7.54 4.97
5.90 4.69 3.74 3.63 4.07
6.86 8.84 8.80 4.21 8.97
9.54 6.07 7.99 9.54 8.49
5.73 1.80 1.90 6.80 1.14
4.34 7.29 5.88 3.31 6.23
9.26 5.72 2.79 5.68 4.86
7.02 7.47 5.16 9.12 1.00
2.51 1.55 1.07 9.57 6.75
5.03 5.30 8.80 4.76 7.50
9.87 5.87 8.31 2.48 2.25
3.92 6.43 1.95 3.68 8.55
6.20 2.55 3.38 4.09 6.56
4.52 8.06 5.68 8.54 7.71
7.64 2.11 8.66 5.27 4.03
8.82 5.77 1.74 9.84 3.12
3.82 8.68 5.90 9.12 7.59
3.45 8.71 7.00 1.23 7.19
7.03 6.00 7.04 3.25 2.31
9.62 9.16 4.50 7.77 6.90
4.60 4.43 6.08 7.15 6.13
9.39 1.73 9.17 7.45 1.63
8.96 7.58 5.54 2.78 8.34
6.70 8.15 9.57 9.50 4.75
2.80 5.71 4.31 8.10 5.63
1.95 8.20 2.76 1.57 3.92
4.42 9.52 4.28 5.23 2.41
3.96 9.34 3.75 5.13 9.58
2.95 4.43 6.65 4.74 6.96
5.47 3.01 2.28 7.15 3.77
3.71 5.10 4.22 3.57 7.33
4.42 8.66 6.49 6.05 9.43
2.64 4.56 7.73 7.93 4.40
5.64 3.57 3.06 1.22 5.76
8.89 9.77 2.83 3.34 4.31
6.12 1.89 3.90 8.96 9.40
4.34 5.58 4.60 6.07 2.19
3.64 2.17 5.35 7.64 4.35
2.83 1.33 4.84 7.17 6.35
7.65 9.19 6.32 3.60 4.59
2.64 6.38 7.48 8.91 6.69
6.42 5.94 7.35 4.04 6.09
3.81 5.51 4.53 2.35 7.53
2.88 5.81 5.33 4.62 7.96
8.57 6.28 8.49 9.91 2.60
3.20 5.89 6.36 9.62 7.07
1.52 9.32 2.50 1.50 7.41
9.53 3.68 5.82 2.20 9.22
4.48 5.41 6.77 5.30 2.79
1.90 1.60 5.41 6.00 3.52
7.40 5.33 3.18 7.19 7.37
4.68 9.94 1.67 1.86 9.06
5.88 7.87 1.29 4.90 2.56
8.43 7.02 2.00 3.72 9.24
4.82 9.78 7.65 4.71 1.86
8.09 4.90 8.78 6.67 1.32
3.27 1.23 2.37 4.63 6.09
1.85 2.18 9.95 7.75 8.51
1.97 5.94 8.41 4.21 8.02
5.47 9.62 7.50 3.98 9.70
5.75 1.35 2.90 8.77 2.83
6.06 5.44 2.43 9.61 2.16
6.19 8.18 4.04 5.62 5.40
7.07 8.60 3.28 8.69 9.63
6.48 3.16 8.48 6.57 2.45
7.24 9.16 7.04 1.88 9.78
9.92 7.50 1.79 2.34 6.33
6.21 7.27 3.71 6.98 7.03
2.87 4.80 8.90 1.66 3.52
9.89 1.13 4.00 6.63 8.14
3.93 7.75 5.38 6.74 2.81
2.23 7.69 3.43 9.31 8.53
9.81 1.32 9.89 2.00 5.37
6.55 2.78 8.30 5.85 1.50
6.65 6.47 2.92 4.42 1.49
2.70 5.43 3.34 3.76 5.69
7.27 2.93 8.47 4.02 7.56
7.06 6.11 2.16 1.87 4.35
8.18 7.42 3.74 7.93 6.54
8.78 1.89 9.49 8.55 6.19
7.95 8.73 7.44 2.26 7.31
7.04 1.09 5.24 5.36 5.51
4.17 7.60 4.18 6.41 1.28
5.70 7.39 5.94 6.33 5.16
3.75 5.80 3.72 2.23 7.88
1.45 5.98 4.21 1.98 5.68
7.38 9.76 3.03 4.38 9.85
3.17 5.39 3.90 3.09 4.05
8.21 3.78 3.93 5.97 7.45
5.39 1.46 7.74 2.58 7.24
8.75 5.70 6.89 4.22 2.49
1.90 7.73 6.66 2.30 2.17
6.83 7.24 4.29 2.45 4.95
7.78 5.72 2.01 9.04 4.03
9.12 8.32 7.79 5.35 6.09
9.35 3.49 2.63 3.65 1.85
5.40 2.44 4.39 8.43 2.56
1.28 6.94 7.74 2.05 9.67
5.43 8.86 1.38 5.20 5.20
4.46 9.25 8.49 7.76 2.58
9.75 9.36 3.04 1.98 9.70
2.89 5.05 8.53 2.67 4.00
9.09 6.97 1.15 6.66 2.22
1.16 8.68 6.67 6.93 9.86
8.34 1.54 5.80 5.28 1.60
5.62 2.33 8.24 4.05 8.22
7.77 9.31 9.02 2.90 5.28
1.65 1.95 2.34 9.54 9.95
5.34 5.35 3.04 6.72 4.10
7.65 9.45 5.81 1.11 1.16
8.61 3.32 9.49 4.77 6.87
6.13 7.37 2.42 2.58 9.53
9.18 7.74 4.37 8.18 9.49
9.41 9.69 5.18 7.53 1.20
3.17 2.82 4.33 9.79 1.66
3.61 4.48 6.02 8.16 9.40
9.52 7.66 8.79 2.45 6.53
9.96 7.88 6.14 3.31 7.29
6.99 5.81 6.24 1.93 1.14
2.70 2.58 8.87 4.34 3.06
1.77 4.77 2.27 8.29 5.81
9.96 9.46 7.78 2.43 5.69
6.49 3.30 7.44 3.88 4.27
8.76 4.61 7.67 9.35 7.39
6.96 7.78 7.71 5.52 1.85
8.13 6.58 9.62 9.14 2.38
1.76 7.45 5.03 1.03 2.23
2.32 8.84 4.77 2.34 5.02
2.21 7.40 1.88 6.75 5.88
5.95 7.25 8.41 5.76 2.51
8.52 5.92 9.00 4.60 5.94
6.80 7.37 9.73 1.83 7.29
9.89 8.45 1.52 7.26 3.65
8.48 7.81 3.70 7.96 4.02
4.83 2.96 4.95 7.36 4.78
1.24 3.41 5.70 6.66 3.48
5.28 3.19 1.03 3.89 7.37
3.35 3.00 6.04 1.86 9.36
5.69 6.32 8.10 1.97 3.60
6.02 1.48 8.60 9.55 7.06
3.10 4.02 1.20 6.90 7.97
3.92 2.45 1.99 5.73 5.48
8.90 5.21 9.87 5.85 6.88
3.61 4.91 9.97 3.81 9.97
8.63 9.20 4.05 4.28 2.28
8.66 8.33 5.48 9.09 9.54
1.46 7.27 1.44 4.70 7.67
9.80 4.42 6.49 9.65 4.65
1.08 9.72 2.75 9.62 9.03
6.06 1.45 3.74 1.52 8.24
3.99 7.69 1.38 4.75 6.53
2.94 1.80 5.96 2.21 8.08
7.36 3.73 3.21 9.25 5.21
9.93 8.37 7.72 5.84 2.78
7.80 1.79 1.02 2.79 3.19
3.86 4.89 6.95 4.10 2.36
1.31 3.50 5.32 8.99 8.35
8.36 2.22 4.25 1.17 2.72
7.16 9.17 4.47 6.90 4.07
4.60 6.95 3.72 4.62 6.30
4.31 2.30 4.74 8.84 1.92
1.60 4.60 8.04 8.06 1.25
5.47 6.79 9.17 6.60 8.44
7.54 3.35 1.89 1.14 9.01
5.68 9.32 1.98 7.63 1.59
7.81 9.13 3.64 8.92 5.89
2.90 7.30 3.53 9.34 3.72
5.38 1.70 2.01 1.46 5.11
8.44 6.15 8.75 3.67 8.30
8.19 8.57 3.29 7.00 4.90
4.18 5.13 8.12 5.05 4.74
1.48 6.68 5.96 8.31 1.90
8.01 7.92 4.72 4.82 7.93
4.11 5.95 6.71 9.30 3.33
2.38 2.98 9.83 1.65 2.13
5.01 7.71 3.12 5.74 1.66
3.93 7.74 3.33 4.48 2.18
8.82 9.90 3.11 6.13 1.94
6.27 7.91 9.53 8.91 9.72
2.39 1.63 4.93 8.47 7.78
9.54 6.39 8.95 5.00 2.71
9.55 6.21 4.54 7.89 7.75
7.43 7.50 1.40 1.18 4.85
2.03 8.79 3.08 9.99 2.86
9.71 9.70 2.50 6.48 2.41
3.26 2.55 4.31 7.29 7.98
5.56 7.41 8.01 1.17 4.00
6.59 3.71 9.71 3.52 8.20
6.27 1.78 2.26 8.93 6.46
6.67 2.09 7.07 1.54 1.30
7.02 6.82 4.42 2.66 7.15
9.43 8.63 4.07 9.30 4.32
5.17 3.25 5.05 6.42 2.53
1.81 1.47 2.05 8.69 2.68
1.59 4.70 2.05 8.98 3.33
6.04 2.12 3.52 2.56 6.35
4.28 1.14 6.61 7.56 6.73
2.90 5.15 2.80 3.97 9.55
4.21 6.58 1.71 2.79 3.22
8.89 6.84 3.39 1.23 7.08
6.76 2.33 8.91 1.83 3.70
3.87 6.26 3.29 7.98 8.30
4.46 8.22 1.67 9.88 4.50
4.00 5.37 9.62 3.15 9.31
1.27 8.04 5.46 5.73 4.31
1.68 3.57 9.95 9.93 1.43
8.29 1.42 1.87 4.39 7.75
3.75 1.12 3.13 6.70 6.29
5.98 7.08 8.20 1.91 1.26
5.01 4.37 9.18 3.21 2.90
5.60 3.80 6.43 2.67 8.17
4.33 5.80 9.42 1.01 9.81
6.67 1.35 9.96 5.19 3.08
2.66 7.56 8.68 1.95 5.98
6.06 3.33 6.84 4.76 6.40
6.84 9.98 8.13 7.58 6.99
8.02 6.31 8.70 2.60 3.55
2.28 1.28 7.02 5.97 4.98
3.95 7.92 6.74 2.88 6.98
1.86 6.73 1.86 1.94 5.55
5.42 2.80 8.76 1.27 1.97
5.05 4.93 9.18 5.50 5.73
6.83 3.49 6.15 4.41 8.04
2.19 7.43 9.22 6.91 5.09
9.16 6.88 6.73 7.54 2.12
7.78 6.78 9.32 4.55 2.33
8.46 8.75 1.33 2.38 4.90
7.62 6.82 4.03 9.79 8.75
8.27 2.74 9.12 2.47 8.06
3.94 4.01 3.07 1.07 1.09
6.75 1.89 7.75 5.63 4.27
7.60 8.54 6.88 3.09 5.35
5.73 5.65 3.97 3.79 9.75
4.79 1.28 8.66 3.13 3.72
1.45 4.91 7.79 1.67 7.00
7.73 5.62 1.09 9.33 7.62
7.76 4.86 8.06 6.11 8.09
5.09 1.61 5.41 4.90 2.73
5.86 6.51 8.03 4.79 5.99
2.30 6.12 5.84 9.40 4.59
2.93 4.48 7.16 5.24 2.18
1.50 7.54 8.90 3.08 7.29
5.83 8.69 2.42 6.00 7.87
3.06 8.97 6.40 2.86 7.73
6.61 6.82 4.67 2.21 3.44
3.30 5.91 9.80 4.46 2.04
7.27 5.63 2.10 1.84 5.51
4.48 1.20 5.27 6.74 5.23
7.77 4.65 6.84 2.88 1.61
4.47 2.12 4.51 1.49 5.20
1.30 8.70 5.49 8.40 4.17
6.97 9.53 9.63 6.66 6.55
8.02 7.93 6.80 8.33 2.45
7.58 2.75 4.71 1.42 9.98
2.74 3.08 2.05 6.54 3.11
9.42 1.64 1.95 3.75 9.17
9.55 4.68 3.28 3.04 9.72
6.62 5.45 4.27 5.79 1.12
5.02 7.53 1.43 2.28 2.64
1.90 3.17 4.27 2.08 9.31
5.61 8.15 7.77 4.34 9.61
4.80 6.24 5.88 6.46 5.21
5.68 6.50 5.54 7.66 4.66
5.37 4.61 8.17 3.40 3.11
8.16 7.93 8.68 9.13 3.80
5.67 6.26 2.01 8.25 3.71
3.00 5.76 4.43 7.54 6.57
3.36 9.90 6.00 1.66 9.33
3.19 1.12 5.38 2.30 1.12
4.16 7.00 3.57 7.45 5.70
3.03 4.88 7.23 3.23 1.77
3.29 6.65 5.39 9.62 4.03
3.48 9.44 7.73 6.81 9.66
1.91 4.78 2.24 7.99 4.67
6.61 1.08 1.84 5.18 5.00
3.72 2.32 7.53 5.71 7.79
4.23 4.45 2.34 6.70 9.41
1.86 1.20 4.56 1.41 3.73
5.70 7.96 4.74 7.85 8.95
9.70 6.98 3.39 5.42 8.82
9.56 5.35 2.19 6.66 4.68
7.04 2.52 8.50 1.99 5.62
6.49 9.08 8.40 3.10 4.40
7.07 4.68 5.53 3.01 7.44
7.19 7.50 1.83 8.86 3.52
7.94 5.29 2.98 6.32 7.05
7.65 8.45 8.98 7.32 4.72
1.48 3.82 8.41 4.33 5.03
7.31 9.99 8.44 9.49 4.52
2.33 6.52 4.02 4.58 2.86
7.89 8.64 2.65 3.70 2.63
7.85 3.57 7.65 8.72 3.96
9.63 5.63 4.31 1.53 7.52
3.53 6.51 8.79 6.81 7.02
8.88 1.14 5.98 7.25 1.21
9.13 8.19 9.80 5.81 8.92
8.44 3.60 8.71 8.86 6.95
7.07 9.23 6.23 2.60 6.79
1.26 1.65 6.90 4.78 4.74
1.93 1.65 7.21 9.53 1.95
8.43 9.11 8.05 5.63 2.40
1.92 3.02 2.08 5.18 1.42
7.03 8.65 2.54 3.03 1.26
2.08 6.82 1.88 4.32 5.81

Demandas:
0 0 0 0 1 0 0 0
1 0 0 0 0 0 0 0
0 1 0 0 0 0 0 0
0 0 0 0 1 0 0 0
0 0 0 0 1 0 0 0
1 0 0 0 0 0 0 0
0 0 1 0 0 0 0 0
0 0 1 0 0 0 0 0
1 0 0 0 0 0 0 0
0 0 0 0 1 0 0 0
0 0 0 0 0 0 1 0
0 0 0 0 1 0 0 0
0 0 0 0 0 0 0 1
0 0 0 0 1 0 0 0
0 0 0 0 0 0 0 1
1 0 0 0 0 0 0 0
0 0 0 0 0 1 0 0
0 0 0 0 0 0 1 0
1 0 0 0 0 0 0 0
0 0 1 0 0 0 0 0
0 0 0 1 0 0 0 0
0 0 0 0 1 0 0 0
0 0 0 0 0 0 0 1
0 0 0 0 0 1 0 0
0 0 0 0 1 0 0 0
0 1 0 0 0 0 0 0
0 0 0 1 0 0 0 0
0 0 0 0 0 0 1 0
0 0 0 0 0 0 0 1
0 0 0 0 0 0 0 1
0 0 0 0 0 0 1 0
1 0 0 0 0 0 0 0
0 0 1 0 0 0 0 0
1 0 0 0 0 0 0 0
1 0 0 0 0 0 0 0
0 1 0 0 0 0 0 0
0 0 1 0 0 0 0 0
0 0 0 0 0 0 0 1
1 0 0 0 0 0 0 0
0 1 0 0 0 0 0 0
0 0 0 1 0 0 0 0
0 0 1 0 0 0 0 0
0 1 0 0 0 0 0 0
1 0 0 0 0 0 0 0
0 0 0 0 0 0 1 0
0 0 0 0 0 0 1 0
0 0 0 1 0 0 0 0
1 0 0 0 0 0 0 0
0 0 0 1 0 0 0 0
0 0 0 1 0 0 0 0
0 0 0 0 1 0 0 0
0 0 0 0 0 0 1 0
0 0 0 0 0 1 0 0
0 0 0 0 1 0 0 0
0 0 0 0 0 1 0 0
0 1 0 0 0 0 0 0
0 0 0 1 0 0 0 0
1 0 0 0 0 0 0 0
0 0 0 0 1 0 0 0
0 1 0 0 0 0 0 0
0 0 0 0 0 0 0 1
0 0 1 0 0 0 0 0
0 0 0 0 0 0 0 1
1 0 0 0 0 0 0 0
0 1 0 0 0 0 0 0
0 0 0 1 0 0 0 0
0 0 0 0 0 0 0 1
0 0 0 0 1 0 0 0
1 0 0 0 0 0 0 0
0 0 0 0 0 1 0 0
1 0 0 0 0 0 0 0
1 0 0 0 0 0 0 0
0 0 0 0 0 1 0 0
0 0 0 0 1 0 0 0
0 0 0 0 1 0 0 0
0 0 1 0 0 0 0 0
0 0 0 0 0 1 0 0
0 0 0 0 1 0 0 0
0 0 0 0 0 0 0 1
0 0 0 1 0 0 0 0
0 0 1 0 0 0 0 0
0 0 0 0 1 0 0 0
0 0 0 0 1 0 0 0
0 0 0 0 1 0 0 0
0 0 0 1 0 0 0 0
0 0 0 0 0 1 0 0
0 0 0 0 0 0 0 1
1 0 0 0 0 0 0 0
0 0 0 1 0 0 0 0
0 0 0 0 0 1 0 0
0 0 0 0 1 0 0 0
0 0 0 0 0 0 0 1
0 0 0 0 1 0 0 0
0 1 0 0 0 0 0 0
0 1 0 0 0 0 0 0
1 0 0 0 0 0 0 0
0 0 0 1 0 0 0 0
0 0 0 0 0 0 0 1
0 0 0 1 0 0 0 0
0 0 0 0 0 0 0 1
0 0 1 0 0 0 0 0
0 0 1 0 0 0 0 0
0 0 0 0 1 0 0 0
0 0 0 0 1 0 0 0
0 0 0 0 0 0 1 0
0 0 0 0 0 0 1 0
0 0 1 0 0 0 0 0
0 0 0 0 1 0 0 0
0 0 0 0 0 1 0 0
0 0 0 0 0 0 1 0
0 0 0 0 0 1 0 0
0 0 0 0 0 1 0 0
0 0 0 0 0 0 1 0
0 0 0 0 0 1 0 0
0 0 0 0 0 1 0 0
0 0 0 0 0 0 1 0
0 0 1 0 0 0 0 0
0 1 0 0 0 0 0 0
0 0 0 0 0 0 1 0
0 0 0 1 0 0 0 0
0 0 0 0 0 0 0 1
0 0 1 0 0 0 0 0
1 0 0 0 0 0 0 0
0 0 0 1 0 0 0 0
0 0 0 0 0 0 0 1
0 0 0 0 1 0 0 0
1 0 0 0 0 0 0 0
0 0 0 0 0 1 0 0
1 0 0 0 0 0 0 0
0 0 0 0 0 0 1 0
0 0 0 0 0 1 0 0
0 0 0 0 0 1 0 0
0 0 0 1 0 0 0 0
0 0 0 0 1 0 0 0
0 0 1 0 0 0 0 0
0 0 0 0 0 0 0 1
0 0 0 1 0 0 0 0
0 0 0 1 0 0 0 0
0 0 0 1 0 0 0 0
1 0 0 0 0 0 0 0
0 0 0 0 0 0 1 0
0 0 0 0 1 0 0 0
0 0 0 0 0 0 1 0
0 0 0 0 0 0 0 1
0 0 0 0 1 0 0 0
0 0 0 0 0 0 0 1
0 0 1 0 0 0 0 0
0 0 0 1 0 0 0 0
0 0 0 0 1 0 0 0
0 0 0 0 1 0 0 0
0 0 0 0 1 0 0 0
0 0 0 0 1 0 0 0
1 0 0 0 0 0 0 0
0 0 1 0 0 0 0 0
0 0 0 0 0 0 0 1
0 0 0 0 0 0 1 0
0 0 0 0 0 0 0 1
0 0 0 0 0 0 0 1
0 0 0 0 0 0 1 0
0 1 0 0 0 0 0 0
1 0 0 0 0 0 0 0
0 0 1 0 0 0 0 0
0 0 0 1 0 0 0 0
0 0 0 0 0 0 0 1
0 1 0 0 0 0 0 0
0 0 0 0 1 0 0 0
0 0 0 0 0 0 0 1
0 0 0 0 0 1 0 0
0 1 0 0 0 0 0 0
0 1 0 0 0 0 0 0
0 0 0 1 0 0 0 0
0 0 0 1 0 0 0 0
0 0 0 0 0 1 0 0
0 0 0 0 0 0 0 1
0 0 0 0 0 1 0 0
0 0 0 0 0 1 0 0
0 0 0 0 0 0 1 0
0 1 0 0 0 0 0 0
0 0 0 0 0 0 1 0
0 0 0 0 0 0 1 0
0 0 1 0 0 0 0 0
0 0 0 0 0 0 1 0
0 1 0 0 0 0 0 0
0 0 0 1 0 0 0 0
0 0 0 0 1 0 0 0
0 0 0 1 0 0 0 0
0 0 0 0 0 0 1 0
0 1 0 0 0 0 0 0
0 0 0 0 0 1 0 0
0 0 1 0 0 0 0 0
0 1 0 0 0 0 0 0
0 1 0 0 0 0 0 0
0 0 0 0 0 1 0 0
0 0 0 0 0 0 0 1
0 0 0 0 0 0 0 1
0 0 0 1 0 0 0 0
0 0 0 0 1 0 0 0
1 0 0 0 0 0 0 0
1 0 0 0 0 0 0 0
1 0 0 0 0 0 0 0
0 0 1 0 0 0 0 0
0 0 0 0 0 0 1 0
0 0 0 0 1 0 0 0
0 1 0 0 0 0 0 0
0 0 0 0 0 1 0 0
0 0 0 0 1 0 0 0
0 0 0 0 0 1 0 0
0 0 0 0 0 0 1 0
0 0 0 1 0 0 0 0
0 0 0 1 0 0 0 0
0 0 0 0 1 0 0 0
0 0 0 0 0 1 0 0
0 0 0 0 1 0 0 0
0 1 0 0 0 0 0 0
0 0 0 0 0 0 0 1
0 1 0 0 0 0 0 0
1 0 0 0 0 0 0 0
0 0 0 0 1 0 0 0
0 0 0 0 0 0 1 0
0 0 0 1 0 0 0 0
0 0 0 0 1 0 0 0
1 0 0 0 0 0 0 0
0 0 1 0 0 0 0 0
0 0 0 1 0 0 0 0
0 0 0 0 0 1 0 0
0 0 0 0 0 1 0 0
0 0 0 0 1 0 0 0
0 0 0 0 0 0 1 0
1 0 0 0 0 0 0 0
0 0 0 0 0 1 0 0
0 0 1 0 0 0 0 0
0 0 0 0 1 0 0 0
0 0 0 0 0 0 1 0
0 0 0 0 0 0 0 1
0 0 0 0 0 0 1 0
0 1 0 0 0 0 0 0
0 0 0 0 0 1 0 0
0 0 0 1 0 0 0 0
0 1 0 0 0 0 0 0
0 0 0 0 1 0 0 0
0 0 0 0 1 0 0 0
0 0 0 0 0 0 1 0
0 0 0 0 0 0 0 1
0 1 0 0 0 0 0 0
0 0 0 0 0 1 0 0
0 1 0 0 0 0 0 0
1 0 0 0 0 0 0 0
0 0 0 0 0 1 0 0
0 0 0 0 0 0 0 1
1 0 0 0 0 0 0 0
0 0 0 0 0 0 1 0
0 0 0 0 0 0 0 1
0 0 0 0 1 0 0 0
0 0 0 0 0 0 0 1
0 0 0 0 0 1 0 0
1 0 0 0 0 0 0 0
0 0 0 1 0 0 0 0
0 0 0 1 0 0 0 0
0 0 0 0 0 0 1 0
0 0 0 0 0 1 0 0
0 0 0 0 0 1 0 0
0 0 1 0 0 0 0 0
0 0 0 1 0 0 0 0
0 0 0 1 0 0 0 0
0 0 0 0 0 1 0 0
0 0 0 0 0 1 0 0
0 0 0 0 0 1 0 0
0 0 0 0 0 0 0 1
0 0 0 0 0 1 0 0
0 0 1 0 0 0 0 0
0 1 0 0 0 0 0 0
0 0 0 1 0 0 0 0
0 0 0 1 0 0 0 0
0 0 0 1 0 0 0 0
0 0 0 0 0 1 0 0
0 0 0 0 0 0 1 0
0 0 0 0 0 0 1 0
0 0 0 0 0 0 0 1
0 0 0 0 0 1 0 0
0 0 0 0 0 0 1 0
0 0 0 0 0 0 1 0
0 0 0 0 0 1 0 0
0 0 1 0 0 0 0 0
0 0 1 0 0 0 0 0
0 0 0 0 1 0 0 0
0 0 0 1 0 0 0 0
0 0 0 1 0 0 0 0
0 0 0 0 1 0 0 0
0 0 0 0 0 0 0 1
0 1 0 0 0 0 0 0
0 0 1 0 0 0 0 0
1 0 0 0 0 0 0 0
0 0 1 0 0 0 0 0
0 1 0 0 0 0 0 0
0 0 0 1 0 0 0 0
0 0 1 0 0 0 0 0
1 0 0 0 0 0 0 0
0 0 0 0 1 0 0 0
0 0 1 0 0 0 0 0
0 0 0 0 0 1 0 0
0 0 1 0 0 0 0 0
0 0 0 0 0 0 1 0
0 0 1 0 0 0 0 0
0 0 0 0 1 0 0 0
0 0 0 0 0 0 0 1
0 0 0 0 0 1 0 0
0 0 0 0 0 0 1 0
0 1 0 0 0 0 0 0
0 1 0 0 0 0 0 0
1 0 0 0 0 0 0 0
0 0 0 0 0 0 0 1
0 0 0 0 1 0 0 0
0 0 0 0 0 0 1 0
0 0 0 1 0 0 0 0
0 0 0 1 0 0 0 0
0 0 0 1 0 0 0 0
0 0 0 0 0 1 0 0
0 0 1 0 0 0 0 0
0 0 0 0 0 1 0 0
0 0 1 0 0 0 0 0
0 0 0 0 0 0 1 0
0 0 0 0 0 0 0 1
1 0 0 0 0 0 0 0
0 0 0 0 1 0 0 0
0 0 0 0 0 0 0 1
0 0 0 0 0 0 0 1
0 0 0 0 0 0 0 1
0 0 0 0 1 0 0 0
0 0 0 0 0 0 0 1
0 0 0 0 0 0 0 1
0 0 0 0 0 0 1 0
0 0 0 0 0 0 1 0
0 0 1 0 0 0 0 0
0 0 0 1 0 0 0 0
0 0 0 0 0 0 0 1
0 0 0 0 0 1 0 0
0 0 0 0 0 0 0 1
0 0 0 0 0 1 0 0
0 0 0 0 0 1 0 0
1 0 0 0 0 0 0 0
0 1 0 0 0 0 0 0
1 0 0 0 0 0 0 0
0 0 0 0 1 0 0 0
0 0 0 0 0 0 1 0
0 0 0 0 0 0 0 1
0 0 0 0 0 0 1 0
0 0 0 0 0 0 0 1
0 0 0 1 0 0 0 0
0 1 0 0 0 0 0 0
1 0 0 0 0 0 0 0
0 0 0 1 0 0 0 0
0 1 0 0 0 0 0 0
0 0 0 0 0 0 0 1
0 0 0 0 1 0 0 0
0 0 1 0 0 0 0 0
0 0 0 0 0 0 0 1
0 0 0 0 0 0 1 0
0 0 0 0 0 1 0 0
0 0 0 1 0 0 0 0
0 0 0 0 0 0 0 1
0 1 0 0 0 0 0 0
0 0 0 0 0 1 0 0
0 0 0 1 0 0 0 0
1 0 0 0 0 0 0 0
0 0 0 0 1 0 0 0
1 0 0 0 0 0 0 0
0 0 0 0 1 0 0 0
0 0 0 0 1 0 0 0
0 0 0 1 0 0 0 0
0 0 0 0 1 0 0 0
1 0 0 0 0 0 0 0
0 0 0 0 1 0 0 0
0 0 0 0 0 0 1 0
1 0 0 0 0 0 0 0
0 1 0 0 0 0 0 0
0 0 0 0 1 0 0 0
0 0 0 0 0 0 0 1
0 0 0 1 0 0 0 0
0 0 0 0 0 1 0 0
0 0 0 1 0 0 0 0
0 0 0 0 0 1 0 0
0 0 0 0 0 0 0 1
0 0 0 0 1 0 0 0
0 0 1 0 0 0 0 0
0 0 0 1 0 0 0 0
0 1 0 0 0 0 0 0
0 1 0 0 0 0 0 0
0 0 0 0 1 0 0 0
0 1 0 0 0 0 0 0
0 0 0 1 0 0 0 0
0 0 0 0 1 0 0 0
0 0 0 0 0 0 1 0
0 1 0 0 0 0 0 0
0 0 0 0 0 1 0 0
0 1 0 0 0 0 0 0
0 0 0 1 0 0 0 0
0 0 0 0 1 0 0 0
0 1 0 0 0 0 0 0
1 0 0 0 0 0 0 0
0 0 1 0 0 0 0 0
0 1 0 0 0 0 0 0
0 0 1 0 0 0 0 0
0 0 0 0 1 0 0 0
0 0 0 0 0 0 1 0
0 0 1 0 0 0 0 0
0 0 0 0 0 0 1 0
1 0 0 0 0 0 0 0
0 0 0 0 0 0 0 1
0 0 0 0 0 0 1 0
0 0 1 0 0 0 0 0
0 0 1 0 0 0 0 0
0 0 0 0 1 0 0 0
1 0 0 0 0 0 0 0
0 0 0 0 1 0 0 0
1 0 0 0 0 0 0 0
0 1 0 0 0 0 0 0
0 1 0 0 0 0 0 0
1 0 0 0 0 0 0 0
0 0 0 1 0 0 0 0
0 0 0 0 1 0 0 0
0 0 0 0 1 0 0 0
0 0 0 0 1 0 0 0
0 0 0 0 1 0 0 0
0 0 0 0 0 0 1 0
0 0 0 1 0 0 0 0
0 0 0 0 0 1 0 0
0 0 0 0 0 1 0 0
0 0 1 0 0 0 0 0
0 0 0 0 0 1 0 0
0 0 0 0 0 0 1 0
0 0 0 0 1 0 0 0
0 0 0 0 0 0 0 1
0 0 1 0 0 0 0 0
0 0 0 0 0 1 0 0
0 0 1 0 0 0 0 0
0 0 0 1 0 0 0 0
0 1 0 0 0 0 0 0
0 0 0 0 1 0 0 0
0 0 1 0 0 0 0 0
1 0 0 0 0 0 0 0
1 0 0 0 0 0 0 0
0 0 0 1 0 0 0 0
0 0 0 0 0 0 1 0
0 0 0 0 0 1 0 0
0 0 0 0 1 0 0 0
0 1 0 0 0 0 0 0
0 0 0 0 0 1 0 0
0 0 0 0 0 0 0 1
0 0 0 0 0 0 1 0
0 0 0 0 1 0 0 0
0 0 0 0 0 0 0 1
0 0 0 0 1 0 0 0
0 0 0 0 0 0 1 0
0 0 0 1 0 0 0 0
0 0 0 1 0 0 0 0
0 0 0 0 0 1 0 0
0 0 0 0 0 0 0 1
0 0 0 1 0 0 0 0
1 0 0 0 0 0 0 0
0 0 0 0 0 1 0 0
0 0 0 1 0 0 0 0
0 0 0 0 0 1 0 0
0 0 0 0 0 0 1 0
0 0 0 0 0 0 1 0
0 0 1 0 0 0 0 0
0 0 0 0 0 0 1 0
0 0 0 0 0 1 0 0
0 0 0 0 0 1 0 0
0 0 0 0 0 0 1 0
0 0 0 0 1 0 0 0
1 0 0 0 0 0 0 0
0 1 0 0 0 0 0 0
0 0 0 0 0 1 0 0
0 0 0 0 0 0 0 1
0 1 0 0 0 0 0 0
0 0 0 1 0 0 0 0
0 0 0 1 0 0 0 0
0 1 0 0 0 0 0 0
0 0 0 0 1 0 0 0
0 0 0 0 0 1 0 0
1 0 0 0 0 0 0 0
0 0 0 1 0 0 0 0
0 0 0 0 1 0 0 0
0 1 0 0 0 0 0 0
0 0 0 1 0 0 0 0
0 0 0 0 0 0 0 1
0 1 0 0 0 0 0 0
0 0 0 0 0 0 0 1
0 0 0 0 1 0 0 0
0 0 0 1 0 0 0 0
0 0 0 0 0 0 0 1
0 1 0 0 0 0 0 0
0 0 1 0 0 0 0 0
1 0 0 0 0 0 0 0
0 0 0 1 0 0 0 0
0 0 0 1 0 0 0 0
0 1 0 0 0 0 0 0
0 0 0 0 0 0 0 1
0 1 0 0 0 0 0 0
1 0 0 0 0 0 0 0

Capacidades:
52 21 46 53 29 27 28 49
48 0 0 26 41 42 36 41
59 33 20 0 38 48 56 49
37 51 41 42 30 35 59 0
51 21 47 36 41 26 58 45
