m: 1000
n: 10
p: 8

Distancias:
5.00 5.88 7.23 1.61 6.67 4.11 1.65 2.88 5.80 7.54
3.42 4.41 7.81 9.02 3.37 9.62 8.58 9.33 2.67 3.51
7.10 1.48 5.54 6.58 4.07 8.05 2.03 8.52 5.26 6.58
8.73 1.48 2.72 7.40 5.41 3.64 9.40 1.94 7.25 6.62
6.42 1.97 2.15 7.87 4.07 4.32 6.74 2.93 3.55 1.90
6.89 3.74 9.65 3.84 4.44 8.70 3.90 3.03 8.59 5.44
1.87 7.85 8.41 2.12 2.70 6.52 8.16 6.28 2.00 2.68
3.57 1.09 1.66 9.82 4.61 6.34 7.59 1.72 1.37 2.28
3.67 2.56 9.71 4.62 1.98 8.51 2.08 4.34 4.82 9.10
8.51 5.12 2.04 9.84 4.95 9.73 6.22 6.58 7.07 4.40
8.51 4.76 3.39 4.94 7.32 1.10 7.14 1.97 6.98 1.73
1.96 5.33 1.85 4.28 4.59 3.87 5.06 3.14 6.50 1.30
2.68 9.00 2.19 9.80 9.50 4.23 3.52 6.95 5.97 3.72
9.43 5.01 6.17 1.50 4.83 8.45 2.51 5.93 8.70 1.85
4.07 8.63 9.78 7.61 5.01 3.59 1.91 2.28 1.73 4.69
2.25 3.53 6.40 6.79 7.79 7.29 4.21 8.96 8.68 8.98
9.67 9.18 7.68 8.23 7.80 8.28 1.52 3.11 3.94 7.04
3.16 2.84 7.32 1.75 9.60 6.82 9.25 2.92 6.23 5.26
9.19 7.94 2.40 2.10 9.79 9.16 1.32 5.95 7.27 7.29
3.79 8.98 9.54 2.95 1.91 4.53 9.20 5.25 6.21 5.48
4.20 3.91 4.88 6.68 5.14 3.03 4.49 7.04 2.37 2.72
4.33 5.04 5.70 3.23 2.07 6.24 4.55 5.04 6.06 6.89
3.12 9.19 7.00 4.73 7.60 2.23 9.12 4.96 9.42 3.09
6.73 8.86 4.62 9.40 3.72 5.21 2.17 8.07 2.96 6.60
8.15 5.26 1.33 4.65 3.85 5.78 6.24 1.24 7.01 8.74
1.38 5.33 9.82 4.98 5.85 6.46 6.88 2.98 5.51 9.16
2.44 6.01 7.34 2.21 2.60 5.36 2.37 4.40 4.54 5.72
7.31 6.44 3.31 1.54 2.99 4.47 3.63 3.66 8.37 5.57
7.92 1.95 1.36 5.74 7.39 6.94 7.33 8.10 1.60 1.53
7.60 3.84 7.31 6.62 5.52 7.09 6.87 1.35 1.61 6.26
8.69 1.60 1.20 6.52 5.58 7.54 1.46 2.36 6.13 8.61
1.88 4.17 4.02 8.19 8.17 8.70 2.13 9.31 1.09 8.45
3.77 1.96 5.69 5.52 1.30 2.31 6.31 5.47 3.19 5.43
7.15 3.05 4.98 7.01 4.19 8.85 6.85 7.40 9.20 8.30
6.50 3.27 1.54 3.04 3.09 2.15 8.79 1.53 6.50 2.10
1.47 4.81 7.20 9.64 3.42 6.25 8.71 5.14 4.74 5.74
5.60 4.89 5.17 2.52 9.65 4.31 5.37 1.23 3.42 9.40
5.52 5.58 3.98 6.87 4.78 9.73 4.54 6.76 6.46 5.21
6.30 2.00 7.87 9.61 4.76 5.52 5.46 5.86 7.89 5.40
4.59 1.94 4.74 2.73 7.11 5.57 2.90 3.66 7.80 1.33
8.61 5.28 7.64 4.07 1.54 1.90 5.00 3.43 5.39 1.56
1.20 5.37 1.37 7.89 4.23 9.87 7.99 5.47 8.91 6.51
7.40 9.84 2.99 8.07 9.02 4.60 9.92 1.37 2.14 2.98
9.23 6.98 6.23 1.16 2.22 3.96 2.23 6.18 3.88 8.45
2.52 3.31 8.92 5.84 2.55 7.90 6.31 4.00 6.51 9.51
5.59 2.00 4.93 3.18 5.42 7.21 4.11 3.18 5.07 3.12
3.83 4.59 6.18 4.40 4.86 9.44 5.76 8.60 1.20 4.82
1.46 6.62 9.25 7.65 3.87 4.01 7.18 5.39 7.75 3.14
6.58 9.74 9.30 4.36 3.85 6.48 6.79 8.11 6.59 1.39
9.12 6.98 7.43 3.22 3.43 2.04 1.63 5.79 2.24 9.65
4.27 9.55 1.56 2.54 5.00 1.89 1.90 4.68 5.86 5.55
5.51 1.83 2.83 3.01 3.80 3.58 9.50 4.09 8.03 6.32
2.07 5.65 3.96 1.01 3.06 2.51 1.27 8.24 4.08 6.94
5.56 8.48 8.13 2.17 5.92 3.40 7.55 3.45 5.32 6.85
1.66 7.35 2.64 2.70 8.71 3.42 8.50 8.83 6.02 4.20
7.26 9.43 7.35 6.79 3.55 2.54 9.11 3.59 4.87 5.32
2.31 5.22 8.52 8.15 6.17 9.77 2.72 4.07 5.40 2.96
6.13 6.58 1.18 6.20 7.16 2.35 2.58 5.17 9.47 6.78
6.51 3.23 8.72 4.64 3.06 9.66 6.96 6.29 4.32 7.40
2.08 5.66 7.59 1.87 8.84 2.81 7.26 8.11 2.85 8.80
2.61 1.87 5.47 9.18 2.68 7.43 5.22 2.52 2.18 6.01
4.56 5.35 7.49 3.92 9.97 7.96 8.19 3.51 3.69 8.17
2.41 7.25 4.84 8.39 2.25 7.55 1.22 6.26 3.47 4.89
6.85 5.57 4.09 3.27 2.90 4.32 6.20 3.40 9.73 5.06
6.01 1.77 3.66 4.02 6.56 4.94 5.72 9.50 5.08 9.53
9.56 3.82 8.13 3.42 9.05 8.65 9.34 3.31 8.21 5.11
9.51 5.33 4.72 6.81 2.34 1.72 5.95 7.09 7.11 1.61
2.72 2.26 6.30 6.25 1.16 9.32 6.90 8.63 6.91 6.36
1.68 6.42 2.96 1.38 3.29 6.94 5.38 7.96 1.93 4.92
6.78 1.14 7.20 3.59 3.81 9.17 9.96 6.03 1.34 4.53
6.95 2.34 9.06 7.86 4.26 2.78 3.11 2.63 4.50 3.94
9.21 7.61 1.38 8.08 4.03 2.93 5.25 8.37 4.98 6.48
3.03 2.29 8.84 6.63 2.34 8.02 2.45 4.81 5.88 3.25
8.11 7.81 7.80 5.22 6.08 2.78 1.70 1.16 1.54 3.31
6.49 5.54 6.48 5.32 2.13 3.53 3.57 4.75 5.66 6.50
3.48 2.28 8.24 2.65 7.83 5.63 9.59 8.74 7.49 9.21
6.72 3.85 8.52 7.17 8.96 4.87 4.40 6.27 5.56 9.47
5.33 6.59 1.72 7.59 2.66 8.87 2.46 4.92 1.20 6.28
3.63 5.93 8.92 6.59 5.96 2.03 5.43 9.34 2.27 4.32
2.18 8.81 5.69 9.68 6.65 4.45 1.08 9.36 1.57 1.39
2.35 2.18 9.11 9.50 9.36 5.60 3.55 3.49 9.50 8.75
1.63 3.71 4.31 4.93 6.68 7.81 5.29 4.52 1.91 3.70
7.62 1.82 9.42 2.87 3.02 1.26 2.37 4.03 5.02 6.86
5.37 1.47 9.88 2.29 7.02 7.84 3.32 6.75 5.15 8.68
7.83 3.78 2.04 1.22 2.02 9.28 3.36 7.15 7.04 6.64
8.35 1.86 9.18 2.41 7.72 5.06 9.14 4.08 3.53 9.81
7.14 3.24 2.47 2.04 8.42 6.40 4.93 1.15 7.48 3.81
9.13 3.70 6.89 6.31 6.59 9.95 8.36 4.64 9.42 1.56
9.47 7.39 9.67 6.55 7.66 3.33 2.91 6.74 3.01 4.42
1.49 7.66 4.04 7.24 6.42 3.34 8.43 1.93 3.11 7.03
2.50 7.50 6.14 9.30 1.22 5.90 1.25 7.66 8.10 9.93
6.85 7.73 3.35 6.60 1.90 2.46 3.99 9.79 1.56 1.68
5.41 8.10 9.85 4.57 2.97 3.66 7.38 2.29 1.92 8.44
1.60 8.68 2.45 6.57 3.43 7.79 9.75 9.21 1.57 7.22
6.86 8.07 2.70 4.56 9.18 4.43 3.48 8.21 1.48 8.24
1.05 6.37 7.75 9.06 8.35 6.74 6.43 6.11 7.54 7.35
1.66 7.78 4.23 2.17 9.79 9.38 9.77 5.27 8.66 7.19
6.72 1.03 3.74 6.30 1.13 4.91 9.86 7.35 2.31 9.73
8.72 9.03 9.14 6.36 4.20 8.72 5.01 9.35 8.06 9.60
8.64 9.60 8.06 7.84 3.97 6.29 5.96 6.93 6.64 1.87
2.89 8.29 9.61 9.83 2.55 2.42 3.24 5.42 7.35 9.59
1.01 8.38 3.46 2.11 5.90 6.59 5.75 1.58 9.62 7.50
2.77 2.48 8.33 2.48 5.13 1.88 5.39 6.32 5.33 6.23
9.22 1.56 8.55 8.04 6.08 2.62 2.40 1.78 6.15 6.12
7.17 3.93 1.48 8.87 1.65 4.37 3.46 1.25 1.96 7.88
3.84 3.52 8.42 2.23 8.37 5.28 9.25 1.95 3.64 7.09
4.46 2.21 7.31 8.77 6.56 8.14 2.25 3.62 8.70 1.89
3.69 6.47 5.88 6.91 6.80 4.97 5.10 8.05 1.85 6.54
6.02 3.73 9.79 3.85 4.36 9.81 7.40 1.09 5.22 2.89
8.56 6.58 9.34 9.68 8.20 1.66 2.15 8.45 4.88 5.20
8.30 4.35 4.08 7.13 9.57 7.09 9.03 2.19 9.56 2.31
2.24 7.16 5.90 7.01 1.27 2.10 1.62 9.72 1.78 6.88
4.64 4.92 3.64 3.88 2.16 7.19 3.55 4.88 9.71 3.96
6.24 4.75 2.61 3.99 6.43 3.24 4.89 4.50 1.92 8.05
7.66 8.16 2.21 8.67 9.95 9.62 8.81 8.83 7.09 6.07
4.14 4.10 3.72 9.36 3.08 1.78 2.18 9.57 6.54 6.47
1.60 6.95 8.50 1.24 1.12 7.73 3.06 8.31 5.85 8.45
2.33 4.20 7.45 8.22 2.80 2.21 9.21 6.85 5.95 3.63
6.52 3.32 7.55 3.20 9.07 3.74 2.22 8.14 5.31 4.41
1.22 9.78 3.06 8.06 7.49 4.54 4.58 2.41 9.52 9.11
4.28 4.19 8.72 3.03 1.98 3.71 5.00 5.60 7.13 7.25
9.17 7.66 6.41 5.97 3.90 7.14 8.35 8.99 4.22 9.65
1.05 2.82 1.07 8.85 8.28 1.15 8.48 9.48 2.46 7.45
4.37 1.82 5.54 8.98 6.78 5.30 3.34 5.27 2.26 6.34
6.63 4.77 8.02 2.03 8.46 9.70 5.76 6.27 7.06 4.38
1.90 6.15 5.64 5.08 4.68 3.36 7.75 7.72 2.24 6.81
3.60 7.34 9.93 4.49 4.81 1.79 6.81 1.47 5.86 9.35
5.64 4.15 3.80 2.33 4.21 1.64 2.78 7.01 6.95 8.06
5.85 7.21 5.93 7.81 3.12 1.47 2.05 3.73 1.66 3.29
1.31 1.03 9.64 8.17 4.14 6.22 2.67 5.47 7.03 3.63
3.01 8.08 5.42 8.54 4.25 6.35 7.84 2.55 7.63 7.79
9.11 7.96 5.00 5.25 7.62 3.92 7.34 7.22 1.04 4.05
4.26 3.84 1.88 6.95 1.23 4.26 1.49 7.07 6.19 7.19
6.54 1.75 7.75 7.55 7.10 2.78 4.55 2.16 7.21 8.89
4.30 8.38 4.69 4.26 7.15 3.78 4.42 8.70 9.09 8.65
9.46 2.52 8.01 7.29 9.57 8.73 9.25 2.00 6.36 5.67
3.06 7.24 8.38 6.44 6.12 1.87 2.75 1.20 3.05 3.71
7.80 7.84 7.82 9.58 6.17 1.96 5.71 5.86 6.90 2.26
1.95 3.31 6.64 4.18 8.26 9.97 2.11 8.36 6.20 4.90
6.26 4.54 1.11 4.82 1.38 1.05 9.37 9.21 5.67 7.72
1.65 2.55 4.64 9.31 5.18 3.81 8.77 1.12 9.17 2.75
8.63 4.64 5.28 3.12 3.62 3.25 7.79 1.45 6.97 8.72
5.47 2.93 8.09 3.89 9.49 3.93 1.76 2.40 6.89 5.06
6.61 9.21 6.16 7.86 5.23 5.75 7.65 2.79 8.27 5.34
3.26 8.62 4.62 7.96 9.41 3.56 5.70 5.11 6.53 4.13
2.97 2.02 6.00 9.26 1.41 8.05 8.84 7.32 7.37 9.88
3.74 2.00 7.97 3.42 3.42 1.66 2.24 7.13 3.33 1.89
2.51 6.44 1.64 5.37 9.26 6.23 4.52 3.91 6.65 7.06
4.66 2.72 4.36 5.54 7.53 7.30 1.77 6.24 6.99 8.32
5.31 2.88 7.79 7.69 8.68 5.01 5.77 1.11 3.38 3.66
3.17 5.93 6.87 7.20 1.47 8.22 1.02 8.26 9.99 1.50
7.98 8.11 1.12 3.57 3.55 3.45 9.11 6.34 3.26 4.99
4.20 4.87 3.68 1.76 8.99 5.75 7.69 4.22 9.66 5.24
6.06 4.11 3.23 5.29 7.63 9.54 2.48 5.59 3.85 5.72
7.27 5.58 2.72 1.78 3.42 5.58 2.44 3.44 3.04 1.91
9.82 6.05 4.04 6.12 1.77 5.40 7.99 4.57 7.86 6.81
9.07 2.71 7.93 7.23 5.09 2.54 6.76 1.82 4.17 1.06
5.36 5.81 1.49 4.04 3.47 7.87 6.60 6.37 1.24 6.28
9.18 9.63 1.98 7.30 8.14 4.02 7.91 4.34 5.20 1.83
6.91 8.69 4.28 3.81 7.12 8.65 5.63 5.33 6.68 5.00
2.88 7.11 3.64 6.77 7.38 4.41 8.73 5.89 7.51 7.92
3.77 3.77 5.67 4.81 9.73 3.86 2.57 2.48 3.26 2.87
5.99 8.06 6.46 4.10 9.22 7.52 8.26 2.79 6.27 5.63
7.97 4.07 3.48 1.29 9.79 8.96 7.92 2.99 7.18 6.36
9.31 2.79 4.16 1.60 9.70 2.59 5.88 8.18 5.34 7.95
7.00 2.06 2.37 4.25 9.01 3.80 5.52 3.86 6.82 1.70
9.43 2.08 7.27 6.28 6.52 2.71 9.20 5.18 9.55 7.46
7.21 9.51 6.29 1.81 4.12 5.88 8.80 1.66 2.41 8.62
5.02 7.49 8.85 5.42 3.19 6.98 6.04 7.60 8.21 9.62
7.24 7.73 6.72 9.81 6.79 9.00 2.63 4.05 5.93 4.99
2.36 8.21 1.42 7.19 2.38 4.91 9.29 8.27 6.80 5.37
8.00 6.93 2.70 7.76 1.57 5.13 2.29 8.44 4.03 2.82
1.50 7.20 5.30 1.06 2.70 7.36 3.40 2.97 2.26 2.47
8.20 9.88 6.13 3.55 9.27 8.35 2.70 9.49 2.30 8.51
9.95 3.57 3.19 5.78 2.92 6.89 8.81 3.10 9.97 6.28
3.00 8.14 6.72 2.35 9.31 3.21 3.56 3.10 6.40 9.17
6.28 7.77 1.16 6.63 1.80 8.10 9.07 4.27 7.44 7.75
6.40 9.44 2.31 2.37 5.34 1.63 6.91 8.19 4.00 4.19
6.77 4.59 4.65 6.75 2.93 5.41 9.38 5.40 8.33 5.85
2.71 1.69 5.04 2.85 8.73 6.10 5.46 4.15 5.41 1.20
8.15 3.74 3.33 9.76 6.23 2.69 6.18 3.80 1.11 2.27
1.58 2.21 7.72 7.07 7.07 3.41 3.16 4.27 1.29 5.26
2.11 7.59 2.82 7.23 1.26 8.24 7.17 6.85 9.14 4.07
5.56 3.38 4.89 3.26 2.32 7.03 9.58 1.36 8.58 8.78
9.05 5.55 4.47 3.80 6.96 1.47 9.32 9.98 7.17 5.85
6.73 1.75 6.12 6.30 2.48 3.34 4.97 3.92 1.21 7.39
3.23 8.67 8.74 3.06 8.82 5.50 5.37 6.53 6.84 8.10
8.22 9.41 3.23 9.19 5.61 9.89 4.55 2.16 7.81 3.80
2.69 6.31 9.59 8.74 3.45 6.85 1.93 2.90 1.18 5.43
4.06 4.77 1.18 3.10 8.17 8.29 8.71 8.66 5.75 1.85
7.78 8.36 3.02 8.12 9.37 4.94 7.46 8.53 2.90 9.80
8.84 9.40 2.08 2.74 7.35 4.97 3.95 6.40 4.34 5.51
7.93 3.98 3.26 8.17 1.12 4.43 6.85 4.91 5.99 3.52
9.74 7.15 3.73 6.58 1.23 8.44 3.08 9.83 2.56 6.83
5.37 7.34 2.12 8.86 2.76 2.73 7.52 6.40 7.65 7.03
1.20 3.42 2.36 7.54 5.37 9.66 6.20 6.32 8.11 1.45
3.11 6.30 9.00 10.00 7.76 3.81 8.31 4.18 9.17 7.81
7.00 6.89 4.39 3.10 7.18 2.23 9.83 4.51 9.66 5.13
7.28 6.51 1.36 4.16 2.87 7.33 8.75 1.22 2.44 9.51
8.52 1.96 2.67 4.26 8.51 6.36 3.76 8.47 8.49 2.83
6.85 4.46 2.12 8.26 9.59 6.97 7.12 6.57 7.85 5.53
5.73 3.66 8.06 8.45 4.56 1.76 3.89 2.73 9.74 9.51
4.30 4.45 2.93 3.09 6.97 8.68 4.80 7.87 2.83 7.19
5.89 8.61 8.25 8.03 2.97 8.71 8.82 2.23 1.19 7.73
2.68 1.87 8.29 9.05 5.35 3.79 1.09 2.19 4.50 6.16
8.08 6.57 8.85 2.44 5.28 3.56 2.44 7.65 7.65 1.31
2.75 5.19 5.12 6.69 8.63 8.32 3.32 7.94 9.92 7.02
5.23 5.35 6.57 6.39 4.73 1.03 4.11 9.16 2.06 2.44
4.53 9.22 7.29 7.75 2.42 8.15 3.48 5.50 1.16 2.15
3.88 3.45 9.99 3.97 1.16 5.31 6.03 9.82 3.05 9.84
5.89 8.14 6.24 1.27 1.67 5.18 8.00 4.89 8.06 7.66
4.68 9.18 3.87 9.97 8.20 9.20 8.13 9.16 4.00 9.69
6.86 9.99 9.01 5.53 3.44 5.68 9.78 4.40 1.31 2.25
4.15 3.02 5.37 1.64 1.43 7.43 9.66 7.57 1.67 5.98
4.96 2.38 4.67 7.39 7.20 2.59 8.87 6.13 6.71 8.63
9.78 4.93 8.33 3.00 7.81 3.92 2.68 5.53 9.01 9.13
1.12 3.00 9.57 7.14 4.74 9.82 4.02 1.34 6.22 9.52
9.21 4.06 1.13 6.21 5.86 6.05 9.24 9.81 5.46 7.90
8.29 9.33 8.42 1.12 6.14 4.76 1.57 5.48 7.95 9.09
6.73 6.12 4.20 8.96 1.97 6.65 8.70 8.63 7.82 9.30
1.66 2.40 2.57 9.91 3.56 9.10 8.71 7.04 5.33 5.72
1.86 3.16 6.73 5.48 6.94 3.06 6.22 1.02 5.01 5.50
4.18 7.63 4.96 8.37 2.75 3.45 4.68 6.05 1.57 3.77
5.07 2.66 8.58 1.39 2.94 1.93 8.65 4.83 4.02 3.74
5.81 8.33 6.73 9.56 2.24 2.40 8.29 7.98 5.01 2.02
3.51 1.76 8.34 1.40 9.56 3.59 9.21 4.43 8.94 9.66
1.13 4.20 4.47 4.05 6.62 2.17 2.64 4.64 7.89 8.02
7.17 5.58 8.34 8.01 5.20 3.46 1.40 9.78 7.83 2.06
4.62 8.18 4.53 4.73 5.26 7.05 6.76 7.82 7.42 8.09
8.69 3.39 3.45 6.49 8.88 6.90 9.98 3.04 7.79 1.16
3.67 7.45 9.75 3.18 1.57 5.70 7.88 9.02 6.48 5.02
4.82 6.08 3.66 8.93 5.64 1.03 8.14 6.69 8.83 8.46
3.41 7.08 6.25 3.81 3.92 8.82 5.48 9.24 2.71 8.86
8.35 3.91 6.56 1.86 7.30 6.04 9.95 7.08 5.85 4.61
6.99 8.00 6.42 5.10 4.30 6.64 5.59 2.10 8.65 3.15
7.74 2.83 1.49 1.74 3.72 1.89 4.33 8.68 6.13 4.88
4.76 3.52 1.73 7.18 8.18 1.39 5.55 3.50 6.88 2.30
7.40 2.28 6.21 7.34 9.91 8.07 7.71 6.70 4.56 4.33
4.45 8.76 6.78 5.57 3.63 2.34 3.15 2.10 4.26 9.97
2.19 7.53 6.36 1.88 4.28 4.20 3.85 7.20 7.53 7.59
9.81 8.21 5.26 8.67 5.63 6.34 1.40 7.13 7.87 6.33
1.29 5.11 5.11 5.02 3.68 1.25 5.98 9.16 1.50 7.27
8.33 8.60 1.78 9.98 3.04 5.91 4.82 7.70 6.31 5.87
5.73 1.59 5.78 2.79 3.23 6.63 7.02 3.44 3.64 1.55
5.39 8.09 5.59 4.86 2.71 1.45 6.61 1.44 8.16 8.46
6.76 4.99 2.90 9.38 2.20 6.56 7.23 7.44 1.11 2.48
7.79 2.68 9.88 4.44 4.46 1.88 3.81 9.49 1.82 5.66
4.78 1.65 5.29 5.81 10.00 4.78 4.97 6.31 8.65 9.79
5.06 7.70 9.12 2.81 2.39 4.73 7.49 6.30 4.32 2.28
7.62 1.96 1.61 9.24 7.98 8.26 5.85 1.89 7.30 7.97
5.99 9.15 3.20 4.10 2.21 5.06 1.41 1.74 7.10 6.81
4.98 4.18 4.29 5.45 3.08 2.66 3.94 7.95 8.05 2.55
1.79 3.87 1.94 2.44 8.85 8.19 9.53 1.28 5.90 4.57
4.74 8.11 6.48 5.47 1.81 8.41 8.87 4.33 3.92 3.47
1.23 8.00 6.29 3.55 9.69 7.88 3.51 3.94 5.90 1.41
4.64 5.80 1.71 2.00 5.91 8.68 4.26 7.23 7.63 7.56
4.15 5.96 5.99 9.62 9.12 3.26 9.64 5.96 9.41 1.45
8.89 6.51 2.39 4.47 8.72 7.64 1.79 1.38 3.87 3.62
5.44 5.83 2.40 9.61 4.22 5.18 6.89 8.21 8.46 7.12
1.59 7.60 5.24 1.36 9.01 3.05 7.32 7.63 3.86 5.09
3.92 9.44 2.47 2.79 5.44 3.22 5.81 3.84 7.60 1.41
7.77 3.55 3.72 4.44 4.22 8.84 4.58 9.18 1.28 5.74
9.93 7.75 1.56 9.21 4.32 9.62 9.87 7.32 3.84 1.56
8.75 5.78 2.66 9.37 7.77 5.23 3.76 4.97 8.06 7.79
1.42 3.47 9.94 7.78 7.66 2.30 6.70 7.58 6.84 2.25
4.24 5.18 1.69 1.83 8.31 2.33 1.56 4.63 7.13 8.05
6.38 2.44 2.61 8.00 1.33 7.12 8.43 3.21 9.21 2.93
1.34 9.78 8.26 8.09 9.38 1.70 7.86 4.23 9.43 3.84
1.36 8.75 1.07 1.20 7.98 5.44 1.60 1.84 2.65 9.78
3.51 1.90 8.96 7.77 6.72 2.08 3.02 7.54 6.50 4.85
1.08 5.65 4.32 2.57 3.66 7.68 8.26 5.15 6.61 1.41
9.43 4.39 3.93 8.74 1.41 9.88 6.46 1.37 1.29 1.76
8.09 4.08 5.02 4.02 6.56 9.76 1.20 9.15 7.44 2.84
1.14 6.06 7.90 5.05 9.91 4.51 5.61 3.31 2.37 4.12
4.07 6.32 2.31 3.26 2.36 3.98 3.54 1.67 1.74 3.04
8.66 3.10 4.42 2.64 4.41 5.87 5.95 6.90 2.81 5.08
3.65 1.20 6.34 7.82 2.31 4.39 8.17 3.05 6.21 8.93
6.59 2.98 7.34 6.79 5.32 2.59 6.93 1.30 7.84 8.28
2.88 9.62 7.33 8.87 8.59 6.03 3.58 7.47 5.59 9.00
2.04 5.03 6.39 9.15 7.82 8.60 8.12 5.76 8.73 3.26
2.09 1.94 4.37 6.27 6.61 8.19 1.63 5.07 9.75 6.44
7.72 4.63 9.23 8.73 8.50 2.30 1.60 7.68 4.27 6.62
8.48 5.76 4.27 6.03 5.89 7.08 2.62 2.62 4.81 2.36
6.47 2.77 2.92 8.48 9.27 4.17 6.89 5.96 5.57 1.85
5.05 2.39 1.30 8.37 9.90 8.18 1.87 1.96 8.40 6.97
4.54 5.24 1.81 7.37 1.98 5.71 5.52 1.43 9.83 9.67
5.02 7.94 6.22 9.67 7.53 4.82 9.28 2.06 4.34 4.21
1.47 9.13 7.12 6.82 8.73 3.86 8.62 5.25 5.47 8.47
9.06 1.09 3.72 4.47 1.10 4.09 1.23 7.42 4.87 7.35
1.05 2.83 7.92 6.19 4.92 7.87 3.10 5.58 9.72 1.71
7.08 3.14 3.18 6.20 6.88 2.81 1.70 3.43 6.22 6.89
8.66 8.92 7.54 7.97 7.46 2.00 9.84 2.94 3.64 2.71
1.94 2.90 5.06 5.30 7.78 6.19 4.59 9.56 8.42 8.92
8.66 6.23 4.35 8.78 8.60 8.75 7.73 8.17 2.41 6.45
8.01 3.70 8.98 3.68 3.13 6.92 8.67 5.05 4.03 7.43
7.30 5.89 8.26 4.62 7.81 1.38 7.79 4.85 3.34 4.44
9.73 1.92 1.79 6.71 9.67 5.89 9.23 9.90 4.54 6.51
1.01 4.01 4.81 4.71 7.37 7.01 6.84 3.07 8.33 8.30
4.99 3.26 7.56 7.42 7.50 9.77 8.54 2.10 1.13 2.82
4.17 2.93 9.55 6.95 4.01 8.99 5.87 4.40 6.13 4.19
7.11 8.91 6.68 5.37 8.49 5.10 7.46 9.58 8.70 2.50
8.66 2.65 2.42 3.45 2.78 2.53 1.51 1.88 3.81 2.39
3.75 3.00 7.47 7.32 5.84 3.12 4.30 8.44 9.96 6.18
9.25 6.69 9.62 8.12 9.47 6.20 9.74 4.20 1.10 5.94
3.56 2.13 3.30 7.02 9.04 6.21 3.84 8.59 7.90 8.87
1.53 8.77 6.47 4.04 1.83 8.98 6.71 5.70 5.82 9.78
2.31 3.41 7.65 1.93 4.47 8.34 5.72 6.37 5.15 6.57
1.06 7.64 5.57 5.39 9.85 6.55 1.78 5.54 3.16 1.21
2.85 6.79 3.38 5.14 1.23 3.37 8.19 2.02 7.22 6.01
3.28 8.74 6.51 8.55 7.09 8.33 6.38 7.55 9.62 7.01
2.09 4.63 4.08 7.12 5.34 6.55 7.54 9.66 6.94 7.35
3.69 3.22 6.88 8.61 2.21 5.06 6.85 3.34 3.93 3.11
6.41 8.15 6.70 9.30 3.12 3.97 8.07 1.65 1.33 5.99
1.01 1.14 9.32 4.94 4.85 5.91 6.02 5.57 9.64 8.59
5.30 4.83 3.98 9.50 4.37 1.38 6.42 1.90 7.60 1.66
3.17 9.72 2.86 7.65 2.90 6.39 7.67 2.20 7.52 4.08
6.00 7.05 9.08 9.20 6.18 6.08 4.33 9.99 3.13 5.66
5.35 4.78 4.69 7.98 2.59 6.65 3.19 5.33 2.07 9.93
3.83 6.00 9.51 7.13 5.28 4.50 7.28 1.67 1.47 9.29
3.29 6.57 1.65 2.31 5.99 2.62 5.40 1.07 2.06 3.53
1.61 1.82 2.63 7.16 1.75 5.34 9.20 5.23 2.61 8.15
8.07 6.44 6.86 2.94 8.08 5.31 1.30 5.70 3.99 6.55
1.52 1.91 5.85 8.55 6.44 4.63 5.63 5.31 2.40 4.37
8.51 2.79 4.16 2.12 6.58 8.39 9.05 1.28 1.61 1.37
5.74 6.27 7.80 6.50 9.34 7.93 7.99 1.20 5.52 9.86
8.13 6.01 5.65 9.59 3.49 4.77 1.49 8.33 2.56 4.06
1.93 6.13 4.39 5.92 6.63 4.28 8.05 2.15 5.68 1.62
8.94 4.83 4.42 3.11 6.24 9.18 5.71 7.84 4.34 1.55
3.35 2.58 8.97 3.69 4.20 7.54 6.13 1.93 8.37 7.81
2.43 3.44 6.03 1.87 4.79 7.83 3.69 8.59 4.24 9.17
3.47 1.86 2.61 3.23 1.12 8.66 7.85 4.52 3.86 6.29
7.32 3.13 4.37 5.23 6.00 3.64 3.74 7.57 5.17 4.39
9.20 3.58 4.86 1.40 2.78 3.37 9.91 6.58 1.75 3.73
1.69 9.27 9.87 4.39 6.57 6.25 7.06 4.17 5.62 2.95
7.25 7.40 9.94 5.05 3.46 8.06 6.93 2.89 4.51 2.82
7.71 7.30 8.71 5.52 5.00 1.03 2.92 6.59 9.70 7.97
3.00 3.50 1.02 6.21 6.34 3.11 6.98 5.61 5.66 4.23
1.46 4.70 6.61 6.53 7.11 5.66 1.98 2.56 3.33 3.16
9.38 2.15 5.86 2.87 8.10 1.28 4.49 2.61 7.92 4.85
6.20 5.18 4.73 3.27 9.55 1.70 4.21 1.34 7.80 2.63
3.36 4.62 9.61 3.37 5.14 4.71 9.04 5.72 3.87 8.59
5.32 8.06 5.67 1.08 6.29 8.93 2.55 6.01 5.61 8.80
1.33 4.35 5.87 9.06 3.69 7.59 4.01 4.18 6.53 8.55
3.39 5.39 2.23 2.02 5.13 3.88 1.31 8.17 1.68 2.73
6.10 3.39 9.68 9.44 5.26 6.79 7.58 5.49 2.48 4.43
6.79 4.08 6.96 4.60 4.13 6.57 9.11 5.96 2.00 1.97
1.66 8.06 8.12 1.93 1.25 7.08 4.29 2.42 4.62 9.82
4.55 8.17 6.79 4.62 5.19 5.40 2.92 2.24 4.08 7.55
1.79 8.85 8.01 5.80 9.15 5.08 8.11 5.53 3.21 7.75
1.11 9.64 3.80 5.63 3.49 1.08 5.42 9.10 6.04 5.90
3.63 6.53 9.02 3.23 8.13 5.52 1.13 3.19 3.52 1.64
7.57 9.70 4.96 8.22 3.11 5.12 6.84 1.64 2.84 6.38
9.31 7.60 2.49 5.75 7.41 6.15 1.61 4.30 2.16 5.10
8.96 2.02 2.60 6.59 2.48 2.18 7.65 8.10 1.68 5.75
6.90 4.13 1.19 7.14 1.74 9.21 9.21 9.13 6.23 5.05
8.21 2.33 8.92 6.59 6.10 4.68 6.92 4.68 1.27 1.76
4.29 1.97 8.67 2.47 5.18 3.68 9.50 1.82 5.09 5.72
5.69 3.72 6.14 5.99 3.60 1.80 3.13 6.77 2.60 3.03
3.62 6.62 9.88 1.65 9.65 2.02 2.55 4.66 7.54 8.43
8.01 5.46 1.53 9.20 6.57 7.80 4.76 5.91 6.27 9.19
3.22 2.65 8.03 9.11 2.14 1.60 6.38 10.00 4.73 7.23
8.56 9.25 7.88 9.39 9.24 3.88 3.60 4.48 9.40 7.87
7.98 3.96 9.84 7.44 1.88 7.84 7.57 8.77 6.05 5.17
8.91 7.83 5.34 4.35 1.39 9.86 3.06 3.41 2.43 5.63
6.98 4.76 5.81 4.45 4.24 4.44 5.69 6.94 5.23 4.90
8.64 6.99 7.16 7.01 2.91 2.73 4.27 5.10 4.92 2.04
2.69 5.45 4.92 4.10 5.66 7.11 8.88 7.88 8.21 3.20
7.18 3.18 3.70 2.21 9.39 1.53 8.67 3.48 8.13 1.05
1.21 2.27 6.41 7.44 6.68 6.98 8.64 9.17 8.61 3.75
4.33 8.73 8.03 2.13 5.54 9.83 2.63 1.50 6.57 4.35
3.92 5.58 7.10 4.60 8.76 7.07 5.75 3.89 5.33 2.83
2.80 6.29 3.67 2.21 8.70 6.48 3.15 4.78 3.31 1.85
4.87 9.09 7.24 1.77 5.48 3.42 2.03 8.63 3.64 2.97
9.41 8.72 1.83 7.96 4.26 5.26 2.07 1.40 6.13 10.00
7.05 5.32 3.59 2.30 4.24 3.95 7.49 8.78 2.36 3.56
8.06 7.51 2.63 9.31 5.16 3.95 4.82 4.09 1.79 1.65
2.73 8.53 7.86 7.16 8.06 1.25 5.25 9.90 8.52 2.61
9.36 7.81 3.53 2.05 6.06 5.21 3.73 4.86 1.81 4.16
9.56 2.46 2.45 6.68 9.63 9.95 5.80 8.82 4.41 3.02
3.12 5.09 4.06 1.34 1.41 6.29 7.64 7.98 9.06 3.53
4.71 6.59 6.83 3.77 2.59 1.31 9.52 9.93 6.70 8.93
4.81 5.18 3.42 6.76 5.13 8.63 1.92 4.28 4.27 4.78
3.60 3.84 3.68 2.96 9.14 7.92 8.95 1.55 9.96 4.42
4.84 7.31 9.45 7.37 1.50 1.49 2.29 1.09 6.59 8.79
1.83 7.22 4.76 2.95 3.23 4.69 9.08 4.61 9.75 7.45
7.52 7.84 2.81 9.34 7.94 6.19 7.25 4.50 3.20 9.39
9.81 6.23 8.41 5.19 1.77 1.41 6.19 4.72 6.28 5.90
1.20 5.39 9.58 7.35 7.41 8.22 9.17 1.84 6.20 7.53
2.13 5.63 3.18 1.14 9.81 4.53 5.28 1.40 2.00 9.46
3.23 5.72 2.93 1.80 9.45 8.06 8.79 1.59 5.09 7.53
2.03 6.11 1.19 8.40 1.28 4.93 2.43 2.16 1.13 3.13
5.29 2.65 7.00 3.24 4.36 6.30 2.53 2.41 7.81 8.74
1.54 4.75 4.02 3.03 4.46 7.90 4.86 4.14 5.32 2.83
8.39 4.57 2.53 8.33 7.58 9.63 1.33 6.66 4.22 7.74
6.27 9.29 6.63 5.64 4.99 5.17 2.38 7.07 4.57 8.85
8.68 4.77 5.43 2.43 6.91 1.27 9.99 2.05 8.91 5.34
2.80 3.65 3.93 2.48 2.32 8.19 1.83 5.96 7.79 3.37
7.92 1.23 7.37 4.27 9.08 4.17 9.23 5.04 6.10 4.47
6.99 6.54 5.33 2.81 3.11 9.44 4.08 3.93 9.00 1.94
8.57 9.24 7.10 3.41 5.57 8.03 6.23 8.84 7.75 4.36
2.74 1.44 3.67 3.80 2.31 1.25 7.68 6.97 3.70 6.65
8.17 5.33 1.29 9.69 4.72 9.20 8.20 8.74 1.63 5.33
4.23 4.65 9.30 7.38 9.88 5.81 5.34 7.99 7.78 4.37
6.67 6.21 9.60 4.13 8.27 6.46 3.96 4.85 8.04 4.03
2.32 9.37 6.15 3.69 4.02 3.55 5.01 9.62 1.72 5.25
7.92 1.30 1.87 4.95 5.07 6.60 7.97 7.12 6.52 2.76
7.27 9.04 3.56 2.54 9.53 6.79 8.99 1.66 5.98 1.59
4.96 6.59 8.92 9.70 3.75 7.40 9.24 2.16 8.76 6.64
9.05 6.73 2.88 2.87 1.81 1.81 2.67 7.59 4.93 8.35
9.93 6.29 1.83 3.88 3.80 1.86 5.61 9.16 9.55 9.29
9.97 9.37 6.29 9.59 4.28 2.76 5.87 3.58 8.57 3.48
2.71 3.72 8.61 4.47 3.70 4.22 3.23 9.92 3.85 5.81
2.05 4.00 4.02 6.54 4.70 1.65 3.17 7.67 8.27 5.24
3.66 3.28 8.79 3.10 8.12 2.65 7.56 6.28 1.35 5.93
4.46 1.34 2.80 3.08 9.70 3.94 3.88 8.71 4.55 4.79
6.35 1.11 7.43 2.60 3.58 4.66 8.38 2.63 9.45 1.93
3.47 9.38 7.48 1.86 3.67 4.60 1.16 3.12 3.84 6.19
3.64 6.75 3.17 6.54 1.75 7.95 1.84 2.58 7.25 9.34
4.55 6.36 4.59 8.73 1.26 9.73 2.77 7.48 5.93 1.83
1.41 8.86 6.14 1.88 3.46 8.73 2.83 5.25 5.48 8.37
8.41 3.02 8.01 9.78 1.77 7.83 9.46 2.37 4.37 2.43
3.62 1.43 2.44 8.37 8.75 7.91 3.41 3.25 1.64 5.12
3.06 6.39 8.93 5.21 5.03 4.00 3.46 8.99 1.86 2.01
9.57 3.73 6.30 3.71 6.64 3.35 4.50 8.94 5.95 9.18
4.75 6.57 4.81 4.96 3.14 4.93 7.67 8.92 3.44 7.37
8.08 1.47 3.52 5.34 8.68 7.34 2.46 5.60 4.63 2.49
2.34 1.49 1.99 6.29 9.10 5.42 8.55 6.30 7.71 1.92
9.20 6.07 2.14 2.33 4.05 2.63 6.28 9.48 2.98 6.06
6.91 4.54 3.15 9.19 2.72 9.07 7.05 2.53 1.26 8.24
1.39 7.08 9.10 8.05 6.33 9.53 5.36 1.88 8.28 2.18
1.30 3.37 6.34 8.72 5.95 8.62 2.93 9.33 3.38 4.59
4.62 1.22 5.13 6.46 8.92 9.84 1.29 5.96 2.62 1.44
9.34 7.14 9.81 5.63 6.96 7.58 9.46 8.13 5.77 2.42
5.81 9.23 3.94 5.11 5.92 4.79 3.18 6.14 3.00 8.24
7.26 4.39 5.47 4.19 7.81 7.99 7.71 3.89 6.64 6.71
3.34 4.48 7.56 8.97 1.62 3.66 4.59 9.04 9.53 5.67
2.55 9.76 8.48 5.82 1.63 4.68 8.78 4.27 5.76 4.59
5.80 5.13 8.13 7.14 5.07 9.18 8.30 9.37 9.83 7.58
4.21 2.49 8.53 3.93 3.87 8.05 4.63 9.15 8.98 9.95
5.37 7.48 9.07 5.24 6.59 4.07 7.51 3.01 1.40 6.70
6.12 6.69 8.35 7.51 5.25 2.60 2.81 1.27 1.66 6.19
6.15 2.58 5.04 9.67 4.91 6.17 5.27 8.26 4.89 7.97
8.33 3.02 9.59 8.10 3.48 2.91 9.16 9.99 4.62 3.71
8.23 7.55 5.77 4.07 6.67 4.09 1.60 7.57 3.75 5.51
7.43 3.73 4.18 7.10 5.27 9.16 7.75 7.59 8.16 2.50
9.99 6.26 7.82 2.07 4.35 9.04 6.58 9.64 8.97 3.14
3.82 8.70 7.23 9.96 6.39 3.82 3.58 6.13 3.81 9.93
5.89 9.07 6.55 1.72 5.68 8.99 4.29 9.62 2.33 1.83
6.24 3.18 9.64 4.93 3.33 6.45 4.90 9.36 3.44 3.68
6.92 8.61 2.87 8.63 6.09 7.60 1.67 7.80 9.44 5.26
6.71 5.64 5.35 2.12 5.21 1.22 9.68 2.77 5.18 7.81
2.73 7.56 1.39 4.48 7.14 6.84 9.65 9.50 1.59 6.58
1.49 2.48 4.55 5.48 2.19 9.29 9.23 2.48 4.52 1.26
6.95 9.99 1.25 8.81 2.89 2.82 5.76 1.82 1.52 8.80
7.25 9.52 5.50 2.47 2.74 2.94 1.50 9.82 7.14 2.22
6.85 4.58 2.83 3.97 5.85 4.85 3.01 1.39 9.16 3.46
8.63 5.78 7.21 4.26 2.56 8.90 1.35 3.02 8.26 3.68
7.96 9.63 7.75 1.78 8.98 9.53 1.67 3.45 7.51 7.10
4.45 6.42 2.76 2.32 4.32 9.61 6.19 9.79 9.53 5.80
5.82 8.27 8.75 9.66 6.49 6.50 9.29 8.70 6.80 2.74
9.85 6.52 6.39 1.08 2.73 5.69 3.36 2.39 1.00 9.72
8.68 6.62 8.40 3.62 2.56 5.05 1.93 5.62 6.02 1.09
5.16 2.95 6.10 4.59 2.70 5.71 3.96 8.43 2.15 2.87
6.22 4.03 2.66 3.56 2.63 4.52 4.94 5.41 5.25 4.57
6.56 4.12 2.00 7.16 3.67 1.49 9.97 6.73 6.95 8.39
7.89 5.62 5.34 3.11 9.68 4.18 2.36 6.73 2.49 9.43
7.53 8.61 9.36 5.00 9.47 9.94 8.91 8.46 6.32 5.47
2.10 9.35 7.89 7.04 5.37 4.40 7.29 3.24 5.77 4.09
9.61 9.04 4.88 9.46 1.18 2.47 1.57 3.58 7.69 4.15
3.45 1.91 6.04 9.36 7.46 3.01 5.64 4.18 2.33 5.97
2.83 3.75 3.64 7.78 7.31 3.51 9.03 2.47 6.03 7.14
2.88 9.82 7.74 8.54 4.03 5.21 2.14 6.69 9.21 9.72
7.75 7.67 3.25 7.39 5.91 1.67 3.72 4.43 5.77 6.91
1.19 4.85 5.65 7.00 6.57 6.13 9.91 9.91 9.69 6.99
6.31 2.25 4.07 4.71 5.29 7.10 4.06 4.07 2.57 7.50
8.35 4.64 2.83 9.27 4.21 2.92 2.53 2.16 1.99 2.75
8.72 1.72 5.30 1.79 4.46 1.70 6.29 8.20 7.91 1.01
5.09 1.56 2.40 4.58 2.20 7.16 2.15 4.25 9.76 9.51
1.27 8.38 3.99 1.58 4.91 3.83 2.48 5.73 5.81 3.50
4.14 5.46 6.21 8.85 2.57 7.03 3.14 7.54 8.38 5.83
7.20 1.30 4.21 5.34 5.64 8.19 9.00 5.99 3.83 9.11
7.17 6.91 4.32 9.53 3.86 8.38 6.89 4.16 6.89 1.62
8.24 6.87 7.01 2.94 9.15 9.52 5.26 5.16 6.40 4.60
4.94 4.28 6.59 2.17 2.61 3.96 9.75 9.02 4.97 2.72
1.24 7.10 8.89 8.12 5.26 8.56 5.51 4.72 6.86 9.35
3.05 8.88 1.85 9.27 1.68 9.64 4.26 2.93 6.16 3.77
5.35 5.15 4.96 6.76 4.09 8.58 7.54 5.45 5.18 1.47
5.64 2.14 1.22 4.55 8.75 7.82 7.29 1.87 4.21 2.59
7.78 2.92 1.82 6.37 9.34 6.60 6.71 5.10 5.00 3.92
2.63 4.23 4.00 6.02 3.34 6.97 2.65 5.27 9.06 2.79
1.61 1.59 1.48 9.28 1.11 5.38 9.50 6.42 8.36 3.19
2.49 6.64 1.74 5.86 7.91 7.55 6.63 9.32 9.29 1.88
2.22 5.96 6.84 2.18 3.14 9.03 1.34 6.76 6.32 1.29
8.63 8.46 5.28 5.71 7.45 1.95 9.53 1.45 8.80 7.09
7.48 2.89 1.25 7.26 2.14 7.57 3.11 5.70 6.42 3.27
6.23 3.94 9.72 9.93 9.94 2.26 9.43 9.54 5.55 5.74
7.77 2.39 8.08 9.82 1.98 5.45 5.62 2.03 9.14 1.78
3.29 5.35 6.77 6.34 6.01 8.08 6.83 9.76 7.04 4.15
9.96 7.25 5.20 8.31 1.58 7.10 4.62 3.55 4.27 4.64
1.56 6.81 8.66 5.77 3.06 1.09 1.55 4.26 6.18 3.61
1.14 1.95 8.95 9.86 1.85 3.52 6.35 3.17 1.11 6.16
3.41 9.46 5.56 6.80 1.99 5.74 1.54 4.32 6.33 3.06
5.02 8.99 7.05 7.07 4.59 1.05 1.66 9.85 7.22 9.42
5.42 5.07 9.88 3.55 4.00 6.44 2.82 1.39 3.59 8.56
4.25 9.77 6.04 7.56 5.48 9.09 2.75 9.06 7.44 9.49
6.22 7.35 8.43 8.90 4.54 9.41 7.46 1.88 5.88 5.42
9.63 9.52 4.90 5.89 9.28 5.76 2.98 3.62 1.28 3.44
1.64 8.24 4.84 4.36 2.64 5.20 6.86 5.95 8.59 2.62
3.51 2.26 4.84 2.64 7.79 5.82 3.81 4.18 8.03 6.28
4.67 7.07 7.10 6.48 9.28 5.82 7.99 6.33 4.52 8.45
6.43 4.86 6.33 3.17 6.63 7.20 9.07 3.53 6.31 1.98
7.41 5.60 8.10 9.04 2.61 9.17 2.32 8.07 8.96 1.86
2.66 8.00 2.47 2.96 3.71 7.93 4.03 5.02 3.67 3.83
4.26 7.06 6.80 2.96 1.11 9.81 7.76 4.46 6.75 1.81
4.07 1.68 1.94 7.02 1.22 3.42 8.10 7.04 5.52 7.38
5.86 9.23 1.60 6.23 7.23 2.67 3.77 7.01 7.47 1.50
3.77 7.73 3.24 8.43 6.68 8.37 1.52 3.38 4.44 9.86
4.68 5.33 7.95 9.91 7.81 6.43 8.16 8.20 2.31 9.43
9.55 3.70 9.92 2.50 2.17 4.74 6.69 3.20 1.63 9.12
1.84 3.66 1.92 8.07 1.94 4.46 8.41 8.58 6.59 3.46
3.42 7.66 6.85 7.79 8.21 6.48 4.35 5.32 5.17 9.10
9.38 6.59 2.54 3.66 8.24 3.22 5.36 7.50 7.90 8.80
2.67 2.95 8.61 5.76 8.95 6.71 3.02 7.38 1.47 2.39
1.23 2.75 5.26 4.86 9.54 5.80 5.04 8.47 9.53 6.49
3.97 4.82 8.03 7.11 6.13 1.99 4.91 3.64 3.28 1.81
1.29 6.62 4.51 8.62 2.00 2.18 5.28 5.83 1.74 2.10
8.68 2.87 4.21 6.56 2.45 2.31 1.66 3.13 4.97 5.01
1.62 3.07 4.92 1.95 8.35 3.60 7.78 3.54 1.09 8.92
3.79 5.12 3.34 3.88 3.44 7.06 3.28 3.74 6.74 7.44
7.90 8.58 5.49 5.40 8.06 3.44 4.78 7.60 6.59 8.94
4.71 3.28 8.69 2.82 8.81 7.01 2.58 4.88 4.58 5.76
8.70 6.18 2.81 8.59 9.03 6.49 6.40 1.09 8.32 8.43
3.28 2.91 7.08 2.64 8.60 6.90 9.20 4.20 6.71 1.11
3.04 9.77 9.87 6.30 7.57 7.14 2.27 6.01 8.59 1.91
2.69 4.07 3.27 5.58 4.47 1.95 9.18 8.35 7.16 3.03
3.49 7.56 1.16 8.36 3.97 7.32 4.91 9.47 5.86 2.04
4.07 2.23 3.70 1.83 3.96 5.25 4.79 6.63 5.30 4.63
6.55 5.98 2.72 9.05 3.39 5.25 4.60 1.01 3.31 8.21
1.55 5.94 2.13 7.57 9.52 5.28 1.10 3.29 5.45 8.72
9.41 3.25 5.38 5.65 9.96 9.34 5.61 8.09 3.99 5.32
4.91 6.23 6.59 4.73 6.59 7.23 7.26 8.84 5.58 9.60
9.93 3.08 1.60 8.34 8.44 4.68 8.84 6.36 1.38 2.50
9.67 9.71 1.95 3.95 1.63 7.60 8.74 1.17 7.58 3.55
8.08 1.89 4.62 1.86 7.01 6.77 9.67 3.35 1.59 7.35
7.23 1.23 3.02 1.82 2.45 6.65 7.98 5.80 8.05 3.90
5.81 9.96 6.37 4.55 6.93 8.20 8.01 6.03 7.40 5.00
2.41 1.32 2.83 6.66 9.00 2.75 3.13 6.05 6.03 3.98
8.66 4.42 8.84 3.68 5.39 5.75 6.88 2.00 3.62 5.86
5.64 8.24 2.19 6.48 3.48 2.52 3.05 5.44 4.25 4.44
5.59 2.81 9.00 9.88 5.47 7.08 9.33 1.33 8.02 9.43
5.53 7.56 4.62 5.05 9.97 5.99 3.61 3.19 4.99 1.73
5.30 3.31 6.43 7.68 5.28 8.27 5.73 2.47 3.93 4.63
4.16 3.91 4.03 2.97 9.64 4.45 4.10 7.97 1.30 3.30
3.47 6.43 4.74 3.95 1.95 2.73 3.68 9.99 9.03 3.58
3.73 1.11 4.18 7.77 1.90 2.08 4.74 7.42 3.61 6.87
7.60 6.33 6.82 7.99 8.26 4.39 3.89 9.73 8.03 3.78
6.89 6.60 1.44 9.15 6.78 8.34 6.78 3.74 2.22 3.88
1.15 1.71 8.19 8.86 4.31 6.01 2.65 7.67 9.64 1.67
8.37 8.17 2.09 5.46 3.31 2.56 8.73 7.92 5.00 6.88
2.94 2.46 3.17 7.99 9.37 6.16 5.96 2.31 9.68 6.15
5.33 8.46 4.45 9.63 9.06 5.91 4.60 3.69 5.16 7.07
1.41 5.96 2.60 9.23 4.13 8.67 4.57 1.52 8.08 1.21
6.35 6.96 6.29 5.17 1.44 4.52 5.86 9.02 5.51 4.79
5.07 1.23 8.74 6.11 7.38 1.59 6.34 7.80 1.99 8.74
9.77 8.62 2.36 5.50 1.82 5.46 4.16 4.83 3.29 6.41
3.15 2.05 6.88 7.72 4.99 3.50 3.44 2.96 7.18 3.15
9.15 4.92 5.03 4.38 3.54 7.39 9.18 9.53 2.75 1.95
7.55 5.78 1.63 7.36 3.61 5.21 6.96 2.16 2.99 2.73
5.09 1.76 8.75 1.77 5.85 6.89 4.44 7.51 7.11 5.37
7.90 3.86 2.32 1.66 9.83 5.80 5.87 6.57 8.82 3.46
8.31 1.17 9.52 2.37 1.24 8.63 9.98 2.58 3.93 5.79
3.65 3.30 6.08 2.89 1.40 1.48 2.77 9.26 2.78 4.06
9.44 8.39 7.78 9.03 9.56 8.53 8.12 9.17 3.18 1.69
1.54 1.93 9.80 3.86 4.69 1.56 9.11 4.02 9.40 2.48
5.68 3.22 2.81 8.64 7.31 7.81 2.46 4.94 9.31 1.26
7.12 5.41 8.18 2.63 5.45 9.20 8.60 7.45 8.72 7.65
6.62 6.80 2.71 4.73 1.34 5.33 6.20 3.33 5.97 7.02
5.18 5.98 9.65 3.41 9.33 4.16 3.46 4.41 6.50 5.48
9.51 1.49 8.79 4.06 6.33 2.89 2.98 2.52 5.66 3.24
1.22 8.43 1.45 1.07 6.69 2.22 5.46 4.11 3.37 8.04
2.43 8.46 8.40 8.96 5.24 5.84 9.20 7.93 8.41 7.88
9.66 4.49 4.06 1.67 7.26 7.57 8.43 8.49 5.00 9.48
8.90 9.78 9.75 8.25 1.95 3.33 6.97 4.56 5.70 1.72
2.33 4.33 7.22 9.52 6.79 5.82 5.29 8.53 9.20 6.08
8.23 5.36 8.51 2.41 1.55 5.11 8.17 4.23 3.72 9.78
4.01 8.67 1.07 4.15 8.51 6.09 9.52 3.46 1.90 3.38
6.56 8.46 7.01 8.55 5.24 7.69 3.34 6.35 2.36 9.50
5.60 4.04 2.62 7.74 5.23 8.08 3.44 7.31 7.31 3.49
5.96 9.87 5.36 4.51 5.84 5.92 8.04 4.72 6.89 9.42
9.71 7.65 3.63 2.08 1.99 5.95 2.04 4.05 7.02 1.14
2.09 2.26 5.12 1.09 2.73 2.34 8.53 1.37 2.68 9.09
2.34 2.47 2.97 8.10 1.03 3.24 8.58 2.26 6.79 6.25
2.27 1.61 5.85 2.06 4.34 4.52 3.52 1.83 6.22 2.30
7.85 5.90 7.93 7.37 7.30 6.57 1.57 4.57 3.12 2.16
9.41 4.19 8.41 6.09 2.72 2.83 5.11 7.07 5.53 8.89
5.74 1.70 9.41 5.88 8.38 6.74 3.39 7.90 2.03 8.63
5.09 9.28 5.31 4.35 4.85 6.11 7.90 2.04 8.20 2.22
9.99 4.90 6.73 9.04 8.38 8.72 8.69 7.85 3.99 3.86
5.15 8.04 5.64 2.14 6.00 2.93 1.29 3.76 6.82 2.02
4.07 5.07 5.10 6.74 1.84 8.71 3.91 2.93 8.15 5.32
2.49 8.72 8.14 9.25 1.06 1.66 3.17 2.74 7.43 2.98
9.21 6.56 2.62 4.49 2.89 2.47 3.28 8.52 8.56 1.76
9.70 6.75 3.06 3.73 1.01 2.87 2.14 4.26 6.66 6.00
4.05 4.17 6.61 7.84 3.51 3.81 4.46 6.22 4.62 4.86
4.70 5.36 2.89 9.27 8.80 2.46 3.85 3.12 3.59 7.55
2.96 8.82 6.18 2.46 3.95 9.80 7.46 3.08 5.05 9.17
4.56 8.78 7.49 7.87 6.84 7.15 2.52 1.90 3.19 9.48
2.59 5.85 3.79 7.20 3.58 9.44 9.83 1.28 2.61 9.03
4.72 1.95 9.69 4.62 7.02 7.08 7.94 8.66 4.49 3.51
6.75 4.81 7.21 3.87 8.01 3.26 6.12 6.82 5.63 5.73
5.15 8.37 1.85 6.91 6.53 8.55 2.00 8.70 8.83 1.20
4.10 3.82 4.91 6.89 2.13 2.74 4.84 3.25 6.19 5.28
1.75 1.56 8.44 5.40 9.00 6.20 9.19 5.38 4.10 4.63
8.95 1.20 8.16 5.80 7.84 8.25 9.27 2.21 7.63 3.63
5.29 8.21 6.70 8.25 8.20 8.82 7.37 2.13 5.34 6.35
7.80 2.84 6.21 2.01 4.68 4.74 3.45 5.96 3.75 4.41
6.42 7.91 7.49 2.86 8.28 6.42 9.03 9.57 4.69 8.36
8.69 7.45 1.69 2.36 4.22 1.35 9.36 4.73 3.80 2.92
4.34 8.54 4.09 1.93 1.48 7.16 8.77 7.06 8.57 2.73
5.79 7.71 8.27 8.69 3.79 1.99 6.32 6.73 9.33 9.80
5.96 8.11 5.84 1.43 5.57 1.25 2.74 9.24 4.23 9.82
4.33 9.75 3.59 6.47 1.83 8.70 8.54 9.67 3.87 6.63
9.99 6.53 1.24 7.71 8.20 1.33 2.34 5.88 3.65 7.27
3.05 4.75 3.39 3.62 9.28 9.50 7.55 5.10 3.67 1.38
7.95 2.55 3.03 4.98 8.20 5.81 5.53 6.52 8.71 8.14
4.40 8.80 9.72 9.69 5.08 6.52 3.45 9.84 5.91 2.75
6.36 9.98 3.40 9.43 4.95 6.28 6.48 8.48 8.60 4.22
3.64 8.77 7.51 5.23 7.30 1.06 5.04 9.85 9.27 4.00
6.23 8.46 6.85 7.01 6.93 7.52 3.36 2.48 3.11 1.28
9.94 7.82 5.69 2.07 8.35 5.18 7.20 7.57 3.38 1.75
3.30 6.05 4.33 9.63 8.05 7.78 1.27 8.29 3.44 8.58
5.54 6.61 9.06 9.12 8.52 5.88 1.63 9.49 6.01 4.19
5.19 9.41 7.46 3.20 7.10 4.11 6.64 8.92 1.45 5.54
2.76 5.80 5.39 5.07 3.35 6.47 8.47 8.40 4.32 1.57
5.41 1.76 6.96 9.11 9.87 5.09 3.85 8.51 7.37 9.43
2.12 7.93 2.35 1.11 1.02 9.38 5.42 4.61 1.80 9.72
4.23 2.28 2.04 3.74 4.34 3.07 8.77 8.19 7.14 4.08
5.16 5.63 6.01 6.14 6.55 2.98 9.51 7.05 3.19 7.54
2.43 4.61 3.63 4.16 3.80 2.76 5.74 8.87 8.04 7.89
5.70 5.26 5.24 1.41 9.77 2.72 5.61 1.55 10.00 2.14
2.79 9.97 2.22 4.45 4.28 9.41 8.79 1.04 1.86 8.15
9.98 9.62 8.88 3.22 3.84 1.62 6.98 8.53 7.09 2.60
7.23 5.37 1.61 1.68 8.42 6.52 2.57 3.54 4.50 2.90
8.45 7.74 6.43 6.00 2.63 1.03 3.32 7.52 7.80 1.95
3.13 4.25 9.98 6.95 1.12 1.65 1.71 7.04 8.80 1.29
1.28 4.80 8.83 6.44 8.22 4.57 3.20 6.56 1.97 8.22
5.33 7.31 8.49 1.74 6.77 7.95 7.33 3.69 1.51 1.03
4.74 8.46 5.14 8.90 3.57 9.86 9.43 8.70 6.68 7.99
4.41 6.54 4.20 1.30 2.88 3.18 9.66 4.89 5.42 7.49
5.44 7.48 2.08 4.47 6.71 1.04 1.89 3.14 5.98 8.89
6.74 8.41 2.30 4.19 5.65 5.95 3.08 6.46 9.13 2.96
6.33 3.39 7.14 9.42 4.48 2.83 7.50 8.27 3.60 6.82
5.03 7.47 7.54 5.11 2.98 8.14 9.87 7.31 8.16 8.60
3.34 1.94 3.69 7.16 9.08 1.70 7.89 7.75 5.59 8.97
8.07 7.40 7.86 3.96 7.38 4.64 9.15 5.82 3.64 9.46
6.78 8.78 8.59 8.19 3.82 3.71 7.76 2.76 7.57 6.32
5.51 3.86 4.81 8.37 5.06 3.66 3.39 9.48 7.94 5.21
7.94 4.19 9.69 8.20 9.25 1.55 1.85 1.45 6.82 4.78
8.92 9.40 3.60 7.24 4.70 1.89 3.90 3.44 1.97 7.44
9.78 3.43 5.35 9.03 8.98 3.87 3.14 7.37 8.06 9.92
4.62 8.36 7.24 4.94 7.93 3.32 9.42 3.06 1.11 2.59
2.03 4.29 1.35 2.12 4.75 9.94 1.60 7.55 2.40 1.83
3.40 6.36 4.50 9.33 7.87 1.21 7.63 5.45 2.18 2.88
1.82 8.29 1.81 1.31 6.26 8.95 7.99 7.92 5.53 7.94
8.88 3.48 1.65 9.46 2.97 6.69 6.00 3.87 1.44 4.43
4.07 8.44 3.58 5.85 3.42 2.59 2.52 5.50 8.00 1.71
9.48 8.21 7.03 3.10 9.84 8.84 4.98 7.52 6.16 2.57
2.77 8.72 3.60 5.77 1.52 7.14 6.82 6.49 7.20 2.86
7.87 2.03 6.72 9.08 9.21 2.28 3.75 7.41 1.11 2.06
9.43 1.98 6.07 7.02 1.10 9.91 5.37 9.05 3.83 2.83
1.54 8.73 9.90 5.24 9.03 7.48 2.85 2.93 5.77 4.76
1.20 8.89 6.30 1.30 5.94 3.52 8.17 6.28 9.89 3.06
3.11 9.06 1.51 5.44 7.53 5.90 8.44 9.07 7.62 9.56
8.60 6.90 1.46 5.18 2.66 6.26 1.09 4.18 5.60 5.94
8.94 6.48 7.51 5.14 1.73 6.75 6.27 7.90 8.41 6.72
3.80 5.24 1.07 6.80 3.84 5.09 3.08 9.34 8.12 4.09
3.01 3.76 5.82 2.70 8.05 9.03 9.26 7.76 1.00 4.05
1.77 6.13 6.03 7.84 4.12 4.02 2.92 9.70 2.34 2.91
7.23 2.72 2.63 4.34 4.21 6.93 8.98 5.85 7.55 9.30
8.64 1.68 9.10 2.11 9.55 3.54 5.97 8.32 7.18 1.27
3.94 6.15 8.68 7.22 3.42 9.55 1.89 4.50 7.75 6.79
8.76 9.58 7.84 9.91 4.13 4.57 4.18 6.56 7.89 7.21
6.21 8.50 5.03 7.30 2.72 7.30 1.12 8.12 2.50 7.38
3.40 1.65 6.86 6.47 8.16 5.92 2.66 7.45 4.22 3.34
1.64 3.79 8.12 6.79 4.29 2.96 2.16 9.82 5.23 6.00
5.69 7.88 6.28 3.56 6.59 4.54 2.53 7.73 3.33 8.37
7.24 3.99 4.01 4.20 9.76 4.00 2.73 9.35 1.90 3.34
6.93 9.88 6.51 3.60 3.26 4.26 2.92 5.41 9.62 9.33
7.64 1.52 5.69 9.14 3.94 2.70 4.48 2.90 8.64 9.18
2.61 4.99 1.66 2.05 7.15 9.51 3.04 4.22 5.72 9.13
1.65 9.18 6.47 3.31 6.69 2.94 4.18 6.29 5.08 1.45
7.45 7.06 1.57 3.17 8.46 9.35 4.60 1.71 7.68 9.97
5.94 9.12 7.54 4.91 7.73 1.10 1.86 3.37 9.74 9.25
3.20 2.68 4.65 4.50 7.36 3.57 9.10 4.34 4.15 4.94
4.48 8.32 3.14 1.85 4.91 7.77 9.75 2.48 2.47 7.06
1.70 9.37 7.31 2.51 6.10 6.88 2.68 7.02 3.10 3.39
7.60 4.83 8.98 9.37 3.02 1.45 5.26 9.42 5.21 7.28
1.64 9.88 6.22 9.91 5.91 6.35 9.07 8.36 2.51 7.65
7.76 5.06 4.41 4.86 1.49 2.32 7.90 6.85 8.15 7.79
3.66 9.36 9.70 8.75 9.90 5.76 4.53 6.30 4.42 7.35
6.79 9.45 5.56 2.52 8.07 2.10 4.00 3.24 3.71 5.91
3.72 5.04 7.90 3.49 6.90 6.08 6.28 1.53 8.44 9.35
3.20 2.66 3.69 3.01 2.61 1.03 8.15 1.46 8.09 6.60
7.99 2.37 7.62 8.83 1.77 7.22 2.87 3.81 7.87 6.85
5.83 2.72 2.49 4.74 3.13 9.37 7.22 6.05 5.44 7.65
7.95 1.00 8.79 5.51 8.00 6.18 7.71 6.23 7.07 9.10
2.13 5.61 6.91 7.31 9.76 2.50 2.67 6.50 3.48 2.61
2.34 8.64 2.94 2.91 5.70 9.35 5.08 6.22 2.63 8.97
6.80 7.30 2.18 7.03 8.98 5.29 9.63 2.78 5.20 8.79
8.98 1.17 3.07 5.40 1.32 2.04 8.48 6.78 4.06 7.66
9.28 5.96 2.39 4.59 8.68 4.00 6.74 9.52 2.71 6.37
3.09 5.48 1.66 1.81 1.75 8.67 9.54 8.83 5.66 8.42
8.24 4.44 1.19 3.22 6.46 1.14 1.77 5.63 7.46 3.61
1.76 7.63 4.71 5.28 2.92 3.75 8.51 8.94 2.93 9.22
5.21 1.44 7.04 4.49 3.47 3.87 1.04 4.20 1.87 2.05
4.91 7.84 2.88 2.05 8.18 1.66 8.44 7.58 1.86 4.86
2.28 8.27 6.10 5.28 6.32 1.07 5.37 8.07 3.62 4.45
1.98 2.98 2.53 8.72 5.23 8.05 1.75 7.87 2.12 1.82
7.82 1.82 1.68 7.61 9.65 4.56 3.58 9.67 8.69 4.16
3.71 6.34 7.17 1.31 6.79 1.17 8.53 1.38 2.40 7.00
3.66 8.55 3.11 7.81 8.40 3.59 7.30 1.78 8.51 4.74
5.06 4.41 9.71 1.78 3.80 1.71 6.01 6.68 2.34 9.02
2.47 9.56 8.50 4.58 5.22 8.87 6.03 1.53 5.76 9.22
8.44 8.16 1.94 4.84 2.40 2.10 3.47 7.08 9.40 9.62
4.02 3.52 3.25 8.92 8.65 5.18 2.15 8.92 8.21 6.48
6.87 5.72 1.82 2.73 10.00 1.31 1.79 9.82 9.73 5.47
1.20 9.48 3.99 6.29 9.83 5.81 9.88 3.09 1.30 9.27
4.33 9.54 5.20 1.07 6.73 9.90 7.68 1.14 7.13 9.13
3.21 4.02 3.62 5.97 3.40 1.65 3.10 1.31 4.99 1.22
4.48 2.45 2.79 8.11 7.20 5.46 4.25 9.11 4.36 9.89
7.24 5.53 6.65 7.27 4.83 9.99 9.90 4.59 8.87 1.86
4.54 6.54 8.77 1.15 5.13 8.49 3.25 2.87 7.04 1.03
5.02 1.07 3.05 5.39 7.68 4.89 3.00 3.94 4.64 2.12
3.45 2.14 7.41 4.39 3.16 1.30 5.15 4.13 8.40 9.62
9.50 8.94 5.50 8.09 2.68 6.38 1.16 5.82 2.30 1.82
3.57 2.20 6.81 1.70 6.76 5.39 5.26 3.96 2.57 2.80
1.24 5.01 3.09 3.21 3.86 6.90 7.40 2.04 3.69 6.42
9.77 9.55 1.75 7.56 7.63 1.64 1.16 7.39 8.58 9.63
7.38 4.01 9.38 8.20 1.07 5.41 9.01 3.60 8.85 8.43
6.97 3.36 8.88 2.62 8.41 4.05 1.75 6.11 1.32 2.69
1.59 6.94 8.51 2.04 6.95 7.53 2.95 9.74 1.97 2.15
6.51 5.05 6.81 3.27 1.96 8.55 9.24 5.05 7.17 4.81
6.72 1.29 3.36 7.04 5.99 6.73 9.33 7.04 8.60 7.88
9.63 2.01 6.36 9.86 1.18 8.64 3.82 7.42 4.24 3.09
9.00 4.16 1.53 5.19 8.66 1.40 2.26 9.25 7.09 9.33
5.29 9.01 4.84 6.49 7.01 9.70 5.20 3.93 9.65 8.92
3.27 6.62 2.26 4.11 3.63 6.96 4.12 5.86 1.76 8.15
2.60 1.80 8.03 4.33 5.39 8.68 4.40 3.18 8.06 9.44
1.32 4.41 2.59 2.12 9.10 1.93 4.42 2.46 6.84 1.53
1.61 9.49 1.10 3.24 9.94 5.52 5.19 8.65 2.84 2.23
4.93 1.94 6.15 2.84 3.08 9.84 1.88 1.23 5.20 5.74
1.35 3.26 9.26 1.52 7.76 9.27 2.85 8.32 6.85 4.42
4.17 5.34 2.43 3.47 2.95 9.06 6.34 4.83 6.80 9.73
9.28 6.46 9.54 3.17 9.98 1.38 9.31 9.54 5.92 3.73
2.36 8.05 3.88 4.92 3.73 8.91 3.37 4.46 3.36 9.62
1.26 9.39 8.18 6.47 7.70 5.19 7.70 3.66 3.55 4.75
2.56 6.91 7.78 7.24 4.99 7.94 7.05 1.33 2.21 4.68
8.97 1.82 7.14 7.51 8.45 2.20 9.05 3.99 3.38 7.02
9.91 6.76 4.67 5.22 4.21 9.08 7.64 7.77 6.42 1.36
1.70 6.22 2.45 3.72 4.49 6.91 8.48 3.43 6.17 8.19
9.63 1.95 4.71 9.64 3.42 8.17 3.24 3.32 4.48 2.55
6.85 1.39 5.47 6.60 6.89 6.23 6.68 7.63 8.17 2.21
6.44 3.99 5.08 9.06 1.69 1.26 9.04 1.01 3.56 8.71
6.84 3.03 2.81 8.63 1.23 7.52 4.34 6.36 5.09 8.27
6.93 9.65 5.25 9.65 3.65 2.94 5.66 6.95 6.71 5.50
7.85 2.93 7.23 1.83 4.80 7.65 7.45 9.74 7.58 7.47
9.69 7.59 3.10 4.87 5.46 3.63 9.39 6.55 4.24 1.64
9.17 8.55 9.94 2.84 9.30 9.10 1.61 8.09 8.88 7.84
5.14 2.06 2.79 4.15 2.36 2.02 7.32 5.70 1.35 4.05
1.25 8.97 5.67 8.67 7.89 2.74 9.57 5.48 4.44 8.57
5.78 5.18 5.40 2.27 8.57 5.07 7.95 8.29 3.73 6.32
8.25 2.20 8.21 7.16 6.33 1.39 8.79 7.12 9.25 4.85
6.76 8.03 8.03 9.61 3.13 7.70 8.20 5.94 2.81 6.78
7.73 1.28 1.63 7.01 8.79 7.26 7.73 6.45 3.08 6.65
2.10 9.45 5.45 5.83 2.66 9.00 2.18 2.65 1.64 2.08
7.12 3.04 8.45 6.69 8.50 3.27 8.18 4.16 3.47 2.87
3.15 4.60 6.95 6.12 5.18 7.67 7.96 2.45 6.74 2.37
6.41 7.25 8.27 7.12 7.09 4.41 3.03 6.57 2.06 4.74
5.85 6.52 1.81 2.36 5.23 7.63 2.44 1.76 4.65 3.68
6.64 4.07 8.89 1.15 9.33 3.92 4.15 5.28 6.96 4.61
9.36 7.74 7.85 3.31 2.76 1.63 5.98 8.65 1.38 3.82
8.52 3.83 7.97 9.78 2.11 1.21 3.15 3.22 2.28 8.18
3.08 3.75 4.43 8.18 9.28 9.34 3.44 2.43 1.15 5.75
8.67 1.72 1.81 6.66 7.76 9.89 3.91 8.54 2.60 4.29
5.98 9.30 5.92 7.35 1.78 6.94 3.48 1.89 8.48 8.89
5.75 4.17 4.21 6.70 9.55 7.19 1.86 3.52 8.07 7.60
8.69 3.35 9.36 5.78 7.27 3.79 5.54 8.03 9.92 5.76
2.58 7.30 1.30 1.32 7.99 7.97 7.75 7.89 5.78 6.58
9.96 9.29 3.81 5.91 9.19 4.58 9.16 1.23 3.07 1.26
8.18 1.71 1.74 2.10 3.43 3.60 2.43 7.09 6.17 8.70
2.43 6.70 6.17 4.30 9.95 4.12 3.02 4.43 7.60 4.43
7.08 9.87 2.21 4.00 1.51 6.36 6.06 5.92 4.85 1.03
8.80 7.77 6.72 2.09 4.26 3.04 7.47 8.79 1.55 3.07
9.52 6.01 2.82 7.60 2.87 3.68 2.81 9.82 6.73 2.65
6.07 3.72 9.73 8.45 4.55 8.89 1.15 7.07 8.99 7.65
9.43 3.78 2.09 5.32 3.86 3.13 5.99 2.66 4.19 9.64
7.63 1.46 6.21 1.33 8.25 3.92 5.97 8.48 2.20 9.06
1.51 1.90 1.86 6.10 5.15 3.38 4.01 1.39 9.15 5.25
2.60 1.70 5.54 2.22 5.16 3.89 2.74 6.28 1.05 7.48
7.56 2.32 4.13 1.56 4.37 2.49 3.50 8.75 4.24 6.74
8.39 3.63 3.25 4.58 2.17 4.93 6.40 7.38 7.42 1.89
9.23 7.14 1.12 9.31 3.53 3.65 5.87 6.13 3.59 7.64
8.60 5.83 5.09 2.02 8.48 2.04 6.19 9.27 8.79 4.57
9.76 3.98 9.28 5.55 4.39 8.66 7.88 6.26 5.32 2.23
2.53 3.12 7.34 4.05 4.65 4.58 8.45 4.00 7.09 1.39
8.46 3.03 8.33 4.41 3.57 6.91 2.37 9.34 3.88 3.76
1.85 7.68 5.38 1.32 4.52 7.06 4.05 2.95 2.40 9.89
8.51 9.57 3.53 1.25 5.48 2.67 8.01 3.67 2.79 4.53
6.43 8.89 4.29 9.82 3.48 5.84 2.75 2.67 1.08 4.05
4.20 5.05 4.24 6.28 4.17 2.98 1.36 8.93 4.63 1.44
9.78 9.71 9.06 4.14 2.98 9.86 4.55 6.17 6.26 4.33
2.86 5.81 6.65 6.20 3.69 9.55 3.41 5.97 5.44 7.23
2.53 1.81 7.56 2.06 3.20 8.10 4.22 1.99 5.36 9.38
6.96 3.57 8.31 8.53 6.65 6.92 8.55 4.66 8.57 8.12
9.31 9.52 6.72 4.77 3.89 3.32 1.02 9.94 8.71 2.06
7.44 8.76 9.05 9.79 4.98 3.92 2.02 2.12 9.30 6.12
8.20 2.77 1.76 4.31 6.50 5.87 2.60 3.06 6.51 3.94
1.38 6.99 2.00 6.46 2.56 6.18 5.63 1.40 9.43 7.01
6.82 1.39 4.87 7.13 4.59 9.72 8.82 5.93 1.02 7.38
9.77 2.20 1.35 9.50 1.61 3.49 5.62 1.60 6.62 1.02
2.88 9.29 6.63 5.85 2.68 5.24 4.01 8.03 5.57 8.32
5.88 8.70 3.67 2.82 8.93 9.85 4.21 9.23 2.75 5.04
3.79 2.64 5.73 7.02 6.28 7.77 8.93 7.51 7.22 5.83
1.21 8.60 9.74 9.04 8.26 1.56 2.75 4.26 3.43 9.55
2.31 2.53 1.85 5.80 6.74 3.57 5.69 2.94 5.37 6.63
6.55 9.49 8.64 7.21 8.16 8.93 2.25 1.45 3.38 6.44
8.21 3.96 4.62 5.54 4.29 9.88 9.25 1.32 9.63 6.38
7.85 5.50 5.78 7.52 8.40 1.58 6.08 7.19 7.00 5.19
9.99 9.76 3.39 5.64 5.73 7.58 3.63 7.84 5.98 2.28
6.22 3.70 9.32 8.45 5.99 3.89 3.84 2.26 5.59 5.98
7.57 6.95 8.10 5.14 1.69 2.04 6.12 1.86 6.05 6.40
5.87 4.26 7.21 8.17 6.25 5.59 1.18 2.81 2.70 2.23
7.70 7.91 8.64 6.04 2.28 2.74 8.90 6.92 9.41 1.04
6.76 3.59 9.95 3.57 5.63 5.77 3.39 1.05 5.60 8.78
4.94 5.46 3.30 8.10 7.08 5.64 3.77 2.45 2.77 7.93
5.81 3.11 6.20 5.74 8.32 5.40 3.30 1.45 9.84 9.65
2.89 3.14 7.83 5.51 7.70 7.49 7.80 2.92 1.13 1.12
1.12 9.05 5.78 2.38 1.34 6.43 5.59 4.99 3.51 9.79
6.72 7.31 9.59 8.19 2.00 3.19 6.64 3.60 5.24 7.67
7.98 1.08 8.11 4.38 7.67 6.89 5.03 5.28 3.76 8.21
3.83 5.92 8.75 3.75 5.45 7.78 7.70 8.95 5.87 8.13
8.60 4.14 8.35 1.73 1.58 7.94 7.04 2.40 9.45 8.34
2.87 7.12 3.50 3.44 7.27 6.85 8.54 6.22 2.65 2.56
3.43 4.99 3.22 7.64 7.08 6.18 4.51 7.61 2.45 2.73
6.02 4.92 4.70 9.91 1.81 7.80 1.21 8.12 7.54 2.55
7.87 7.25 1.51 7.08 9.02 5.35 5.13 6.49 2.32 8.24
7.07 5.36 5.97 1.09 2.55 5.25 5.58 6.48 9.33 3.23
2.46 7.29 2.00 7.74 5.85 2.86 1.28 4.90 4.53 9.20
3.29 8.67 5.11 4.50 8.63 1.88 4.06 6.28 9.54 1.03
1.48 1.96 4.67 4.17 9.72 1.18 1.95 4.51 8.81 1.85
6.26 6.74 4.02 8.08 4.67 3.99 6.01 1.58 8.41 1.25
7.41 9.09 8.26 2.34 8.23 5.50 4.69 8.86 6.84 5.36
1.93 3.11 7.31 8.87 9.53 5.40 5.17 2.13 2.51 5.03
2.29 4.81 9.86 8.93 2.65 2.11 1.68 2.25 8.17 1.64
9.74 8.13 9.84 6.21 6.31 9.51 3.33 8.35 5.13 2.12
3.80 9.66 4.90 7.11 4.04 9.79 6.15 5.42 3.53 7.09
4.32 4.99 8.88 5.09 5.65 4.09 9.75 1.53 4.93 5.40
4.32 2.99 9.23 5.15 4.57 3.94 7.12 3.38 3.05 7.00
8.00 3.89 5.07 8.15 6.63 5.39 3.38 3.19 7.71 9.22
5.82 9.13 8.06 7.25 7.99 5.83 7.86 7.93 4.22 3.33
3.96 6.82 3.25 7.25 5.17 2.15 3.84 3.22 6.89 4.22
6.74 8.97 5.32 3.70 3.27 8.73 8.19 7.05 8.64 1.07
7.00 9.04 4.51 3.29 3.79 8.14 7.46 9.87 1.90 2.15
6.53 9.83 6.42 4.56 9.50 8.00 4.98 9.56 5.24 2.54
9.84 6.71 7.91 1.77 2.83 9.00 3.51 9.20 9.58 7.17
4.48 5.56 4.13 6.20 9.24 3.70 4.86 1.72 9.24 4.47
8.76 8.62 9.27 5.07 5.51 7.39 8.69 3.21 5.97 3.66
9.76 1.75 7.07 7.60 3.18 5.53 4.51 6.86 5.80 9.40
9.61 8.87 1.61 3.79 7.46 1.92 2.70 3.21 4.54 9.59
2.97 9.53 1.79 4.00 4.93 1.96 1.42 5.54 7.54 6.91
9.05 2.53 1.11 1.30 3.34 4.93 4.46 7.41 3.07 3.56
5.14 8.05 6.20 2.35 1.92 2.53 8.55 8.73 4.90 9.44
7.87 6.36 7.70 2.49 3.30 4.87 1.20 4.73 8.71 5.65
2.39 4.23 6.93 8.67 7.65 8.61 9.98 7.57 8.74 3.87
2.66 1.07 7.57 7.73 6.12 5.16 5.05 1.08 5.73 3.71
3.41 6.38 3.98 4.92 6.66 5.23 1.71 8.02 7.14 8.49
5.07 8.69 4.42 9.87 5.41 2.50 1.31 8.88 8.48 8.68
4.77 8.69 7.80 3.66 5.37 8.03 6.76 2.80 6.80 5.64
9.41 6.08 9.28 3.97 8.03 7.04 7.34 5.79 6.30 9.22
6.86 8.92 8.10 6.00 2.63 1.65 1.47 4.35 5.94 3.62
6.35 4.15 6.49 7.44 7.96 5.32 5.34 8.50 7.05 7.32
1.30 5.05 3.69 8.44 6.43 7.07 2.63 9.82 1.74 7.30
8.79 3.23 8.78 2.02 7.05 7.14 1.21 6.49 1.20 8.72
2.21 2.75 9.78 3.85 6.35 8.92 6.00 9.04 1.53 2.54
1.25 4.27 2.48 4.42 9.66 2.78 2.44 3.86 7.61 1.44
1.27 7.61 2.58 9.71 9.03 4.52 7.47 5.05 6.24 3.15
2.27 1.35 3.92 9.26 3.15 7.59 3.56 1.37 9.29 2.96
1.23 7.83 1.65 4.30 9.62 7.68 1.48 5.14 8.80 7.29
2.58 4.40 1.00 9.60 6.10 2.94 2.93 9.57 7.76 4.05
8.35 1.18 2.84 7.87 6.37 4.57 8.39 3.14 7.69 1.63
7.95 4.80 2.67 8.38 4.36 7.20 1.83 2.98 9.45 5.45
1.83 1.35 2.98 8.57 5.88 6.94 7.27 3.72 5.94 6.98
7.62 1.98 9.51 7.58 7.69 1.18 1.12 9.32 1.92 2.01
9.83 4.97 1.62 1.63 1.03 9.66 1.39 5.12 8.94 7.55
7.61 9.55 4.17 8.67 2.10 9.23 9.42 7.21 3.44 4.59
2.97 7.31 8.02 1.62 8.24 6.22 5.58 2.78 1.89 1.84
9.13 2.18 5.03 7.38 3.39 1.62 2.81 7.58 6.66 7.17
4.97 7.41 5.22 5.63 2.00 9.24 5.65 2.62 4.17 4.13
1.59 4.18 7.29 3.55 3.02 1.27 6.38 2.06 9.48 9.03
3.24 2.30 6.34 4.95 2.24 1.18 3.94 7.72 5.09 9.50
2.09 8.50 4.63 9.53 3.19 2.49 7.14 2.44 8.33 6.40
6.64 7.26 5.33 3.64 5.01 4.66 4.35 9.92 3.06 9.98
2.04 2.68 4.03 7.80 2.73 2.87 5.14 4.09 5.95 2.43
4.86 4.65 6.81 6.87 5.91 9.47 5.11 6.73 9.55 7.70
7.46 9.15 7.29 2.68 5.36 3.94 7.91 7.41 3.71 3.79
3.47 1.22 2.43 1.24 5.23 6.61 3.17 2.66 3.80 8.04
6.27 2.45 7.76 3.08 7.99 9.32 9.58 9.60 8.19 6.64
1.25 6.13 7.78 5.71 2.45 6.40 9.13 9.81 6.75 8.58
1.57 6.46 6.05 2.36 2.91 8.56 9.58 1.22 6.91 5.41
5.16 9.85 9.71 2.80 3.80 5.37 4.03 1.70 3.87 9.85
5.92 7.34 4.84 4.67 8.06 3.72 8.28 3.02 8.89 1.59
4.33 8.29 7.44 6.42 2.55 6.50 2.57 6.42 1.35 2.87
2.71 9.41 8.23 3.03 9.36 9.32 4.90 9.21 8.85 8.78
2.62 1.69 9.16 9.92 7.08 3.17 7.63 1.79 9.19 7.54
8.24 2.19 7.50 3.27 6.30 5.11 7.61 9.16 5.18 4.99
7.73 9.84 3.36 4.83 4.86 2.63 4.99 7.35 7.86 4.46
3.94 9.35 6.29 3.23 5.76 5.65 4.52 4.57 9.26 5.12
2.32 3.89 6.80 1.14 5.23 2.11 4.50 6.03 4.02 4.88
2.00 8.57 3.37 6.70 4.46 7.17 2.96 2.06 1.87 5.99
2.01 3.76 5.57 9.43 7.31 3.02 3.13 6.89 7.36 6.46
2.01 9.33 6.97 1.25 8.35 6.97 5.72 1.34 3.72 1.10
6.54 8.99 3.33 1.87 4.92 9.33 6.42 1.96 1.83 1.87
4.08 7.56 5.33 2.99 7.81 6.68 2.94 2.70 4.80 2.19
5.61 4.73 3.81 1.91 6.61 7.93 4.60 9.19 1.44 3.64
2.61 1.65 5.91 7.82 8.45 6.32 5.77 4.85 2.73 3.20
8.73 9.63 4.00 6.41 9.72 1.50 1.88 6.65 2.80 9.24
1.09 7.23 8.76 9.73 4.95 1.61 9.69 2.44 8.90 4.46
5.86 8.52 5.87 7.82 3.73 7.99 6.63 5.25 7.59 9.25
1.51 2.16 1.86 1.48 1.50 4.00 3.38 4.22 2.11 4.12
4.30 3.45 3.09 4.02 2.36 7.73 9.47 3.60 6.78 7.22
9.98 4.31 5.27 8.92 7.97 2.65 7.92 6.60 2.41 7.56
1.38 3.15 1.40 1.27 1.51 3.49 6.61 2.21 8.14 7.25
9.45 2.80 6.33 7.63 9.35 2.29 1.76 1.34 9.09 3.45
1.43 7.57 8.74 3.53 3.60 1.47 8.63 9.53 6.88 5.08
6.18 3.15 9.45 2.11 6.89 4.93 9.46 9.09 2.46 2.04
7.28 6.73 6.39 9.04 2.49 2.00 1.01 9.44 4.39 8.82
8.24 7.62 6.82 4.81 9.91 7.88 6.88 7.35 6.00 9.74
4.46 4.50 6.81 3.55 9.37 3.96 1.62 7.18 9.65 1.46
8.29 3.58 9.94 4.59 8.58 1.27 8.01 2.17 8.23 8.21
3.14 7.45 8.99 2.44 1.19 2.11 9.47 8.68 7.90 2.56
7.30 8.99 2.49 1.41 3.00 6.45 4.50 4.86 4.16 5.01
1.63 4.16 1.24 1.38 5.38 6.31 2.04 7.32 9.80 5.91
7.85 2.19 4.08 6.18 7.58 7.04 5.35 6.73 1.33 8.07
2.56 5.93 7.33 6.30 7.19 9.54 6.16 2.45 2.26 4.84
7.76 4.90 3.38 5.31 9.12 1.81 3.41 3.27 5.10 8.79
9.72 1.67 6.91 8.52 7.44 6.29 2.23 1.18 3.53 8.09
7.96 5.32 4.17 2.75 1.14 5.98 1.05 4.62 9.60 4.79
7.72 7.67 4.32 4.04 3.34 1.16 9.87 8.41 4.63 1.42
4.52 8.01 1.56 7.85 9.24 4.73 3.80 9.28 7.27 7.79
4.28 2.42 7.25 3.00 9.95 9.79 2.60 1.86 9.13 4.93
5.86 4.05 8.84 6.68 8.31 9.29 7.41 1.43 1.76 4.88
8.09 6.47 4.18 4.29 2.02 4.36 6.16 1.59 3.43 5.46
5.35 5.39 8.82 5.89 6.72 9.77 8.11 1.08 1.38 9.04
6.14 8.73 3.42 3.95 6.96 5.11 1.66 8.89 3.77 7.89
7.49 4.61 8.25 2.15 8.76 3.18 4.87 4.60 7.33 4.87
8.92 2.54 9.96 6.42 7.72 8.63 9.12 1.93 4.59 3.95
8.83 8.78 2.45 8.16 3.03 7.86 6.49 3.59 2.74 3.89
8.77 7.37 5.46 2.25 7.94 1.36 8.18 9.97 8.07 1.61
7.10 8.83 4.40 5.45 5.27 9.21 6.89 5.08 4.30 8.22
2.70 6.27 9.24 8.56 8.15 7.25 4.38 8.70 2.76 3.26
5.74 6.24 3.28 1.48 7.11 7.14 3.63 4.58 1.89 4.27
5.59 9.02 8.02 4.05 6.05 3.54 9.22 8.87 5.28 7.62
5.78 1.39 4.75 7.59 7.54 3.94 4.71 1.25 2.88 6.99
7.93 1.74 7.63 2.25 1.79 7.61 4.08 10.00 2.29 8.46
1.87 1.46 1.58 3.85 4.78 1.83 6.18 3.18 5.91 6.13
4.66 5.68 5.08 7.85 3.23 8.51 7.09 8.41 5.73 3.24
9.99 9.26 9.09 5.45 5.78 7.85 9.01 6.08 4.58 3.78
7.57 1.44 4.51 8.02 4.78 8.07 5.53 8.38 5.04 1.49
6.51 8.00 7.83 6.01 3.59 6.64 7.77 3.45 4.48 7.73
5.01 9.24 6.11 1.47 2.76 6.80 5.93 6.24 8.26 1.87
1.25 3.29 7.15 7.47 2.67 8.27 1.48 4.55 8.31 9.06
5.04 3.26 1.74 2.68 5.83 3.36 3.58 6.30 2.11 7.92
5.43 5.48 2.65 6.21 7.28 1.96 7.44 7.17 1.29 1.39
1.56 7.17 3.54 8.33 6.44 1.24 7.14 6.77 1.33 1.48
7.02 6.62 9.39 9.37 5.13 7.86 2.06 1.83 7.32 3.30
7.76 1.95 8.19 2.32 3.85 2.95 8.90 7.78 2.02 6.88
8.65 4.28 5.78 4.30 3.55 2.98 4.21 7.77 3.93 2.19
6.96 5.02 4.64 3.52 3.13 1.89 3.64 7.19 7.71 9.96
6.10 1.72 8.74 4.16 5.67 2.16 9.06 8.44 8.04 3.63
5.96 7.00 9.41 2.39 6.94 7.14 4.02 7.74 2.53 5.00
2.36 5.48 5.05 3.60 8.65 8.00 9.73 1.84 4.66 6.41
1.39 3.11 1.54 4.26 3.84 1.05 8.07 3.59 1.66 7.56
6.70 4.75 6.91 2.10 6.16 2.86 8.98 2.03 4.03 9.23
9.72 9.17 7.20 3.16 1.24 6.22 9.85 6.77 9.12 1.08
4.30 5.29 4.71 3.18 9.66 4.29 9.62 6.87 5.96 4.99
8.46 8.60 8.90 1.21 7.55 3.97 5.57 1.77 1.66 2.73
6.07 3.70 9.09 2.36 8.54 7.44 1.28 7.83 3.07 8.32
8.86 9.31 1.94 8.47 1.35 2.05 5.34 3.85 7.12 7.03
1.22 5.70 7.46 2.63 1.68 3.81 5.30 3.12 8.38 5.79
2.85 8.26 7.13 1.66 2.64 4.07 5.39 5.48 6.07 4.39
1.54 3.82 2.85 2.26 9.60 4.78 2.82 5.45 3.79 7.76
4.18 2.74 5.43 1.81 7.84 3.89 8.63 6.69 8.54 9.01
6.64 1.78 2.27 1.67 5.89 8.75 7.03 4.43 1.96 1.94
3.89 2.00 2.27 8.81 5.32 4.79 9.74 4.14 7.75 1.66
2.47 2.33 2.95 5.22 5.11 2.99 1.10 4.00 4.54 9.16
2.72 9.88 2.30 5.74 3.26 7.99 4.67 8.93 5.33 9.29
4.49 9.31 3.33 2.37 9.60 6.58 7.87 5.50 7.69 9.25
4.11 7.70 6.02 3.70 5.08 1.08 4.22 6.48 7.17 7.60
7.25 3.99 1.45 1.37 1.56 2.25 8.32 9.58 4.33 7.30
4.81 8.42 9.70 6.09 6.19 6.89 4.00 9.71 1.30 5.38

Demandas:
0 0 1 0 0 0 0 0
0 0 0 0 0 0 0 1
0 0 0 0 0 0 1 0
0 0 0 0 0 0 1 0
0 0 0 0 0 1 0 0
0 1 0 0 0 0 0 0
0 0 0 0 0 1 0 0
0 0 0 0 1 0 0 0
1 0 0 0 0 0 0 0
0 0 0 0 0 0 0 1
0 0 0 0 1 0 0 0
0 0 0 1 0 0 0 0
0 1 0 0 0 0 0 0
1 0 0 0 0 0 0 0
0 0 0 1 0 0 0 0
0 1 0 0 0 0 0 0
0 0 0 1 0 0 0 0
0 0 0 1 0 0 0 0
0 0 1 0 0 0 0 0
0 0 0 0 0 0 0 1
0 0 0 0 1 0 0 0
0 0 1 0 0 0 0 0
0 0 0 1 0 0 0 0
0 0 0 0 0 0 0 1
0 0 0 1 0 0 0 0
0 0 0 0 0 0 0 1
0 0 0 0 1 0 0 0
0 0 0 0 0 0 0 1
0 0 0 0 0 1 0 0
0 0 0 1 0 0 0 0
1 0 0 0 0 0 0 0
1 0 0 0 0 0 0 0
0 1 0 0 0 0 0 0
0 0 0 0 0 0 1 0
0 0 0 0 0 0 0 1
0 0 0 1 0 0 0 0
0 0 1 0 0 0 0 0
0 0 0 0 0 1 0 0
0 1 0 0 0 0 0 0
0 0 0 0 1 0 0 0
0 0 0 0 0 0 0 1
0 0 0 0 0 0 0 1
0 1 0 0 0 0 0 0
0 0 0 0 0 0 1 0
0 0 1 0 0 0 0 0
0 0 0 0 0 0 0 1
0 0 0 0 0 1 0 0
0 0 0 0 0 1 0 0
0 0 0 0 0 1 0 0
0 0 0 1 0 0 0 0
0 0 1 0 0 0 0 0
0 0 0 0 0 0 0 1
0 0 0 1 0 0 0 0
0 0 0 0 0 0 1 0
0 0 0 0 0 1 0 0
0 0 0 0 0 0 1 0
0 0 0 0 1 0 0 0
0 0 0 1 0 0 0 0
0 0 0 0 0 0 1 0
0 0 0 1 0 0 0 0
0 0 0 0 0 0 0 1
0 0 0 0 0 1 0 0
0 0 1 0 0 0 0 0
0 0 1 0 0 0 0 0
0 0 0 0 0 1 0 0
0 0 0 0 0 0 1 0
0 0 1 0 0 0 0 0
0 0 0 0 1 0 0 0
0 0 0 0 0 1 0 0
0 0 0 0 0 0 0 1
0 0 0 0 0 1 0 0
0 0 1 0 0 0 0 0
0 1 0 0 0 0 0 0
0 0 0 1 0 0 0 0
1 0 0 0 0 0 0 0
1 0 0 0 0 0 0 0
0 0 0 0 0 1 0 0
0 0 0 0 0 0 0 1
1 0 0 0 0 0 0 0
0 0 0 0 0 0 1 0
0 1 0 0 0 0 0 0
0 0 0 1 0 0 0 0
0 0 0 0 0 0 0 1
0 0 1 0 0 0 0 0
0 0 0 0 0 0 0 1
0 0 0 0 1 0 0 0
1 0 0 0 0 0 0 0
1 0 0 0 0 0 0 0
0 1 0 0 0 0 0 0
0 0 0 0 0 0 1 0
1 0 0 0 0 0 0 0
0 0 0 1 0 0 0 0
0 0 1 0 0 0 0 0
0 0 0 1 0 0 0 0
0 1 0 0 0 0 0 0
0 0 0 1 0 0 0 0
0 1 0 0 0 0 0 0
1 0 0 0 0 0 0 0
0 1 0 0 0 0 0 0
0 0 1 0 0 0 0 0
0 0 0 0 0 0 0 1
0 0 0 0 1 0 0 0
1 0 0 0 0 0 0 0
0 0 0 1 0 0 0 0
0 0 0 0 0 0 0 1
0 0 0 1 0 0 0 0
0 1 0 0 0 0 0 0
0 0 0 1 0 0 0 0
0 0 1 0 0 0 0 0
0 0 0 1 0 0 0 0
1 0 0 0 0 0 0 0
1 0 0 0 0 0 0 0
0 1 0 0 0 0 0 0
1 0 0 0 0 0 0 0
0 1 0 0 0 0 0 0
0 0 0 0 0 0 0 1
0 0 0 1 0 0 0 0
0 0 0 0 0 0 1 0
0 0 0 0 0 0 0 1
0 0 0 0 1 0 0 0
1 0 0 0 0 0 0 0
0 0 0 0 0 0 0 1
0 0 1 0 0 0 0 0
1 0 0 0 0 0 0 0
1 0 0 0 0 0 0 0
0 0 1 0 0 0 0 0
0 0 0 0 0 1 0 0
0 0 0 0 0 0 0 1
0 1 0 0 0 0 0 0
0 0 0 0 0 1 0 0
0 0 0 0 1 0 0 0
0 0 0 0 0 1 0 0
0 0 0 0 0 1 0 0
1 0 0 0 0 0 0 0
0 0 0 0 0 1 0 0
0 0 0 0 0 0 0 1
0 0 0 0 0 0 0 1
0 0 1 0 0 0 0 0
0 0 1 0 0 0 0 0
1 0 0 0 0 0 0 0
0 0 0 0 0 1 0 0
0 0 1 0 0 0 0 0
0 0 0 0 0 0 1 0
0 0 0 0 1 0 0 0
0 0 0 0 1 0 0 0
1 0 0 0 0 0 0 0
0 0 0 0 0 0 1 0
0 0 1 0 0 0 0 0
0 0 0 0 1 0 0 0
0 0 0 0 0 1 0 0
0 1 0 0 0 0 0 0
0 0 0 0 1 0 0 0
0 0 1 0 0 0 0 0
0 0 1 0 0 0 0 0
1 0 0 0 0 0 0 0
0 0 0 0 0 0 1 0
0 0 0 0 1 0 0 0
0 0 0 0 0 0 0 1
0 0 0 1 0 0 0 0
0 0 0 0 0 0 1 0
0 0 0 0 0 0 1 0
0 0 0 0 0 0 1 0
0 0 0 0 0 1 0 0
0 0 0 0 1 0 0 0
0 0 0 1 0 0 0 0
1 0 0 0 0 0 0 0
1 0 0 0 0 0 0 0
0 0 1 0 0 0 0 0
0 0 0 0 1 0 0 0
0 0 0 0 0 0 0 1
0 0 0 0 0 1 0 0
0 0 0 1 0 0 0 0
0 1 0 0 0 0 0 0
0 0 0 0 0 1 0 0
1 0 0 0 0 0 0 0
1 0 0 0 0 0 0 0
0 0 0 0 1 0 0 0
0 0 1 0 0 0 0 0
0 0 0 0 0 0 1 0
1 0 0 0 0 0 0 0
0 0 0 0 0 0 0 1
0 0 0 0 0 0 0 1
1 0 0 0 0 0 0 0
0 0 0 0 0 0 1 0
0 0 0 0 0 0 0 1
0 0 1 0 0 0 0 0
1 0 0 0 0 0 0 0
0 0 0 0 0 0 1 0
0 0 0 0 0 1 0 0
0 1 0 0 0 0 0 0
0 0 0 1 0 0 0 0
0 0 0 0 1 0 0 0
0 1 0 0 0 0 0 0
0 0 0 0 1 0 0 0
0 1 0 0 0 0 0 0
0 0 0 0 0 1 0 0
0 0 0 0 0 1 0 0
0 0 0 0 1 0 0 0
0 0 1 0 0 0 0 0
1 0 0 0 0 0 0 0
0 0 0 0 0 1 0 0
0 0 0 0 0 1 0 0
1 0 0 0 0 0 0 0
0 0 0 0 0 1 0 0
0 0 0 1 0 0 0 0
0 0 1 0 0 0 0 0
1 0 0 0 0 0 0 0
1 0 0 0 0 0 0 0
0 0 0 1 0 0 0 0
0 0 0 0 0 0 0 1
0 0 0 0 0 1 0 0
0 0 0 0 0 0 0 1
0 0 0 0 0 0 1 0
0 0 0 0 0 1 0 0
0 0 0 0 0 0 0 1
0 0 0 0 0 1 0 0
0 0 0 0 0 1 0 0
0 0 0 0 0 0 1 0
0 0 1 0 0 0 0 0
0 0 0 0 0 1 0 0
0 0 0 0 1 0 0 0
0 0 0 0 0 0 0 1
1 0 0 0 0 0 0 0
0 0 0 0 1 0 0 0
0 0 0 0 1 0 0 0
0 0 1 0 0 0 0 0
0 0 1 0 0 0 0 0
0 0 0 1 0 0 0 0
0 0 0 0 0 0 0 1
0 0 0 0 1 0 0 0
0 0 0 0 0 0 0 1
0 0 1 0 0 0 0 0
0 0 0 0 0 1 0 0
0 0 0 0 0 0 1 0
0 0 0 1 0 0 0 0
0 0 0 0 0 0 0 1
0 0 0 0 0 0 1 0
0 0 0 0 1 0 0 0
0 0 1 0 0 0 0 0
0 0 0 0 1 0 0 0
0 0 0 1 0 0 0 0
1 0 0 0 0 0 0 0
0 0 0 0 0 0 1 0
0 0 0 1 0 0 0 0
0 0 0 0 0 0 0 1
0 0 0 0 0 0 0 1
1 0 0 0 0 0 0 0
0 0 0 0 0 1 0 0
0 0 0 0 0 0 1 0
0 0 1 0 0 0 0 0
0 0 0 0 0 1 0 0
0 0 0 0 1 0 0 0
0 0 1 0 0 0 0 0
1 0 0 0 0 0 0 0
1 0 0 0 0 0 0 0
0 0 0 1 0 0 0 0
0 0 0 0 0 0 0 1
0 0 0 0 0 0 1 0
0 0 0 1 0 0 0 0
0 0 0 0 1 0 0 0
0 0 0 0 0 0 1 0
0 0 0 0 0 0 1 0
0 0 1 0 0 0 0 0
0 0 0 0 0 1 0 0
0 0 0 0 0 0 1 0
1 0 0 0 0 0 0 0
0 0 0 0 0 0 1 0
0 0 1 0 0 0 0 0
0 0 0 0 0 0 1 0
0 1 0 0 0 0 0 0
0 0 0 0 1 0 0 0
0 0 0 0 0 0 1 0
0 0 0 1 0 0 0 0
0 0 0 1 0 0 0 0
0 0 0 0 0 0 0 1
1 0 0 0 0 0 0 0
0 0 0 0 0 0 1 0
0 0 0 1 0 0 0 0
1 0 0 0 0 0 0 0
0 0 0 0 0 0 1 0
1 0 0 0 0 0 0 0
0 0 1 0 0 0 0 0
0 0 0 0 1 0 0 0
0 0 0 0 0 0 1 0
0 0 0 0 0 0 1 0
0 0 0 0 0 1 0 0
0 0 1 0 0 0 0 0
0 0 1 0 0 0 0 0
0 0 0 0 0 0 0 1
0 0 0 1 0 0 0 0
1 0 0 0 0 0 0 0
1 0 0 0 0 0 0 0
1 0 0 0 0 0 0 0
0 0 0 1 0 0 0 0
0 0 0 0 0 0 1 0
0 0 0 0 0 1 0 0
0 0 0 0 0 0 0 1
0 0 1 0 0 0 0 0
1 0 0 0 0 0 0 0
0 1 0 0 0 0 0 0
0 0 0 0 0 0 0 1
0 0 0 0 0 0 0 1
0 0 0 1 0 0 0 0
0 0 0 1 0 0 0 0
0 0 0 0 0 0 0 1
0 0 0 0 1 0 0 0
0 0 1 0 0 0 0 0
0 0 0 0 1 0 0 0
0 0 0 1 0 0 0 0
0 0 1 0 0 0 0 0
0 0 0 0 0 1 0 0
0 0 0 0 0 0 0 1
0 0 0 0 1 0 0 0
0 0 0 0 0 0 1 0
0 1 0 0 0 0 0 0
0 0 1 0 0 0 0 0
0 0 0 0 0 0 1 0
0 1 0 0 0 0 0 0
0 1 0 0 0 0 0 0
0 0 0 0 1 0 0 0
0 0 0 0 0 0 1 0
1 0 0 0 0 0 0 0
0 0 0 1 0 0 0 0
0 0 1 0 0 0 0 0
0 0 0 1 0 0 0 0
0 0 0 0 1 0 0 0
0 0 0 0 1 0 0 0
0 0 0 0 0 0 0 1
0 0 0 0 0 0 1 0
0 0 0 0 1 0 0 0
0 0 0 0 0 1 0 0
0 0 0 0 1 0 0 0
0 0 0 0 0 1 0 0
0 0 0 0 0 1 0 0
0 0 0 1 0 0 0 0
0 0 0 0 0 1 0 0
1 0 0 0 0 0 0 0
0 1 0 0 0 0 0 0
0 1 0 0 0 0 0 0
0 0 0 0 0 0 1 0
0 0 1 0 0 0 0 0
0 0 0 1 0 0 0 0
0 0 0 1 0 0 0 0
1 0 0 0 0 0 0 0
1 0 0 0 0 0 0 0
0 0 0 0 1 0 0 0
0 0 0 0 0 0 0 1
0 0 1 0 0 0 0 0
0 0 0 0 0 1 0 0
1 0 0 0 0 0 0 0
0 0 0 0 0 1 0 0
0 0 0 0 0 0 0 1
1 0 0 0 0 0 0 0
0 0 1 0 0 0 0 0
0 0 0 0 0 0 0 1
0 0 0 1 0 0 0 0
1 0 0 0 0 0 0 0
0 0 0 0 0 0 1 0
1 0 0 0 0 0 0 0
0 0 0 0 1 0 0 0
0 0 0 1 0 0 0 0
0 0 0 0 0 0 1 0
0 0 0 1 0 0 0 0
0 0 0 0 1 0 0 0
0 0 0 0 0 0 1 0
0 0 0 0 1 0 0 0
0 0 1 0 0 0 0 0
0 0 0 0 0 0 0 1
0 0 1 0 0 0 0 0
0 0 0 0 0 0 1 0
0 0 0 0 1 0 0 0
0 0 0 0 0 1 0 0
1 0 0 0 0 0 0 0
0 0 0 1 0 0 0 0
0 0 0 0 0 1 0 0
0 0 0 0 1 0 0 0
0 0 0 1 0 0 0 0
0 0 0 0 0 0 1 0
0 0 0 0 0 0 1 0
0 0 0 0 0 0 1 0
0 0 1 0 0 0 0 0
0 1 0 0 0 0 0 0
0 0 1 0 0 0 0 0
0 1 0 0 0 0 0 0
0 1 0 0 0 0 0 0
0 1 0 0 0 0 0 0
1 0 0 0 0 0 0 0
1 0 0 0 0 0 0 0
0 0 1 0 0 0 0 0
0 0 0 0 0 0 1 0
0 0 0 0 1 0 0 0
1 0 0 0 0 0 0 0
0 0 1 0 0 0 0 0
0 0 0 0 0 0 1 0
0 0 0 0 0 1 0 0
0 0 0 0 0 1 0 0
0 0 0 1 0 0 0 0
0 0 1 0 0 0 0 0
1 0 0 0 0 0 0 0
0 0 0 0 0 0 0 1
0 0 0 1 0 0 0 0
1 0 0 0 0 0 0 0
0 1 0 0 0 0 0 0
1 0 0 0 0 0 0 0
1 0 0 0 0 0 0 0
0 0 0 0 0 0 1 0
0 1 0 0 0 0 0 0
0 0 1 0 0 0 0 0
0 0 0 0 0 0 1 0
0 0 0 1 0 0 0 0
0 0 0 0 0 1 0 0
0 0 0 1 0 0 0 0
0 0 0 0 1 0 0 0
0 0 1 0 0 0 0 0
1 0 0 0 0 0 0 0
0 0 0 0 0 0 0 1
0 1 0 0 0 0 0 0
0 0 0 0 0 1 0 0
0 0 0 0 0 0 0 1
1 0 0 0 0 0 0 0
0 0 0 0 0 0 0 1
0 0 0 0 1 0 0 0
0 0 0 0 0 0 1 0
0 0 1 0 0 0 0 0
0 0 0 0 0 0 1 0
0 0 0 0 0 1 0 0
0 0 0 0 0 1 0 0
0 1 0 0 0 0 0 0
0 1 0 0 0 0 0 0
0 0 0 0 0 1 0 0
0 0 0 0 0 1 0 0
0 0 0 0 0 0 0 1
0 0 1 0 0 0 0 0
0 0 0 1 0 0 0 0
0 0 0 1 0 0 0 0
0 0 1 0 0 0 0 0
0 1 0 0 0 0 0 0
1 0 0 0 0 0 0 0
0 0 0 0 0 0 1 0
0 1 0 0 0 0 0 0
0 0 0 0 0 1 0 0
0 0 0 1 0 0 0 0
0 0 1 0 0 0 0 0
0 0 0 0 1 0 0 0
0 0 0 0 0 0 0 1
0 0 0 0 1 0 0 0
0 0 0 1 0 0 0 0
0 0 0 0 0 0 0 1
0 0 1 0 0 0 0 0
1 0 0 0 0 0 0 0
0 0 0 1 0 0 0 0
0 1 0 0 0 0 0 0
1 0 0 0 0 0 0 0
0 0 1 0 0 0 0 0
1 0 0 0 0 0 0 0
0 1 0 0 0 0 0 0
1 0 0 0 0 0 0 0
0 1 0 0 0 0 0 0
0 0 0 0 0 1 0 0
0 0 0 0 1 0 0 0
0 0 0 1 0 0 0 0
0 0 0 1 0 0 0 0
0 0 0 1 0 0 0 0
0 0 0 0 0 0 1 0
0 0 0 0 1 0 0 0
0 0 0 0 0 0 1 0
0 0 0 0 0 1 0 0
0 0 0 0 0 0 1 0
0 0 0 1 0 0 0 0
0 0 0 0 1 0 0 0
0 0 0 1 0 0 0 0
0 0 1 0 0 0 0 0
0 0 1 0 0 0 0 0
0 0 0 0 0 0 0 1
1 0 0 0 0 0 0 0
0 0 0 0 0 0 0 1
1 0 0 0 0 0 0 0
0 0 0 0 0 0 0 1
0 0 0 1 0 0 0 0
0 0 0 0 1 0 0 0
0 0 0 0 1 0 0 0
0 0 1 0 0 0 0 0
0 0 0 1 0 0 0 0
0 0 0 0 0 0 1 0
0 0 1 0 0 0 0 0
0 1 0 0 0 0 0 0
0 0 1 0 0 0 0 0
1 0 0 0 0 0 0 0
0 0 1 0 0 0 0 0
0 1 0 0 0 0 0 0
0 1 0 0 0 0 0 0
0 0 0 0 0 1 0 0
0 1 0 0 0 0 0 0
0 0 0 0 0 0 1 0
0 0 0 0 0 0 0 1
1 0 0 0 0 0 0 0
0 1 0 0 0 0 0 0
0 0 0 0 1 0 0 0
0 0 0 0 0 0 0 1
0 1 0 0 0 0 0 0
1 0 0 0 0 0 0 0
0 1 0 0 0 0 0 0
0 0 1 0 0 0 0 0
0 0 0 0 1 0 0 0
0 0 0 0 0 0 0 1
0 0 0 0 1 0 0 0
0 0 1 0 0 0 0 0
0 0 0 0 1 0 0 0
0 0 0 1 0 0 0 0
0 0 0 0 1 0 0 0
0 0 0 0 0 0 1 0
0 0 0 0 1 0 0 0
0 0 1 0 0 0 0 0
0 0 0 0 1 0 0 0
0 0 0 0 0 1 0 0
0 0 0 1 0 0 0 0
1 0 0 0 0 0 0 0
0 0 0 0 1 0 0 0
0 0 0 0 1 0 0 0
0 0 0 0 1 0 0 0
0 1 0 0 0 0 0 0
0 0 0 0 1 0 0 0
0 0 0 0 1 0 0 0
0 1 0 0 0 0 0 0
0 0 0 0 0 1 0 0
1 0 0 0 0 0 0 0
0 0 0 0 0 1 0 0
0 0 0 0 0 0 1 0
1 0 0 0 0 0 0 0
0 0 0 0 1 0 0 0
0 0 1 0 0 0 0 0
0 0 0 0 0 0 1 0
0 0 0 0 0 0 0 1
0 0 0 0 0 0 1 0
1 0 0 0 0 0 0 0
0 0 0 0 0 0 0 1
0 1 0 0 0 0 0 0
0 0 0 0 0 0 1 0
0 1 0 0 0 0 0 0
0 0 0 0 0 0 1 0
0 1 0 0 0 0 0 0
0 0 0 0 0 1 0 0
1 0 0 0 0 0 0 0
0 0 0 1 0 0 0 0
0 0 0 0 0 1 0 0
0 0 0 0 1 0 0 0
0 1 0 0 0 0 0 0
0 0 0 0 1 0 0 0
0 0 0 1 0 0 0 0
0 0 0 0 0 0 1 0
0 0 1 0 0 0 0 0
1 0 0 0 0 0 0 0
0 0 0 0 0 1 0 0
0 1 0 0 0 0 0 0
0 0 0 0 0 0 1 0
0 1 0 0 0 0 0 0
0 1 0 0 0 0 0 0
0 0 1 0 0 0 0 0
0 0 0 1 0 0 0 0
1 0 0 0 0 0 0 0
0 0 0 0 1 0 0 0
0 0 0 0 1 0 0 0
0 0 0 0 0 0 1 0
0 0 0 0 0 0 1 0
0 0 0 0 0 0 1 0
1 0 0 0 0 0 0 0
0 0 0 0 0 1 0 0
0 0 0 0 0 1 0 0
1 0 0 0 0 0 0 0
0 0 0 0 0 0 1 0
1 0 0 0 0 0 0 0
0 1 0 0 0 0 0 0
0 1 0 0 0 0 0 0
0 0 0 1 0 0 0 0
0 0 0 0 1 0 0 0
0 0 0 0 0 0 0 1
0 0 0 0 0 0 1 0
0 0 0 0 0 0 1 0
0 0 0 0 1 0 0 0
0 0 0 0 0 0 0 1
0 0 0 1 0 0 0 0
0 0 1 0 0 0 0 0
0 0 0 0 0 1 0 0
1 0 0 0 0 0 0 0
0 1 0 0 0 0 0 0
0 1 0 0 0 0 0 0
0 0 1 0 0 0 0 0
0 0 0 0 0 0 1 0
0 0 0 0 0 1 0 0
0 0 0 0 1 0 0 0
0 0 0 0 0 0 0 1
1 0 0 0 0 0 0 0
0 0 1 0 0 0 0 0
1 0 0 0 0 0 0 0
0 0 0 1 0 0 0 0
0 0 1 0 0 0 0 0
0 1 0 0 0 0 0 0
0 0 0 0 1 0 0 0
0 1 0 0 0 0 0 0
0 0 1 0 0 0 0 0
0 0 1 0 0 0 0 0
0 0 1 0 0 0 0 0
0 1 0 0 0 0 0 0
0 0 0 0 0 1 0 0
0 0 0 1 0 0 0 0
0 0 0 1 0 0 0 0
0 0 0 0 1 0 0 0
1 0 0 0 0 0 0 0
0 0 0 0 1 0 0 0
0 0 0 0 0 0 0 1
0 0 0 0 0 0 0 1
1 0 0 0 0 0 0 0
0 0 0 0 0 0 0 1
1 0 0 0 0 0 0 0
0 0 0 0 0 0 1 0
0 0 0 0 0 0 0 1
0 0 1 0 0 0 0 0
0 0 0 0 0 1 0 0
0 0 0 0 0 1 0 0
0 1 0 0 0 0 0 0
0 0 0 0 0 0 1 0
0 0 0 0 0 0 1 0
0 0 0 0 1 0 0 0
0 1 0 0 0 0 0 0
0 0 0 0 0 1 0 0
0 1 0 0 0 0 0 0
0 0 0 1 0 0 0 0
0 0 1 0 0 0 0 0
0 0 0 0 0 0 1 0
0 0 0 0 0 0 0 1
0 0 1 0 0 0 0 0
0 0 1 0 0 0 0 0
0 0 0 1 0 0 0 0
1 0 0 0 0 0 0 0
0 0 0 0 1 0 0 0
0 0 1 0 0 0 0 0
0 0 0 0 0 0 0 1
0 0 0 0 0 1 0 0
0 0 0 0 0 0 1 0
0 0 0 1 0 0 0 0
0 0 0 0 1 0 0 0
0 0 0 0 0 0 1 0
0 0 1 0 0 0 0 0
0 0 0 0 1 0 0 0
0 0 0 0 1 0 0 0
0 0 1 0 0 0 0 0
0 0 0 0 0 0 1 0
0 0 0 1 0 0 0 0
1 0 0 0 0 0 0 0
0 0 0 0 0 0 1 0
0 1 0 0 0 0 0 0
0 0 0 0 0 0 1 0
0 1 0 0 0 0 0 0
1 0 0 0 0 0 0 0
0 0 0 0 0 0 1 0
0 1 0 0 0 0 0 0
0 0 0 0 0 1 0 0
0 0 0 1 0 0 0 0
0 0 0 0 0 0 1 0
0 1 0 0 0 0 0 0
0 0 1 0 0 0 0 0
0 0 0 0 0 0 0 1
0 0 0 0 1 0 0 0
0 0 1 0 0 0 0 0
0 0 0 0 0 1 0 0
0 0 0 0 0 1 0 0
0 0 0 0 1 0 0 0
0 1 0 0 0 0 0 0
0 0 0 0 0 0 0 1
1 0 0 0 0 0 0 0
1 0 0 0 0 0 0 0
0 0 0 0 0 0 0 1
0 0 1 0 0 0 0 0
0 0 0 0 0 0 0 1
0 0 0 0 1 0 0 0
1 0 0 0 0 0 0 0
0 0 0 1 0 0 0 0
0 0 0 0 1 0 0 0
0 0 0 0 0 0 0 1
0 0 1 0 0 0 0 0
0 0 0 0 0 1 0 0
0 0 0 0 0 0 0 1
1 0 0 0 0 0 0 0
0 0 0 0 0 1 0 0
0 0 0 0 1 0 0 0
0 0 0 0 0 0 0 1
0 0 0 0 0 1 0 0
0 0 1 0 0 0 0 0
0 0 0 1 0 0 0 0
0 0 0 0 0 1 0 0
0 1 0 0 0 0 0 0
1 0 0 0 0 0 0 0
0 0 0 0 1 0 0 0
0 0 0 0 0 1 0 0
0 0 0 0 1 0 0 0
0 0 0 0 0 0 1 0
0 0 1 0 0 0 0 0
0 0 0 0 1 0 0 0
0 0 0 0 0 0 0 1
0 1 0 0 0 0 0 0
0 0 0 0 0 0 1 0
0 1 0 0 0 0 0 0
0 0 0 0 0 1 0 0
0 0 0 0 0 0 0 1
0 0 0 1 0 0 0 0
1 0 0 0 0 0 0 0
0 0 1 0 0 0 0 0
0 0 0 0 0 0 1 0
1 0 0 0 0 0 0 0
0 0 0 0 0 0 1 0
0 0 0 0 0 1 0 0
0 0 0 0 0 1 0 0
0 0 0 0 1 0 0 0
0 0 0 0 0 1 0 0
0 0 0 0 1 0 0 0
0 0 0 0 0 1 0 0
0 0 0 0 0 0 1 0
0 0 0 0 0 0 0 1
0 0 0 0 1 0 0 0
0 0 0 0 0 0 1 0
0 0 0 1 0 0 0 0
0 0 0 0 1 0 0 0
0 0 0 0 0 1 0 0
0 0 0 0 0 0 1 0
0 0 0 0 0 0 0 1
0 0 0 0 0 1 0 0
0 0 1 0 0 0 0 0
1 0 0 0 0 0 0 0
0 0 0 1 0 0 0 0
0 0 0 0 0 1 0 0
0 0 0 0 0 1 0 0
0 0 0 0 1 0 0 0
1 0 0 0 0 0 0 0
0 0 1 0 0 0 0 0
0 0 0 0 0 0 0 1
1 0 0 0 0 0 0 0
0 1 0 0 0 0 0 0
0 0 0 1 0 0 0 0
0 0 0 0 1 0 0 0
0 0 1 0 0 0 0 0
0 1 0 0 0 0 0 0
0 0 0 0 0 0 1 0
0 0 0 0 0 0 0 1
0 1 0 0 0 0 0 0
1 0 0 0 0 0 0 0
0 0 1 0 0 0 0 0
0 0 0 0 0 0 1 0
0 0 0 1 0 0 0 0
0 1 0 0 0 0 0 0
0 0 0 0 1 0 0 0
0 0 0 0 0 0 1 0
0 0 0 0 0 0 0 1
1 0 0 0 0 0 0 0
0 0 0 0 0 0 1 0
1 0 0 0 0 0 0 0
0 1 0 0 0 0 0 0
0 0 0 0 1 0 0 0
1 0 0 0 0 0 0 0
0 0 0 0 0 0 0 1
0 0 0 0 0 0 0 1
0 0 0 0 0 0 1 0
0 0 0 0 0 1 0 0
0 0 0 0 0 1 0 0
0 0 0 0 0 0 1 0
0 0 0 0 0 1 0 0
0 1 0 0 0 0 0 0
0 0 0 0 0 1 0 0
0 0 0 1 0 0 0 0
0 0 0 0 1 0 0 0
1 0 0 0 0 0 0 0
0 0 0 0 0 0 1 0
0 0 0 0 0 0 0 1
0 0 0 0 1 0 0 0
0 0 1 0 0 0 0 0
0 1 0 0 0 0 0 0
0 0 0 0 0 1 0 0
0 0 0 0 0 1 0 0
0 0 0 0 0 1 0 0
0 0 0 0 0 0 1 0
0 0 0 0 0 0 0 1
0 0 0 0 0 0 0 1
1 0 0 0 0 0 0 0
0 0 0 1 0 0 0 0
0 0 1 0 0 0 0 0
0 0 0 0 0 0 1 0
0 1 0 0 0 0 0 0
0 0 0 0 0 1 0 0
0 1 0 0 0 0 0 0
0 0 0 0 0 0 1 0
1 0 0 0 0 0 0 0
0 1 0 0 0 0 0 0
0 1 0 0 0 0 0 0
0 0 1 0 0 0 0 0
0 0 0 0 0 0 0 1
0 0 0 0 0 1 0 0
0 0 0 0 0 1 0 0
0 0 0 0 0 0 1 0
0 0 0 0 0 0 1 0
0 1 0 0 0 0 0 0
0 0 0 0 0 1 0 0
0 0 0 0 0 0 0 1
0 0 0 0 0 0 1 0
0 0 1 0 0 0 0 0
0 0 0 1 0 0 0 0
0 0 0 0 0 0 0 1
0 0 0 0 0 0 0 1
1 0 0 0 0 0 0 0
1 0 0 0 0 0 0 0
0 0 1 0 0 0 0 0
1 0 0 0 0 0 0 0
1 0 0 0 0 0 0 0
0 0 0 1 0 0 0 0
0 0 0 0 0 0 1 0
1 0 0 0 0 0 0 0
0 0 1 0 0 0 0 0
0 0 0 0 0 1 0 0
0 0 0 0 1 0 0 0
1 0 0 0 0 0 0 0
0 1 0 0 0 0 0 0
1 0 0 0 0 0 0 0
1 0 0 0 0 0 0 0
0 0 0 0 1 0 0 0
0 0 0 0 0 0 0 1
0 0 0 0 0 0 0 1
0 0 0 1 0 0 0 0
0 0 0 0 1 0 0 0
1 0 0 0 0 0 0 0
0 0 0 0 0 0 1 0
0 1 0 0 0 0 0 0
0 0 0 0 1 0 0 0
0 0 0 0 1 0 0 0
0 0 1 0 0 0 0 0
1 0 0 0 0 0 0 0
0 0 0 1 0 0 0 0
0 0 0 1 0 0 0 0
1 0 0 0 0 0 0 0
0 0 0 1 0 0 0 0
0 1 0 0 0 0 0 0
1 0 0 0 0 0 0 0
0 1 0 0 0 0 0 0
0 0 1 0 0 0 0 0
0 0 1 0 0 0 0 0
0 0 1 0 0 0 0 0
0 0 0 0 1 0 0 0
0 0 1 0 0 0 0 0
0 0 0 0 1 0 0 0
0 0 0 0 0 0 0 1
0 0 0 1 0 0 0 0
0 0 0 0 0 0 0 1
0 0 0 0 1 0 0 0
0 0 0 0 0 0 0 1
0 0 0 1 0 0 0 0
0 0 0 0 0 1 0 0
0 0 0 0 0 1 0 0
0 0 1 0 0 0 0 0
0 0 1 0 0 0 0 0
0 1 0 0 0 0 0 0
0 0 0 0 0 1 0 0
0 0 0 0 0 0 1 0
0 0 1 0 0 0 0 0
0 0 0 0 0 1 0 0
1 0 0 0 0 0 0 0
0 0 0 0 0 1 0 0
0 0 0 0 0 1 0 0
0 0 0 0 0 0 0 1
0 1 0 0 0 0 0 0
0 0 0 0 1 0 0 0
0 0 0 0 0 0 0 1
0 0 1 0 0 0 0 0
0 0 0 0 1 0 0 0
0 0 0 0 0 0 1 0
0 0 0 0 0 1 0 0
0 0 0 0 1 0 0 0
0 0 0 0 0 0 0 1
0 0 0 0 0 1 0 0
0 0 1 0 0 0 0 0
0 1 0 0 0 0 0 0
0 0 0 0 1 0 0 0
0 1 0 0 0 0 0 0
0 0 0 0 0 1 0 0
0 0 1 0 0 0 0 0
0 0 0 0 0 0 1 0
1 0 0 0 0 0 0 0
0 0 0 0 0 1 0 0
0 0 0 0 0 0 1 0
0 0 0 0 0 0 1 0
0 1 0 0 0 0 0 0
1 0 0 0 0 0 0 0
0 1 0 0 0 0 0 0
0 0 0 1 0 0 0 0
0 0 0 0 0 1 0 0
0 0 0 0 0 1 0 0
0 0 0 0 0 1 0 0
0 0 1 0 0 0 0 0
0 0 0 0 0 0 1 0
0 0 0 0 1 0 0 0
0 0 0 0 1 0 0 0
0 0 0 1 0 0 0 0
0 0 1 0 0 0 0 0
0 0 0 0 1 0 0 0
0 0 0 0 0 0 1 0
0 0 0 0 0 0 0 1
0 0 0 0 0 1 0 0
0 0 0 0 0 1 0 0
0 0 0 0 0 1 0 0
0 1 0 0 0 0 0 0
0 1 0 0 0 0 0 0
0 0 0 0 0 0 0 1
0 0 0 0 0 0 1 0
0 0 0 0 0 1 0 0
0 0 0 0 1 0 0 0
0 0 1 0 0 0 0 0
1 0 0 0 0 0 0 0
0 0 0 0 0 0 0 1
0 0 0 1 0 0 0 0
0 0 0 0 0 0 0 1
0 0 0 0 0 1 0 0
0 0 1 0 0 0 0 0
0 1 0 0 0 0 0 0
0 0 0 1 0 0 0 0
0 1 0 0 0 0 0 0
1 0 0 0 0 0 0 0
0 1 0 0 0 0 0 0
0 0 0 0 0 1 0 0
0 0 0 0 0 1 0 0
0 0 0 0 0 0 0 1
1 0 0 0 0 0 0 0
0 0 0 0 0 0 1 0
0 1 0 0 0 0 0 0
0 0 0 0 1 0 0 0
0 0 0 0 0 0 0 1
0 0 0 0 0 0 0 1
0 0 0 0 0 1 0 0
0 0 0 0 0 0 0 1
0 0 0 0 0 1 0 0
0 0 0 0 0 1 0 0
1 0 0 0 0 0 0 0
0 0 0 0 0 1 0 0
0 0 0 1 0 0 0 0
0 0 0 0 0 0 0 1
0 1 0 0 0 0 0 0
0 0 0 0 0 1 0 0
0 0 1 0 0 0 0 0
0 0 0 1 0 0 0 0
0 0 0 0 1 0 0 0
0 0 1 0 0 0 0 0
0 1 0 0 0 0 0 0
1 0 0 0 0 0 0 0
0 0 0 0 0 0 1 0
0 0 0 1 0 0 0 0
0 0 1 0 0 0 0 0
0 0 0 0 1 0 0 0
0 0 0 1 0 0 0 0
0 1 0 0 0 0 0 0
0 0 0 0 0 0 0 1
0 0 0 1 0 0 0 0
0 0 0 0 1 0 0 0
0 1 0 0 0 0 0 0
0 0 0 0 0 1 0 0
0 1 0 0 0 0 0 0
0 0 0 0 0 1 0 0
1 0 0 0 0 0 0 0
0 1 0 0 0 0 0 0
1 0 0 0 0 0 0 0
0 0 0 0 1 0 0 0
0 1 0 0 0 0 0 0
0 0 0 0 1 0 0 0
1 0 0 0 0 0 0 0
0 0 0 1 0 0 0 0
0 0 0 0 1 0 0 0
0 0 0 0 0 0 1 0
0 0 0 0 1 0 0 0
0 0 0 0 0 1 0 0
0 1 0 0 0 0 0 0
0 1 0 0 0 0 0 0
1 0 0 0 0 0 0 0
0 1 0 0 0 0 0 0
0 0 0 0 0 0 0 1
1 0 0 0 0 0 0 0
0 0 0 0 0 0 0 1
0 0 0 0 1 0 0 0
0 0 0 0 0 1 0 0
0 0 0 0 1 0 0 0
0 0 0 0 0 0 1 0
0 0 0 0 0 1 0 0
0 0 0 0 0 0 1 0
0 0 0 0 0 0 0 1
0 0 0 1 0 0 0 0
0 0 0 0 0 0 0 1
0 0 0 0 0 0 0 1
0 0 1 0 0 0 0 0
0 0 0 1 0 0 0 0
0 0 0 1 0 0 0 0
0 0 0 0 1 0 0 0
0 0 0 0 0 0 0 1
0 0 0 1 0 0 0 0
0 0 1 0 0 0 0 0
0 0 1 0 0 0 0 0
0 1 0 0 0 0 0 0
0 0 0 0 1 0 0 0

Capacidades:
34 22 39 45 30 40 50 26
27 50 21 59 0 20 56 37
21 0 47 40 26 37 24 43
40 0 0 0 25 30 20 29
22 51 43 33 47 0 26 42
54 33 26 50 44 23 22 0
37 42 20 40 26 0 27 52
25 27 38 0 38 34 27 48
45 42 44 0 0 58 29 38
24 29 28 42 54 52 49 52
