m: 500
n: 5
p: 6

Distancias:
8.14 7.81 7.81 7.94 6.64
2.30 1.58 2.99 5.16 2.79
1.56 2.18 7.77 1.10 7.45
4.62 4.58 4.34 7.48 4.71
2.20 5.70 7.73 1.83 8.06
3.40 8.60 9.30 6.13 5.06
7.72 4.18 6.04 1.65 1.37
3.77 1.35 1.54 9.29 4.01
9.02 3.77 5.95 1.18 4.25
5.93 6.21 2.87 1.71 2.19
3.18 8.74 8.84 8.74 5.38
7.18 2.90 6.33 8.27 1.94
7.87 8.15 5.07 3.64 1.86
8.60 6.95 7.41 8.22 2.77
6.14 4.11 7.79 9.49 6.50
9.58 1.27 8.79 7.69 5.35
4.04 5.37 8.44 7.36 3.04
3.96 3.12 1.97 3.22 6.46
7.75 8.68 7.03 1.65 1.35
4.78 8.89 2.10 9.53 3.36
5.21 9.63 9.10 5.83 8.73
9.18 6.40 9.07 5.65 1.72
3.31 2.87 4.73 4.63 7.81
5.65 8.37 5.32 4.58 3.48
8.89 9.68 9.38 3.65 3.10
2.27 7.75 2.37 1.23 2.14
4.17 5.63 8.80 1.66 3.29
4.24 4.13 5.62 4.11 7.92
5.27 3.83 8.33 7.44 4.09
3.82 7.18 3.43 5.58 7.90
3.51 4.39 1.08 8.80 8.88
1.18 1.46 1.31 3.52 1.68
7.15 4.01 8.91 8.10 1.86
2.85 5.40 6.19 7.60 6.56
9.28 1.19 8.36 6.44 2.36
3.15 9.27 8.17 1.90 6.37
5.30 4.68 1.49 3.84 6.06
7.27 7.86 9.76 8.91 1.62
6.80 6.22 3.07 1.58 9.80
5.98 7.16 4.67 1.78 1.14
6.65 1.17 3.37 4.43 3.03
8.51 9.17 7.01 3.38 6.79
1.81 8.52 6.57 7.95 7.66
8.03 8.42 4.41 8.86 1.34
9.40 4.27 2.54 9.39 4.18
8.43 9.44 6.10 6.48 4.63
2.91 6.80 9.03 2.09 8.51
6.23 8.59 5.01 2.84 9.51
8.13 2.11 3.00 7.43 4.15
4.86 5.69 9.14 7.06 4.52
5.47 7.27 6.40 2.35 1.13
1.74 2.08 9.54 9.94 3.29
2.92 7.30 2.73 8.25 7.71
8.83 3.39 4.59 9.75 3.30
6.35 5.38 2.51 3.49 1.41
8.56 3.26 4.25 9.12 5.46
1.18 1.27 2.90 4.85 4.41
1.50 9.76 9.62 3.99 9.45
8.42 3.09 9.83 9.15 8.97
7.75 5.73 6.18 1.18 1.73
1.83 4.61 6.62 1.11 2.20
5.54 7.45 2.42 6.99 4.42
1.73 8.63 8.44 1.16 1.53
1.26 3.14 9.11 9.51 4.84
9.58 6.32 5.07 1.18 6.06
8.62 3.37 2.21 2.85 2.18
5.84 3.57 7.48 3.34 9.68
7.28 2.31 8.38 8.30 8.12
2.72 9.11 3.10 1.31 6.60
5.72 3.16 5.38 7.33 7.61
6.95 1.35 8.74 1.76 7.10
7.02 2.25 1.40 8.10 1.08
1.81 8.26 6.46 4.58 4.34
7.88 4.47 7.18 5.17 4.15
1.27 2.65 8.33 2.52 2.26
1.57 6.87 2.06 3.02 1.76
6.55 2.94 7.35 1.48 3.43
5.31 3.35 6.92 5.70 9.95
6.77 2.77 1.31 5.41 9.03
5.56 4.18 8.64 5.42 8.36
7.59 8.05 3.86 1.35 3.37
4.31 4.48 2.33 4.95 8.55
8.18 1.17 5.68 3.57 1.63
8.47 4.34 7.17 2.49 6.87
4.09 9.31 4.15 3.73 4.01
7.66 3.66 3.95 8.25 3.02
9.80 8.31 8.09 8.01 9.77
3.62 2.25 5.53 3.79 2.85
2.43 7.23 6.58 7.22 2.15
2.51 6.16 1.89 1.59 7.86
6.21 1.05 4.55 5.85 2.01
6.51 7.19 7.87 2.29 4.40
6.67 5.84 6.26 2.13 4.32
6.58 2.82 7.87 4.40 7.14
6.66 8.93 3.99 9.58 3.21
3.50 2.44 6.00 1.10 3.70
7.70 4.79 6.32 4.67 3.91
7.91 3.19 3.51 6.54 1.66
8.32 2.26 4.64 6.68 9.69
6.79 3.16 3.44 5.97 7.90
5.05 8.21 2.56 2.41 3.17
1.63 4.97 8.33 7.28 6.30
4.70 7.98 2.37 5.31 7.85
5.21 1.61 9.39 1.93 9.25
5.02 4.36 1.08 9.88 1.18
8.29 7.71 6.24 4.74 2.80
4.60 5.06 4.81 7.42 1.45
6.16 2.24 8.72 2.06 3.64
4.29 3.88 9.74 5.68 7.88
4.91 9.96 3.32 9.14 3.64
5.69 4.31 8.85 5.21 7.06
6.15 5.22 3.51 6.98 2.69
5.26 4.74 9.86 8.68 8.73
2.08 6.22 8.19 7.75 6.30
2.92 9.69 8.48 8.05 2.42
5.86 3.79 6.84 1.35 6.82
8.58 1.14 2.20 6.50 2.52
3.66 9.84 7.91 5.62 4.62
1.36 1.12 5.87 7.11 5.58
9.09 5.91 7.59 1.68 2.48
1.84 6.65 3.79 8.39 7.65
2.03 9.83 5.25 5.82 1.43
5.18 4.18 3.60 2.02 2.15
1.15 4.34 7.41 6.99 8.36
5.50 7.32 3.51 8.56 2.32
5.56 6.89 7.83 8.32 5.53
3.39 7.23 9.81 2.46 7.91
9.08 3.44 4.37 1.78 5.49
4.18 4.63 7.37 7.19 7.27
5.64 3.59 6.92 9.04 7.84
2.10 7.25 2.37 9.44 2.11
1.72 7.48 7.48 5.83 4.03
6.26 5.18 1.32 3.18 5.39
6.22 4.85 2.92 2.94 3.62
1.23 2.22 7.21 5.42 3.94
5.52 3.22 9.68 2.63 5.83
6.12 5.58 5.11 2.08 2.86
5.33 5.33 2.65 9.09 7.24
2.34 3.24 4.81 4.78 3.57
4.28 9.76 7.10 4.45 6.88
9.35 6.94 4.27 6.20 3.55
5.72 8.22 7.66 3.16 7.13
7.68 6.90 9.90 9.93 4.49
3.62 7.21 5.03 7.56 4.34
8.26 7.06 3.39 5.49 6.37
8.68 2.49 8.03 5.07 8.16
9.60 2.05 3.32 1.88 5.13
4.51 7.11 8.67 1.35 6.50
2.83 3.34 8.25 4.49 4.63
2.90 3.52 4.74 4.99 1.72
7.03 9.14 6.76 7.90 1.06
8.54 4.72 1.23 7.59 7.29
9.75 2.47 4.09 8.95 5.00
9.29 3.02 5.48 4.92 4.61
3.94 2.85 5.64 4.96 1.37
5.19 1.03 8.75 6.94 7.36
2.43 8.53 9.17 8.33 5.30
3.60 5.56 3.65 1.79 3.61
8.24 2.64 5.17 6.43 5.73
9.78 9.34 5.10 7.59 5.35
3.99 7.78 4.21 6.85 8.31
4.26 1.70 1.80 1.08 5.59
4.28 7.37 5.12 1.29 4.90
7.38 8.24 9.96 7.10 2.71
1.40 1.54 5.60 4.12 9.99
8.81 8.12 7.54 6.61 6.68
5.94 4.82 1.63 8.85 2.53
8.74 5.84 4.69 6.94 6.76
5.69 6.19 1.83 5.02 5.52
3.54 8.71 1.74 2.13 9.49
5.55 9.82 7.65 4.48 6.43
8.25 4.15 3.98 4.10 4.85
1.37 4.55 1.31 7.91 3.07
9.94 1.74 3.69 9.76 7.64
1.37 4.13 9.72 2.64 2.97
3.58 2.70 1.66 9.20 9.74
1.13 8.46 2.26 5.60 7.86
4.89 3.94 5.96 8.57 8.12
5.98 5.21 9.23 3.33 4.29
1.89 5.41 1.63 8.04 8.90
1.19 4.69 9.31 1.59 8.63
3.48 3.05 5.11 5.22 7.99
8.70 1.80 2.15 9.52 5.00
9.35 4.41 8.37 5.53 4.97
2.46 5.24 1.59 9.06 4.69
4.98 4.44 9.21 7.68 7.58
8.77 4.95 6.27 4.63 1.09
2.67 4.12 6.66 7.78 7.66
3.32 4.42 1.14 1.62 2.65
5.74 9.64 3.46 3.30 9.98
2.47 7.19 7.21 2.33 1.68
4.91 9.68 4.36 4.42 2.15
8.14 6.52 4.90 2.24 7.63
4.74 7.90 9.47 9.29 1.43
9.10 2.60 6.32 3.99 1.34
3.95 2.12 2.65 3.37 4.50
9.78 4.43 2.38 9.06 8.41
8.71 6.91 7.38 6.83 3.39
8.03 3.38 1.60 2.74 1.06
4.12 8.12 5.19 3.49 2.86
7.18 8.67 3.80 5.92 3.90
2.89 8.12 9.55 6.52 2.37
6.19 4.57 7.44 7.74 1.01
4.33 8.73 9.69 3.46 4.35
2.67 7.11 4.44 3.34 8.89
5.47 2.46 3.21 4.56 9.02
6.11 8.43 6.30 2.60 3.48
1.38 6.94 9.42 3.51 7.97
3.16 6.84 2.85 1.41 7.59
5.16 3.53 7.66 3.95 1.45
6.36 1.75 6.35 1.53 1.47
1.21 9.11 8.78 8.78 5.77
8.75 4.14 6.77 9.65 6.44
8.58 7.05 4.67 4.23 9.01
3.76 8.92 9.57 1.27 3.26
2.54 3.46 8.31 6.25 2.44
9.05 3.77 3.76 6.72 6.09
9.40 1.74 2.85 9.43 1.90
5.88 7.69 7.15 7.57 3.57
4.59 4.69 6.58 2.67 7.53
2.32 7.97 8.59 3.86 6.69
4.20 5.49 6.76 6.04 6.56
7.19 7.67 8.08 4.48 6.19
5.14 7.99 3.93 2.21 4.27
9.66 3.04 4.22 2.38 1.63
5.92 6.66 7.69 3.79 7.13
6.71 9.19 9.83 9.15 3.42
8.35 8.09 5.04 2.08 8.05
1.64 3.36 7.92 8.70 9.26
8.30 9.42 7.08 4.53 2.16
2.20 1.87 1.41 6.24 8.20
8.37 9.76 7.35 3.02 8.08
1.14 4.26 8.78 2.45 2.00
8.36 9.80 6.22 7.23 6.45
6.18 5.90 2.42 3.80 1.67
1.46 3.98 4.45 2.10 6.33
5.12 1.88 3.68 6.34 4.92
7.63 3.93 9.09 9.37 8.86
7.89 5.53 8.51 2.82 3.69
8.36 8.77 1.31 6.25 8.08
6.98 4.09 8.12 7.15 7.99
8.75 2.97 7.91 5.76 2.04
4.19 1.94 7.06 8.41 7.80
5.12 7.88 3.21 9.44 9.44
9.55 2.46 6.49 2.41 4.46
8.17 4.46 6.07 4.70 5.01
3.91 6.21 1.38 7.28 7.29
4.27 1.47 8.51 1.32 9.10
9.34 9.12 8.57 8.57 6.26
7.71 7.07 1.28 3.55 8.39
3.96 7.29 5.82 5.86 8.39
6.72 2.93 2.85 8.60 4.75
5.31 4.34 1.58 4.84 5.83
2.37 3.84 7.96 5.15 9.89
2.93 8.27 3.68 6.23 5.49
4.94 6.94 5.83 9.40 8.71
8.62 9.81 1.73 7.76 5.12
6.29 7.62 7.45 8.44 2.29
5.86 7.67 9.97 5.36 1.24
9.05 1.18 5.61 9.83 7.45
3.07 9.90 1.55 4.99 6.60
6.34 4.97 6.30 3.92 7.21
1.93 3.99 6.98 7.71 1.20
6.51 2.04 4.15 6.09 6.49
3.38 7.60 7.29 9.66 8.23
7.45 1.18 3.11 6.08 2.33
3.66 8.73 1.62 8.58 8.37
1.38 5.60 7.98 5.50 2.24
4.18 1.11 3.66 3.11 3.83
4.61 2.72 1.10 2.60 8.13
8.39 4.45 6.28 2.74 3.32
8.51 7.50 1.71 1.95 3.29
4.13 9.15 7.66 8.40 1.63
2.04 2.82 7.79 2.14 4.54
2.70 5.48 1.93 2.25 3.12
1.61 5.39 3.88 2.69 6.60
7.93 6.41 4.60 1.11 6.32
6.63 8.03 6.61 4.97 5.45
7.48 4.03 9.82 1.14 7.05
3.56 1.48 1.89 4.37 1.65
8.26 3.23 3.47 2.43 2.96
6.91 7.03 7.84 5.62 9.58
4.85 2.94 6.80 8.88 8.52
1.05 3.15 2.20 4.31 5.33
3.55 2.75 1.41 9.36 6.36
4.09 9.16 7.20 7.95 8.07
4.66 9.27 4.41 2.44 6.87
7.66 3.04 3.97 2.93 5.64
1.30 6.11 8.20 8.89 4.32
1.82 5.90 3.12 4.33 5.08
6.18 1.88 7.45 1.91 3.60
7.73 8.64 2.85 3.33 2.58
3.01 1.21 4.54 8.70 7.75
2.15 9.39 5.22 3.80 5.55
5.90 3.18 4.37 9.81 8.66
8.42 5.14 4.16 1.89 9.06
7.12 7.72 8.40 7.67 8.63
8.45 3.67 8.29 6.76 7.21
9.08 5.63 2.01 1.81 3.89
8.12 4.14 6.85 9.33 5.19
1.42 8.57 8.78 7.00 4.97
9.27 9.60 5.09 7.33 8.51
2.77 6.59 8.11 5.94 1.84
7.81 4.78 2.90 4.37 1.46
4.32 6.87 3.68 3.47 6.42
5.11 7.91 9.53 5.58 1.89
8.17 1.34 6.87 1.73 3.38
4.31 8.85 1.42 3.18 8.72
7.55 7.36 9.84 5.50 6.14
1.28 4.83 2.80 9.24 4.16
1.01 2.91 6.28 4.11 5.73
7.79 3.84 3.86 6.97 5.08
4.14 8.60 3.39 2.33 2.07
4.46 6.93 6.59 3.93 6.83
7.20 4.61 2.38 6.88 5.88
1.90 1.44 6.19 4.52 9.54
1.71 8.27 4.19 3.25 8.08
7.39 2.12 4.75 9.38 9.97
1.79 1.44 9.06 5.78 1.57
5.89 6.60 5.77 9.35 9.98
5.96 1.99 3.65 6.69 6.03
9.86 6.80 7.66 1.42 8.24
2.28 6.59 9.28 4.62 9.75
3.81 8.87 7.85 9.85 2.80
8.40 7.63 5.67 5.70 1.67
5.65 5.47 9.05 6.71 7.91
3.75 4.35 2.96 7.08 2.84
5.61 7.11 5.42 8.26 2.12
4.80 2.78 9.30 6.25 3.19
4.19 3.44 4.03 6.43 5.49
7.81 2.30 2.21 2.87 1.88
3.29 5.02 1.56 1.68 5.46
6.97 5.33 5.99 2.21 3.08
3.90 8.83 5.93 5.15 2.40
4.37 6.59 4.03 8.70 1.00
7.86 1.37 6.63 2.19 1.80
6.18 7.43 9.93 9.53 9.87
9.55 1.83 5.32 8.58 7.57
9.50 6.99 5.35 7.07 7.91
7.96 2.90 4.57 4.80 2.78
6.39 4.92 4.81 6.88 3.30
7.50 9.78 3.12 3.35 1.73
8.29 2.36 2.90 3.58 7.02
9.33 5.73 8.67 6.48 1.24
4.65 5.94 2.28 5.68 3.70
7.46 7.29 4.49 6.22 5.65
5.49 5.83 5.59 3.92 8.75
1.08 4.20 5.29 6.48 6.15
1.58 7.49 2.50 8.95 4.50
6.94 5.15 2.36 7.32 1.13
1.22 2.24 5.57 8.83 1.06
8.83 1.19 4.71 2.20 2.81
5.28 1.98 9.21 9.85 2.64
5.29 8.79 2.97 5.32 6.78
2.84 8.51 8.16 7.98 6.24
7.91 2.05 9.91 1.26 3.89
3.86 6.17 3.86 6.85 4.69
8.36 2.79 2.50 1.59 6.88
8.06 4.29 3.00 5.24 4.67
2.64 6.62 8.16 3.07 4.06
6.69 8.41 6.36 6.19 2.44
7.99 6.82 3.81 7.14 6.14
8.85 8.11 8.18 3.62 3.25
3.73 1.82 8.11 9.21 3.68
4.38 2.48 1.03 6.41 9.03
5.13 2.69 3.19 6.97 4.75
5.10 2.64 8.09 6.46 1.82
9.25 1.83 4.85 3.46 9.71
8.16 5.39 8.26 7.35 1.07
7.13 3.26 8.50 8.41 4.64
7.81 6.84 5.72 4.52 7.01
1.46 7.63 5.04 2.36 4.96
7.16 8.57 8.43 4.13 9.57
5.86 7.67 3.73 6.23 3.02
2.57 2.19 5.41 8.30 7.79
9.95 3.86 6.11 7.18 9.23
1.76 5.61 6.91 1.46 2.34
5.09 3.68 7.65 8.08 5.95
6.22 6.04 8.61 9.14 8.83
7.08 5.80 8.66 4.41 4.27
1.63 2.15 4.14 2.57 5.37
8.06 3.93 5.14 5.07 2.44
7.67 1.20 5.62 7.53 7.72
6.84 6.31 2.10 5.44 2.26
4.60 3.54 6.40 8.27 5.56
9.16 8.19 6.71 9.15 8.82
8.62 5.77 2.28 9.15 3.10
7.25 9.93 1.32 3.92 2.66
4.26 2.03 2.31 1.41 9.60
6.18 8.35 4.48 2.34 1.02
8.37 9.40 7.80 4.32 6.06
3.74 7.79 3.67 1.32 9.83
7.11 2.29 2.63 8.29 9.18
7.28 2.87 3.96 9.51 1.47
1.41 7.13 2.53 7.12 8.63
6.09 1.09 6.95 7.56 5.20
9.41 6.28 5.84 3.57 7.79
1.51 4.25 1.99 4.80 4.15
3.71 8.27 7.01 2.82 2.17
8.31 8.50 6.72 5.01 9.04
9.98 3.09 1.05 3.66 1.67
5.90 9.90 6.68 8.45 9.48
3.01 9.99 2.02 5.79 9.50
7.53 6.48 6.16 7.54 6.78
9.32 3.23 7.36 8.69 4.77
3.38 2.56 2.47 5.11 8.39
9.92 1.68 7.46 1.41 6.19
4.47 5.71 4.84 9.80 4.93
3.65 6.29 8.55 4.56 2.68
3.47 6.90 6.91 8.03 5.51
9.21 9.09 5.69 5.00 4.60
5.24 2.97 3.09 5.65 8.27
9.17 4.41 2.85 6.48 9.52
7.38 6.55 8.54 3.06 3.66
8.90 4.46 3.77 5.51 9.49
2.96 1.82 7.58 9.50 2.17
8.20 2.40 8.44 5.56 1.97
9.37 9.39 9.97 6.79 3.29
5.40 6.92 1.47 9.93 6.78
2.19 8.44 6.72 5.49 4.59
6.00 5.70 3.53 3.68 1.96
9.05 5.80 6.24 8.84 9.66
5.72 4.53 6.29 5.15 2.75
2.99 8.43 3.79 6.16 6.20
3.75 8.79 1.91 9.59 2.45
1.19 7.90 4.81 3.84 6.78
8.26 7.32 9.33 4.03 9.34
9.55 2.94 4.25 1.52 8.13
8.45 2.11 8.31 2.97 9.74
9.97 3.01 9.57 8.69 2.03
8.71 9.00 1.92 7.52 8.82
1.85 2.84 3.10 3.85 1.76
4.85 5.46 1.93 9.08 7.33
8.53 6.92 4.26 6.07 3.76
4.62 3.67 4.50 2.61 5.30
4.67 3.09 3.83 7.13 6.19
9.33 1.85 8.51 5.13 8.98
5.08 5.08 4.39 6.40 2.59
6.66 5.88 7.57 3.77 9.11
2.28 6.09 1.38 1.06 5.34
2.92 1.34 5.17 5.65 4.13
2.40 4.69 5.03 9.86 9.80
1.13 1.49 9.24 1.78 3.21
9.19 9.97 5.20 4.78 2.31
1.57 1.64 7.93 2.54 2.25
1.96 8.10 1.97 3.59 8.54
7.27 5.15 6.68 7.96 8.98
6.43 3.26 9.75 6.64 9.71
1.70 5.97 9.31 4.18 6.94
3.44 6.15 9.95 5.71 9.04
7.89 7.73 2.04 7.77 6.77
4.51 5.84 4.31 9.76 5.84
8.40 8.09 3.32 8.36 4.19
7.34 6.28 4.72 5.29 6.28
7.90 2.30 4.64 5.04 6.65
2.55 7.71 8.60 5.77 5.79
1.55 8.16 9.36 6.62 2.94
8.55 2.62 9.43 2.59 6.23
2.13 9.71 9.07 9.78 1.79
3.94 8.55 8.39 7.45 5.21
3.41 6.36 3.05 7.76 6.19
8.18 4.91 7.58 3.90 2.95
2.61 2.21 5.16 5.39 5.08
1.96 8.00 7.09 7.54 5.99
7.57 8.32 4.14 2.86 8.79
2.02 1.86 9.90 1.76 7.71
5.08 4.14 7.19 1.51 8.14
2.31 2.64 3.84 4.53 9.40
6.70 2.47 2.99 5.80 8.22
2.22 4.65 2.70 2.82 3.21
2.63 1.41 1.84 4.07 6.24
8.14 6.26 9.85 9.87 1.19
2.48 1.98 5.06 5.23 8.18
7.25 9.15 9.97 5.69 9.30
1.89 5.35 1.44 5.04 9.29
5.82 2.19 2.70 5.01 7.46
7.25 7.48 6.52 1.07 1.90
8.38 8.66 8.39 2.97 3.57
8.67 8.84 5.48 5.69 5.11
2.37 5.73 3.04 6.97 2.39
8.47 8.37 9.60 8.18 2.31
8.84 4.42 3.49 1.28 2.06
1.70 7.88 7.16 9.55 8.31
3.38 2.80 3.03 4.85 4.18
3.17 5.65 9.77 1.06 2.96
8.26 4.92 5.94 6.36 1.58
4.10 3.32 1.83 1.86 5.98
4.15 8.83 2.96 3.75 2.88
2.19 4.18 9.73 5.23 6.39
6.30 8.65 9.00 6.73 1.71
8.72 3.21 2.99 1.66 8.52
7.93 8.28 2.21 6.20 6.29
3.85 5.73 7.79 3.02 1.71
3.26 5.17 4.55 6.47 9.21
8.46 8.56 1.41 6.87 1.19
3.57 9.39 1.53 7.18 5.80
8.38 9.40 8.27 7.06 6.57
1.67 5.37 8.01 9.63 3.94
4.54 9.72 5.83 7.90 9.45
6.33 3.87 2.30 8.43 3.88

Demandas:
0 1 0 0 0 0
0 0 1 0 0 0
0 0 1 0 0 0
0 0 0 0 0 1
0 0 0 1 0 0
0 0 0 0 1 0
0 1 0 0 0 0
0 0 0 0 0 1
0 0 0 1 0 0
0 0 0 1 0 0
1 0 0 0 0 0
0 1 0 0 0 0
0 0 1 0 0 0
0 1 0 0 0 0
0 0 0 0 1 0
0 0 0 0 0 1
0 0 0 0 1 0
0 0 0 1 0 0
0 0 0 0 1 0
0 0 0 1 0 0
1 0 0 0 0 0
0 0 0 0 0 1
0 0 0 1 0 0
0 0 0 0 0 1
0 0 1 0 0 0
0 1 0 0 0 0
0 0 0 0 0 1
0 1 0 0 0 0
0 1 0 0 0 0
0 0 0 0 0 1
0 0 1 0 0 0
0 1 0 0 0 0
0 0 0 0 1 0
1 0 0 0 0 0
0 0 0 1 0 0
0 0 1 0 0 0
1 0 0 0 0 0
0 0 0 0 1 0
0 0 0 0 0 1
1 0 0 0 0 0
0 0 0 0 1 0
0 0 0 0 1 0
0 0 0 0 0 1
0 0 0 1 0 0
0 0 0 0 1 0
0 1 0 0 0 0
0 1 0 0 0 0
0 0 0 0 0 1
0 0 1 0 0 0
1 0 0 0 0 0
0 1 0 0 0 0
0 0 0 1 0 0
0 0 0 0 1 0
1 0 0 0 0 0
1 0 0 0 0 0
1 0 0 0 0 0
0 0 0 0 1 0
1 0 0 0 0 0
0 0 0 1 0 0
1 0 0 0 0 0
1 0 0 0 0 0
0 0 0 0 1 0
0 0 0 0 1 0
0 0 1 0 0 0
0 1 0 0 0 0
0 0 0 0 0 1
0 0 1 0 0 0
0 0 1 0 0 0
0 0 1 0 0 0
1 0 0 0 0 0
0 0 0 1 0 0
0 0 0 0 0 1
0 0 0 0 1 0
0 0 0 0 0 1
0 1 0 0 0 0
0 0 0 0 1 0
0 0 0 0 0 1
0 0 0 0 1 0
0 0 0 0 1 0
0 0 0 0 0 1
1 0 0 0 0 0
0 0 0 1 0 0
0 0 0 1 0 0
0 0 0 0 1 0
0 0 0 1 0 0
0 0 1 0 0 0
0 0 0 0 0 1
0 0 1 0 0 0
1 0 0 0 0 0
0 0 0 0 1 0
0 0 1 0 0 0
1 0 0 0 0 0
1 0 0 0 0 0
1 0 0 0 0 0
0 0 0 0 1 0
0 0 0 0 1 0
0 0 0 1 0 0
0 0 0 0 0 1
1 0 0 0 0 0
0 0 0 0 0 1
0 0 0 0 1 0
1 0 0 0 0 0
0 0 0 0 0 1
0 0 0 0 1 0
0 0 0 0 0 1
0 0 0 1 0 0
0 0 0 0 1 0
0 0 0 0 1 0
0 0 1 0 0 0
0 0 1 0 0 0
0 0 0 0 0 1
0 0 1 0 0 0
0 1 0 0 0 0
0 1 0 0 0 0
0 0 0 0 0 1
1 0 0 0 0 0
0 1 0 0 0 0
0 0 0 0 1 0
1 0 0 0 0 0
0 0 0 0 0 1
0 1 0 0 0 0
0 0 0 1 0 0
0 0 0 0 1 0
0 0 0 1 0 0
0 1 0 0 0 0
0 1 0 0 0 0
1 0 0 0 0 0
1 0 0 0 0 0
0 1 0 0 0 0
0 0 0 0 0 1
0 0 0 0 1 0
1 0 0 0 0 0
1 0 0 0 0 0
0 0 0 0 0 1
0 0 0 1 0 0
1 0 0 0 0 0
0 0 0 0 1 0
0 0 0 0 1 0
0 1 0 0 0 0
0 0 1 0 0 0
0 0 0 0 0 1
0 0 0 1 0 0
0 0 0 0 0 1
0 0 0 0 1 0
0 0 0 0 1 0
0 0 0 0 0 1
0 0 0 1 0 0
0 0 0 0 0 1
0 1 0 0 0 0
0 0 1 0 0 0
0 1 0 0 0 0
0 0 0 1 0 0
0 0 0 0 1 0
0 0 0 0 1 0
0 0 1 0 0 0
0 0 0 0 0 1
0 0 0 0 0 1
0 0 0 0 1 0
0 1 0 0 0 0
0 0 0 0 1 0
0 0 0 1 0 0
0 0 0 1 0 0
0 1 0 0 0 0
0 0 0 0 0 1
1 0 0 0 0 0
0 0 0 1 0 0
0 0 0 0 0 1
1 0 0 0 0 0
0 0 0 0 0 1
0 0 0 0 0 1
1 0 0 0 0 0
0 0 1 0 0 0
0 0 0 0 0 1
0 0 0 0 0 1
0 0 1 0 0 0
0 0 0 1 0 0
0 0 0 0 0 1
0 0 1 0 0 0
0 1 0 0 0 0
0 0 0 1 0 0
0 0 0 0 0 1
0 1 0 0 0 0
1 0 0 0 0 0
0 0 1 0 0 0
0 1 0 0 0 0
0 0 1 0 0 0
0 0 0 1 0 0
1 0 0 0 0 0
0 0 0 0 0 1
0 0 0 1 0 0
0 0 0 1 0 0
0 0 1 0 0 0
0 0 0 0 0 1
1 0 0 0 0 0
1 0 0 0 0 0
0 0 0 0 1 0
0 0 0 1 0 0
0 0 0 0 1 0
0 0 1 0 0 0
0 0 0 1 0 0
1 0 0 0 0 0
1 0 0 0 0 0
1 0 0 0 0 0
0 0 0 1 0 0
0 0 0 0 0 1
0 0 0 0 0 1
1 0 0 0 0 0
1 0 0 0 0 0
0 0 0 0 1 0
0 0 1 0 0 0
0 1 0 0 0 0
0 1 0 0 0 0
1 0 0 0 0 0
0 1 0 0 0 0
0 1 0 0 0 0
0 0 0 1 0 0
0 0 0 1 0 0
0 0 0 0 1 0
0 1 0 0 0 0
0 0 1 0 0 0
0 1 0 0 0 0
1 0 0 0 0 0
0 0 0 1 0 0
0 1 0 0 0 0
0 0 0 0 0 1
0 0 0 0 0 1
0 0 0 0 1 0
0 1 0 0 0 0
0 0 0 0 0 1
0 0 0 1 0 0
0 0 0 0 0 1
0 1 0 0 0 0
0 0 0 0 1 0
0 0 0 1 0 0
0 0 0 0 0 1
0 0 0 1 0 0
0 1 0 0 0 0
0 0 0 0 1 0
0 1 0 0 0 0
0 0 0 0 0 1
0 1 0 0 0 0
0 0 0 0 1 0
0 0 0 1 0 0
0 0 1 0 0 0
1 0 0 0 0 0
0 0 0 0 1 0
0 0 0 0 1 0
0 1 0 0 0 0
0 0 0 0 0 1
0 0 0 0 1 0
0 0 0 0 0 1
0 0 0 0 1 0
0 1 0 0 0 0
0 1 0 0 0 0
0 0 0 0 1 0
0 0 1 0 0 0
1 0 0 0 0 0
0 1 0 0 0 0
0 0 1 0 0 0
0 1 0 0 0 0
1 0 0 0 0 0
1 0 0 0 0 0
0 0 0 1 0 0
0 1 0 0 0 0
0 1 0 0 0 0
0 0 0 1 0 0
0 0 0 1 0 0
0 0 0 1 0 0
1 0 0 0 0 0
0 1 0 0 0 0
0 0 0 0 1 0
1 0 0 0 0 0
0 0 0 0 1 0
0 0 0 1 0 0
0 0 0 1 0 0
0 0 0 1 0 0
0 0 0 0 0 1
0 0 0 0 0 1
0 0 0 1 0 0
0 0 0 0 0 1
0 0 0 0 1 0
0 0 0 1 0 0
0 0 0 1 0 0
0 0 0 1 0 0
0 0 0 0 1 0
1 0 0 0 0 0
1 0 0 0 0 0
0 0 0 0 1 0
0 1 0 0 0 0
0 0 0 0 0 1
0 0 0 1 0 0
0 0 1 0 0 0
0 0 1 0 0 0
0 0 0 0 0 1
1 0 0 0 0 0
0 0 0 1 0 0
0 1 0 0 0 0
0 0 1 0 0 0
0 0 0 1 0 0
0 0 0 1 0 0
0 0 0 0 1 0
0 0 0 0 0 1
0 0 0 0 1 0
0 1 0 0 0 0
0 0 1 0 0 0
0 1 0 0 0 0
0 0 0 0 0 1
0 0 0 1 0 0
0 0 1 0 0 0
0 0 0 0 1 0
1 0 0 0 0 0
0 0 0 0 0 1
0 0 0 0 0 1
0 0 0 0 0 1
0 0 0 1 0 0
0 0 0 1 0 0
1 0 0 0 0 0
0 0 0 1 0 0
0 0 0 0 1 0
0 0 0 1 0 0
1 0 0 0 0 0
0 0 0 0 0 1
0 0 0 1 0 0
0 0 0 1 0 0
1 0 0 0 0 0
1 0 0 0 0 0
0 0 1 0 0 0
0 0 0 0 1 0
0 0 0 0 1 0
0 0 1 0 0 0
0 1 0 0 0 0
1 0 0 0 0 0
0 0 0 0 0 1
0 0 0 1 0 0
0 0 0 0 1 0
1 0 0 0 0 0
0 0 0 1 0 0
0 0 0 0 0 1
0 0 0 0 0 1
1 0 0 0 0 0
0 0 0 0 1 0
0 0 1 0 0 0
0 0 0 0 0 1
0 0 0 0 0 1
1 0 0 0 0 0
0 0 0 0 0 1
0 0 1 0 0 0
1 0 0 0 0 0
0 0 0 0 0 1
0 0 0 0 0 1
0 1 0 0 0 0
1 0 0 0 0 0
0 0 0 0 1 0
0 0 0 1 0 0
0 0 0 0 1 0
0 1 0 0 0 0
0 1 0 0 0 0
0 0 1 0 0 0
0 0 0 0 1 0
0 0 0 0 1 0
0 0 0 0 0 1
0 0 0 0 1 0
0 0 0 0 1 0
0 0 0 0 1 0
0 0 1 0 0 0
1 0 0 0 0 0
1 0 0 0 0 0
1 0 0 0 0 0
0 0 0 0 0 1
0 0 0 1 0 0
0 0 0 1 0 0
0 0 0 0 1 0
0 1 0 0 0 0
0 1 0 0 0 0
1 0 0 0 0 0
0 0 0 0 0 1
1 0 0 0 0 0
0 0 0 1 0 0
0 1 0 0 0 0
0 0 0 1 0 0
0 0 0 0 1 0
0 0 0 0 1 0
1 0 0 0 0 0
0 1 0 0 0 0
0 1 0 0 0 0
0 0 0 0 1 0
0 0 0 0 0 1
0 0 0 0 1 0
1 0 0 0 0 0
1 0 0 0 0 0
0 1 0 0 0 0
1 0 0 0 0 0
0 0 0 0 0 1
0 0 0 1 0 0
0 0 0 0 1 0
0 0 0 0 1 0
0 0 0 1 0 0
0 0 1 0 0 0
1 0 0 0 0 0
0 0 0 0 1 0
0 1 0 0 0 0
0 0 1 0 0 0
0 0 0 0 1 0
0 0 1 0 0 0
0 0 0 0 1 0
0 0 0 0 0 1
0 0 1 0 0 0
0 0 1 0 0 0
1 0 0 0 0 0
0 0 1 0 0 0
0 0 0 1 0 0
0 1 0 0 0 0
0 0 1 0 0 0
0 0 0 1 0 0
0 0 0 0 0 1
0 1 0 0 0 0
0 0 0 0 1 0
1 0 0 0 0 0
0 0 1 0 0 0
0 1 0 0 0 0
0 0 0 0 1 0
0 0 0 1 0 0
0 1 0 0 0 0
0 0 0 1 0 0
0 0 0 0 1 0
0 0 0 0 1 0
0 0 0 1 0 0
0 0 0 0 1 0
0 1 0 0 0 0
1 0 0 0 0 0
0 0 0 0 1 0
0 0 0 0 0 1
0 1 0 0 0 0
0 0 1 0 0 0
0 1 0 0 0 0
0 0 1 0 0 0
0 0 0 1 0 0
0 0 1 0 0 0
0 1 0 0 0 0
0 0 1 0 0 0
0 0 0 0 1 0
0 0 1 0 0 0
0 0 0 0 0 1
1 0 0 0 0 0
0 0 0 0 1 0
0 0 0 0 1 0
0 0 0 0 1 0
1 0 0 0 0 0
0 0 0 0 1 0
0 1 0 0 0 0
0 0 0 0 1 0
0 0 1 0 0 0
0 0 1 0 0 0
0 0 0 0 1 0
0 0 0 0 0 1
0 0 0 0 1 0
0 0 0 0 0 1
1 0 0 0 0 0
0 0 0 0 0 1
0 0 0 1 0 0
0 0 0 1 0 0
0 0 0 1 0 0
0 0 1 0 0 0
0 1 0 0 0 0
0 1 0 0 0 0
0 1 0 0 0 0
0 0 0 1 0 0
0 0 0 1 0 0
0 1 0 0 0 0
0 1 0 0 0 0
0 0 1 0 0 0
0 1 0 0 0 0
0 0 0 0 0 1
1 0 0 0 0 0
0 0 0 0 1 0
0 0 0 0 1 0
0 0 0 0 1 0
0 0 0 1 0 0
0 0 1 0 0 0
0 0 0 0 0 1
0 0 0 0 1 0
0 0 1 0 0 0
0 1 0 0 0 0
0 0 1 0 0 0
0 0 0 0 1 0
0 0 0 0 0 1
1 0 0 0 0 0
0 1 0 0 0 0
1 0 0 0 0 0
1 0 0 0 0 0
0 0 0 1 0 0
0 0 1 0 0 0
0 0 0 0 1 0
0 0 0 1 0 0
0 0 1 0 0 0
0 0 0 0 1 0
0 0 0 0 0 1
1 0 0 0 0 0
0 0 1 0 0 0
0 0 0 0 0 1

Capacidades:
20 0 38 44 27 23
44 57 0 38 47 56
35 40 58 29 55 35
24 40 21 44 21 52
45 40 51 21 36 30
