m: 500
n: 10
p: 6

Distancias:
8.03 9.59 5.02 4.59 8.15 6.89 5.91 3.86 8.67 1.57
6.76 2.57 4.75 5.48 7.70 6.84 2.74 9.12 6.18 9.01
5.04 3.02 4.60 4.22 8.40 9.89 5.96 9.68 9.88 6.38
7.94 5.95 2.20 4.11 7.77 8.68 1.80 2.99 9.24 5.88
1.45 2.66 4.21 9.80 6.31 6.81 4.89 9.34 1.63 3.45
9.64 3.89 6.57 2.38 9.21 3.63 2.29 1.08 5.60 3.05
2.00 4.71 3.78 7.51 7.85 1.19 8.55 4.65 1.90 8.32
1.07 2.64 6.43 9.93 2.69 8.92 8.12 6.49 8.56 9.00
3.20 3.26 7.96 2.87 4.79 9.65 3.27 3.93 3.18 5.26
2.77 2.49 9.12 7.04 4.51 2.88 2.34 9.05 6.92 5.12
6.58 9.19 3.01 8.53 6.74 1.61 7.66 4.75 6.90 6.77
4.07 3.14 7.60 7.97 2.08 1.20 5.55 9.50 9.45 7.17
2.65 7.84 9.07 7.65 5.28 4.05 1.85 5.47 3.07 2.63
2.94 3.60 8.92 7.52 2.66 3.24 2.83 5.21 7.92 9.89
5.36 2.51 5.14 7.13 6.95 4.65 5.71 1.72 8.32 9.16
9.38 5.31 7.14 3.25 3.05 3.13 4.72 9.68 8.61 4.82
5.65 6.53 9.13 4.45 1.95 1.45 3.73 1.73 2.02 5.02
5.05 8.74 4.26 7.20 6.73 3.05 1.99 2.55 7.12 6.56
6.84 5.24 3.24 8.89 5.15 5.42 8.91 4.00 8.57 6.26
5.97 9.60 4.17 8.06 4.73 8.48 6.15 1.61 5.22 1.97
6.50 1.97 5.56 6.87 2.28 7.64 6.18 8.29 6.25 3.90
7.07 6.27 2.69 4.65 8.29 1.75 2.73 4.89 6.04 1.24
8.03 6.72 6.99 5.60 3.89 4.57 8.66 8.51 1.37 7.63
10.00 3.08 3.53 7.08 5.73 5.44 8.17 1.29 8.18 1.48
5.87 7.34 3.93 2.15 7.20 4.48 9.51 1.87 2.58 8.88
3.81 1.46 1.03 5.28 4.24 5.32 9.42 9.38 6.95 1.65
7.65 9.93 4.25 5.09 9.91 4.52 7.27 8.95 1.19 2.38
4.43 3.76 7.05 4.76 3.62 2.29 8.34 6.93 1.02 1.01
2.31 6.86 2.81 9.00 7.79 9.14 3.13 2.04 5.62 2.72
9.49 2.09 3.75 7.65 2.65 2.56 4.85 1.81 9.02 1.17
1.31 6.89 2.01 9.38 7.99 8.27 7.05 7.80 6.44 6.81
4.28 1.55 6.02 5.01 6.11 3.40 2.44 4.44 9.31 8.85
8.32 6.53 9.70 7.29 3.81 2.57 3.45 2.84 4.74 3.10
5.04 9.04 1.90 1.50 5.98 7.53 3.42 9.97 5.75 6.67
9.07 5.39 5.48 1.08 6.01 1.82 4.48 8.62 9.06 9.23
7.38 8.35 9.67 9.20 1.84 3.99 3.86 5.75 2.62 7.87
3.89 3.30 6.35 7.54 4.94 5.41 9.82 8.11 7.13 2.76
8.40 4.85 7.12 3.24 2.88 5.64 8.36 7.11 9.08 6.60
4.86 7.99 5.50 7.43 1.04 9.70 1.70 3.60 5.96 4.28
1.48 1.87 6.63 6.17 9.35 8.52 6.09 6.72 3.55 5.44
3.40 9.81 3.32 9.68 4.44 9.43 4.86 3.97 5.53 3.82
5.33 5.44 2.63 2.87 6.10 4.00 1.50 1.37 9.11 6.41
5.67 9.65 8.62 4.95 4.23 1.54 3.24 2.84 6.78 5.58
7.60 4.60 9.45 6.55 5.72 2.34 5.39 1.54 6.54 1.59
7.16 1.23 3.18 5.82 9.46 3.27 1.98 4.86 7.22 6.89
2.23 5.84 8.56 5.43 1.98 5.37 2.93 4.31 4.20 6.60
8.78 4.32 6.53 4.09 6.96 3.56 9.75 4.06 8.06 3.75
2.77 6.97 5.53 7.68 2.72 7.80 7.58 3.17 2.10 7.81
8.28 3.12 2.24 7.11 2.81 1.93 4.06 3.30 2.53 8.77
2.07 5.94 6.19 1.56 2.97 2.45 3.33 7.50 5.41 2.84
2.33 4.12 2.89 4.68 6.56 3.97 3.72 8.94 7.36 1.41
2.48 7.75 2.13 8.82 9.40 5.56 8.05 8.40 9.77 1.17
6.97 6.72 2.81 5.29 4.74 8.48 5.85 9.44 8.77 4.32
7.19 5.20 7.41 4.73 3.04 4.56 6.01 7.78 2.73 7.82
6.02 6.63 2.37 4.97 5.13 2.97 2.13 4.48 3.28 6.46
4.63 8.26 8.73 7.16 4.02 5.82 5.48 6.31 7.08 1.26
3.18 5.54 8.13 1.19 7.92 8.73 9.59 3.83 5.24 8.56
6.72 3.99 8.34 2.11 9.83 2.44 4.57 4.23 8.10 1.24
2.06 1.19 6.44 6.42 9.79 3.94 6.10 6.59 8.29 2.18
6.08 6.43 8.06 7.16 7.44 7.04 2.88 8.47 3.61 8.70
3.27 6.35 8.54 1.01 5.48 3.50 2.06 3.90 7.40 5.99
9.72 3.53 2.77 9.32 4.71 9.83 6.79 9.96 9.44 2.73
3.02 1.46 8.36 2.77 6.20 2.06 2.26 5.09 6.26 1.53
9.58 9.80 8.89 8.71 7.75 8.73 1.91 7.23 1.78 7.72
6.82 9.15 8.97 6.59 3.63 5.13 8.51 2.52 6.93 4.83
2.59 2.81 9.90 8.00 1.31 4.31 3.57 7.99 1.94 1.09
7.65 6.37 8.62 3.99 7.84 2.91 4.59 5.14 2.91 7.61
4.80 4.92 4.64 6.01 1.03 1.77 6.29 4.10 3.81 1.99
7.70 9.15 5.76 1.16 7.49 4.37 5.49 7.55 8.56 2.99
9.48 8.04 6.94 6.13 4.15 9.51 4.66 7.57 2.18 7.14
7.04 3.61 6.12 3.35 7.32 6.10 1.00 4.92 8.18 7.01
3.71 3.63 7.07 1.22 7.59 9.49 1.90 5.52 5.85 6.93
3.77 2.63 6.17 6.66 3.53 6.32 9.83 7.55 1.99 4.25
1.12 8.15 2.67 5.18 2.54 6.93 2.75 4.74 3.36 6.33
6.69 1.47 6.01 1.25 9.35 6.57 4.17 8.34 6.65 7.50
2.81 9.94 5.77 4.02 6.07 8.96 2.76 8.87 2.03 4.80
8.97 1.31 4.27 9.98 8.93 4.06 1.55 3.94 4.76 1.57
7.51 3.07 1.15 8.46 5.01 3.88 5.23 9.34 4.77 4.63
4.31 8.95 7.25 3.16 9.84 3.69 5.89 6.24 5.11 8.26
1.50 2.94 1.45 2.90 4.80 6.52 2.50 7.65 4.73 7.50
2.44 7.32 1.33 3.02 6.55 7.70 8.35 9.86 3.75 9.65
6.97 7.19 2.55 6.84 9.76 1.19 7.33 4.99 3.03 3.00
1.66 2.19 2.49 8.87 9.61 3.58 7.29 6.48 8.75 5.52
4.54 2.60 6.45 4.87 8.91 7.54 5.20 3.05 5.62 8.59
5.20 7.90 7.68 6.69 4.37 7.41 1.67 6.02 6.35 6.31
6.89 8.00 3.35 7.11 3.31 4.19 3.88 6.31 7.59 5.52
2.39 3.95 7.62 5.40 1.62 9.55 3.07 2.97 4.10 4.35
6.41 7.50 8.40 2.86 3.43 1.83 9.47 7.67 4.46 4.55
2.88 5.42 1.68 8.35 9.06 1.27 3.96 5.90 8.69 4.71
1.28 2.89 4.14 5.31 4.49 2.24 6.72 7.24 7.92 9.85
7.39 5.63 2.82 9.58 8.10 2.15 6.18 3.39 5.57 2.45
8.11 8.83 3.95 9.49 9.19 5.83 2.34 7.06 2.09 4.87
3.93 7.23 6.60 5.27 6.63 7.60 3.17 9.54 8.74 5.74
9.88 9.65 2.80 1.54 3.08 4.75 2.57 6.59 9.56 3.27
9.96 6.58 9.29 2.36 2.81 4.28 7.88 2.23 5.81 3.10
2.08 7.49 6.01 7.16 2.12 6.05 7.25 3.72 4.92 7.65
5.70 4.66 2.72 8.76 7.10 4.50 4.90 7.96 5.53 2.52
1.18 3.99 9.25 1.26 3.77 3.75 9.62 6.13 3.59 4.81
6.82 2.33 8.73 4.08 7.63 7.59 3.79 1.44 6.81 6.30
3.71 6.47 6.12 4.82 1.27 2.40 6.96 8.22 3.03 7.68
1.54 8.38 5.49 4.87 2.73 3.72 7.85 6.94 6.43 9.30
2.81 5.17 6.37 1.37 1.87 3.46 7.33 5.98 7.52 5.09
1.29 7.61 5.78 4.68 6.08 2.94 4.75 9.36 4.06 8.31
2.67 9.44 9.36 5.38 8.33 8.84 6.82 9.45 7.64 9.16
1.23 6.83 5.19 5.59 3.20 9.10 7.29 7.43 4.89 8.83
2.81 1.85 2.53 3.78 4.82 3.92 3.92 8.44 7.59 6.82
4.05 1.61 6.73 7.09 6.73 1.76 6.59 3.29 1.90 3.36
4.40 2.47 8.53 4.62 4.17 4.14 7.97 8.17 2.79 6.43
6.54 6.76 7.66 3.96 1.62 7.46 2.09 1.63 5.87 9.06
9.47 7.75 5.58 8.20 8.05 1.70 9.55 9.76 9.04 2.60
5.75 5.56 6.04 1.06 3.17 3.07 5.64 4.39 9.03 6.85
4.71 1.16 2.02 3.64 9.34 2.31 2.51 9.31 6.23 3.70
3.59 7.86 4.80 8.45 4.11 5.13 8.38 4.39 3.69 7.28
5.19 3.69 5.37 5.41 2.75 8.89 1.86 9.68 2.33 1.31
3.64 5.16 2.25 6.45 7.18 1.85 8.94 2.43 9.56 4.89
8.40 1.35 8.59 7.84 4.21 1.73 6.34 6.06 6.23 7.79
6.26 2.87 9.44 6.85 5.92 4.68 9.37 2.04 9.40 3.93
3.87 6.71 4.75 2.27 3.63 6.70 4.61 5.53 4.61 9.81
7.77 2.28 1.90 6.12 2.75 4.43 8.68 8.68 7.15 5.74
6.96 1.58 5.68 4.54 5.53 2.37 6.35 5.60 6.66 9.84
2.09 5.21 6.76 9.09 9.98 4.57 9.25 1.64 8.34 3.28
3.20 4.80 5.82 1.55 7.50 4.37 2.00 7.34 7.81 3.85
6.61 5.70 6.42 4.89 3.92 1.50 2.79 3.09 9.26 6.75
9.69 4.54 3.68 1.52 7.33 2.54 6.50 8.36 1.08 5.90
8.82 9.00 4.59 1.83 8.97 5.81 3.69 5.37 8.27 7.15
1.62 6.95 1.83 6.09 4.07 7.30 4.24 8.28 1.74 8.70
5.84 2.77 6.75 2.00 5.61 1.33 3.28 3.89 3.67 8.31
6.77 7.87 8.66 8.77 2.53 7.79 1.42 8.16 9.48 1.82
9.15 9.39 8.81 2.47 9.51 4.91 5.30 7.38 7.88 7.81
2.77 7.78 1.94 9.35 7.02 9.15 5.68 1.58 9.09 9.59
7.76 1.41 7.13 6.65 6.96 9.57 8.61 2.07 4.11 7.86
4.19 6.73 7.14 7.03 8.07 3.26 5.94 8.97 5.45 3.97
9.27 6.41 5.03 9.65 2.50 5.51 8.56 3.57 2.87 5.16
3.61 3.73 6.15 4.22 5.60 1.69 3.10 2.21 8.83 5.64
1.60 5.24 8.57 5.79 9.16 1.66 8.04 9.00 3.69 5.72
1.66 7.00 3.25 8.14 8.36 5.90 1.32 1.41 1.42 8.48
9.26 6.03 6.87 7.05 6.03 6.64 3.66 2.95 1.03 9.83
4.36 9.34 2.58 3.76 1.04 8.77 7.79 6.13 7.20 8.70
6.74 8.23 9.22 8.54 9.24 9.63 1.01 1.67 9.78 3.70
2.51 2.17 2.46 4.15 8.94 4.12 4.73 4.34 8.77 9.17
1.36 5.39 9.17 3.32 4.71 6.93 6.17 3.34 2.71 3.06
1.07 4.36 1.90 2.99 9.97 4.93 1.92 6.13 2.11 1.27
8.97 4.17 6.68 4.15 6.62 4.46 2.73 3.17 8.03 8.82
7.81 8.98 5.26 2.50 6.97 8.53 7.37 6.86 1.72 1.55
9.45 3.26 5.12 2.07 9.29 1.71 2.46 1.60 1.69 5.53
3.12 5.43 6.12 4.41 2.56 3.52 5.38 4.87 4.46 2.43
5.64 3.00 6.53 2.66 2.85 7.79 5.21 7.39 9.36 1.01
9.21 3.55 5.58 6.66 1.95 3.54 7.91 5.80 3.25 4.02
2.33 6.32 6.63 3.34 7.32 9.64 3.87 3.84 1.93 8.20
8.30 5.88 1.04 2.84 4.24 4.73 4.97 1.17 8.96 3.12
9.54 8.99 3.37 5.44 7.98 6.08 6.17 5.46 2.93 1.13
3.43 1.44 6.89 2.40 8.50 2.98 7.15 1.91 3.27 3.81
4.14 9.47 5.03 6.32 8.55 7.82 7.78 4.84 5.99 7.73
1.24 8.60 3.61 6.66 3.13 8.34 2.14 1.62 4.13 6.76
6.99 1.71 4.50 4.52 8.54 6.17 7.13 7.24 3.67 3.06
1.73 7.17 5.24 4.50 7.46 3.63 4.40 2.16 4.33 6.29
4.04 1.97 5.12 1.60 5.23 1.49 8.15 5.24 6.46 3.02
2.04 1.06 4.45 7.92 8.54 2.43 9.67 1.10 8.73 3.02
5.83 2.23 6.36 6.36 8.88 7.28 4.25 2.42 5.79 5.68
7.19 3.45 9.84 3.99 5.80 8.65 6.22 1.14 1.64 5.05
9.56 1.61 7.26 8.86 2.95 2.78 6.62 8.55 3.60 9.33
5.55 1.00 1.94 3.51 3.64 7.23 9.91 6.99 6.14 5.69
6.82 2.45 6.59 2.56 9.44 9.91 2.89 1.75 2.04 5.56
1.11 8.00 1.43 6.81 5.26 2.90 1.09 2.37 2.79 5.51
3.53 8.13 7.93 7.70 1.43 5.56 1.41 3.85 7.53 8.58
10.00 6.34 9.70 7.48 2.54 6.57 7.34 9.69 2.85 7.22
4.76 2.56 1.78 3.12 2.27 2.06 5.99 5.29 6.09 8.15
3.62 1.48 6.21 8.64 1.43 6.65 2.89 5.20 1.81 1.36
8.89 5.60 6.43 7.48 4.30 6.89 6.20 4.66 9.84 9.66
5.83 8.94 4.35 5.47 9.81 2.63 4.85 3.14 3.15 1.79
1.10 8.42 4.52 9.06 6.93 3.96 6.12 8.35 6.77 9.14
9.48 2.49 1.90 2.60 2.92 5.94 7.13 8.02 9.92 9.18
9.79 4.90 2.69 9.54 5.79 9.47 8.12 1.15 3.84 1.04
6.35 9.66 1.85 2.21 7.12 4.59 2.35 2.05 6.69 6.35
4.91 5.01 2.62 1.23 1.02 1.14 6.24 5.01 5.72 5.93
9.21 9.37 4.40 2.84 4.34 5.72 4.88 7.21 6.81 8.14
8.76 7.89 4.27 9.70 4.40 8.90 3.90 5.73 3.38 4.65
7.81 8.06 9.91 9.12 4.95 3.97 9.43 5.66 8.34 8.06
3.83 2.00 6.13 2.24 6.03 4.32 7.69 1.12 8.85 5.73
6.31 6.21 8.23 1.02 9.90 5.88 5.72 3.36 8.53 8.45
2.23 4.23 2.77 6.18 5.22 9.52 6.83 7.58 6.65 4.81
9.03 1.73 7.83 6.65 4.08 1.45 8.11 6.93 2.66 4.37
8.94 4.31 4.88 8.63 5.22 1.92 4.00 9.11 2.02 3.44
8.88 4.92 2.52 3.64 2.26 3.33 6.97 7.87 9.15 4.50
8.37 1.80 5.98 8.10 1.11 1.68 8.76 3.76 7.69 8.69
7.46 3.67 6.35 3.66 3.31 2.42 2.93 8.01 7.08 4.47
9.58 5.07 3.00 8.32 9.30 3.79 4.36 1.24 9.40 5.15
8.18 9.68 8.69 9.68 6.51 6.70 9.22 5.46 2.71 6.83
3.51 6.65 9.35 4.27 5.14 8.47 2.92 4.78 9.57 1.11
7.76 8.18 9.46 8.78 2.63 4.96 4.39 6.78 4.73 2.95
8.78 5.75 6.10 6.19 1.71 5.21 9.10 8.31 4.22 9.11
9.53 2.67 8.09 8.46 1.37 4.55 2.69 3.69 1.67 4.59
1.12 1.39 2.54 4.04 9.49 2.13 1.13 7.95 4.48 4.33
9.10 5.40 2.39 9.24 9.12 1.59 6.82 5.08 5.06 3.20
6.93 6.44 1.35 1.78 9.74 7.58 4.94 1.28 5.82 1.48
6.83 4.53 9.01 7.28 5.12 1.71 4.43 7.37 3.16 2.07
1.80 3.29 8.38 1.46 6.86 3.19 5.57 6.19 8.17 5.83
2.72 7.57 8.44 8.81 9.06 7.23 6.12 8.97 1.29 2.54
2.71 3.21 7.41 7.07 4.88 2.28 2.43 6.03 4.68 1.88
1.34 4.37 3.61 4.33 7.31 1.95 3.30 9.80 3.22 8.40
9.66 7.67 3.81 5.57 7.82 3.47 8.28 7.80 1.59 4.76
3.44 6.61 5.11 1.88 4.53 5.42 9.63 4.49 5.74 5.83
9.63 8.69 5.37 2.55 3.53 7.02 7.10 8.80 7.96 2.53
9.76 8.87 2.25 7.53 5.40 8.61 2.95 3.85 4.81 8.09
5.90 7.11 8.84 8.02 3.52 2.51 3.43 5.11 4.35 1.83
6.26 6.15 8.53 9.43 7.70 5.04 6.36 9.43 1.27 9.15
2.39 6.23 4.63 8.04 1.07 9.62 2.23 3.51 7.93 3.96
8.49 5.01 9.71 1.25 8.68 1.98 5.12 2.04 5.09 5.98
7.35 4.00 6.40 1.29 2.01 8.20 5.38 7.24 2.60 9.41
9.50 8.88 5.37 2.96 2.73 3.98 2.23 2.71 5.96 1.52
8.96 2.58 7.60 7.66 8.28 1.28 9.75 7.64 4.40 7.60
2.59 8.61 9.14 5.50 3.56 8.00 7.76 7.12 6.23 6.21
5.92 8.54 7.26 2.02 5.07 9.58 9.09 4.30 9.61 3.17
3.26 4.22 2.86 2.67 8.24 2.69 4.65 8.85 5.63 6.09
4.07 5.97 5.26 5.52 2.61 7.83 6.28 6.18 4.67 9.78
1.18 7.60 6.04 9.05 3.78 6.09 3.33 3.63 5.63 5.49
5.16 7.64 3.71 9.34 8.11 8.10 3.74 8.57 9.61 4.86
3.43 8.84 6.69 5.64 9.05 5.10 5.33 1.84 7.81 7.85
4.80 7.69 5.07 9.45 1.24 4.38 8.55 9.07 4.59 4.52
7.47 4.75 4.57 3.34 3.39 5.11 1.51 9.32 6.19 1.09
4.70 8.23 9.73 5.44 3.58 6.33 1.26 5.04 7.28 7.75
1.35 7.81 7.68 1.13 8.17 7.72 9.91 2.65 4.61 4.09
7.51 9.34 9.19 7.95 9.95 1.27 1.29 3.91 2.35 8.41
3.02 5.35 6.89 6.84 2.96 2.18 7.52 7.80 8.65 6.48
6.66 8.19 5.35 6.23 1.46 3.22 3.29 4.28 5.33 4.13
9.93 4.76 5.86 3.50 5.43 9.44 7.57 6.58 4.84 3.87
6.98 9.68 9.81 2.76 2.15 4.80 9.97 5.95 8.31 5.63
1.93 2.31 5.43 8.41 3.03 8.38 4.02 1.35 8.55 5.59
4.12 6.13 4.44 4.25 1.20 8.36 1.22 2.16 7.85 3.23
2.05 1.72 7.36 1.81 5.31 8.48 8.85 6.50 4.84 3.84
4.39 4.12 3.05 6.51 6.15 4.19 7.35 1.18 3.30 9.85
5.72 9.74 1.12 3.11 8.03 4.37 4.12 2.03 5.85 6.76
9.04 1.65 9.78 3.47 1.66 7.98 6.09 1.63 4.10 8.09
5.89 1.02 4.37 2.82 3.00 2.93 2.78 8.83 3.46 8.20
6.44 4.56 8.82 9.37 8.58 6.74 5.74 7.27 7.02 6.57
5.92 4.44 2.44 5.11 3.98 5.68 1.96 4.25 4.58 9.28
1.74 8.38 1.20 5.87 4.74 4.73 8.93 9.07 1.59 8.00
9.19 1.89 3.20 9.06 6.49 8.85 1.34 3.01 4.12 5.85
5.43 7.71 5.61 1.64 9.30 4.35 8.42 6.31 1.26 3.66
6.35 5.18 2.37 3.50 3.70 1.47 2.38 9.45 5.71 7.61
5.95 3.03 9.40 2.88 5.16 4.81 6.41 2.19 7.34 3.07
3.88 7.71 8.79 5.66 5.76 6.69 4.68 5.88 5.28 4.98
9.83 4.44 1.16 6.38 8.90 7.16 5.34 9.80 6.40 9.23
8.38 2.15 9.62 8.42 8.55 7.32 8.08 6.37 1.40 4.60
9.74 6.86 1.43 6.89 6.51 1.47 6.31 2.08 8.51 7.19
8.99 4.45 9.30 2.66 6.83 2.67 7.49 7.37 3.08 2.01
4.18 8.94 6.56 6.81 9.31 4.91 3.37 6.19 7.69 7.06
4.14 3.42 7.88 1.90 4.54 1.57 8.84 7.77 9.90 3.35
6.05 6.69 6.04 7.64 9.72 8.42 9.43 4.83 7.36 9.40
1.10 9.55 9.53 8.33 6.36 6.75 3.40 3.83 9.30 2.24
3.97 8.17 2.04 2.38 5.62 2.73 5.99 7.99 3.94 2.76
4.90 1.27 9.45 8.19 2.39 2.33 2.25 5.82 3.29 7.17
2.73 8.49 4.08 2.20 3.55 4.74 7.06 9.60 1.77 8.71
5.01 9.60 5.04 4.13 8.72 3.47 1.18 6.20 1.49 7.88
4.60 4.71 6.06 2.79 3.65 8.71 7.66 5.99 2.84 4.28
6.15 1.54 8.23 5.56 6.82 8.73 4.26 7.81 2.85 5.95
3.09 4.87 4.64 7.25 2.13 7.74 3.81 2.21 5.66 3.37
3.92 8.63 8.63 2.40 9.11 2.14 3.08 1.90 3.16 3.10
1.83 8.23 8.72 2.39 9.40 6.03 7.81 1.72 3.70 3.11
9.64 9.80 3.07 8.72 3.35 7.76 2.68 2.67 9.89 6.34
7.88 4.28 4.21 1.57 7.78 4.54 1.62 8.91 6.74 3.60
5.83 4.86 1.68 3.81 4.19 7.92 5.43 1.18 3.66 2.78
6.65 5.96 7.50 4.25 7.86 3.13 4.86 8.15 9.31 8.85
6.81 2.26 4.99 8.44 9.92 8.13 6.76 2.66 8.92 5.35
3.37 8.94 5.60 3.80 9.27 8.96 6.89 4.37 1.21 8.02
8.06 9.15 6.88 5.38 9.03 4.58 4.77 7.92 9.81 9.04
6.46 4.62 9.46 1.06 3.46 6.86 6.22 2.13 2.19 8.46
4.62 4.70 6.87 5.25 7.66 9.40 3.44 2.56 6.90 4.88
1.84 8.52 8.61 3.38 1.69 6.25 2.54 2.90 4.63 5.84
6.08 1.64 2.84 4.32 4.65 8.23 2.19 6.06 6.50 6.30
5.60 3.92 5.15 9.69 3.40 7.36 1.38 5.06 1.06 3.93
5.04 4.78 8.71 3.69 8.86 4.04 4.04 8.19 3.01 8.93
9.70 8.17 5.77 2.46 3.03 4.37 3.81 5.27 4.70 9.85
1.57 2.49 8.78 2.66 5.46 3.60 8.55 1.19 5.91 4.90
5.84 3.73 6.77 6.82 9.85 6.07 8.13 1.95 2.23 1.25
6.70 1.69 5.34 4.51 1.39 8.73 9.88 3.73 1.37 4.90
6.57 8.64 7.92 5.63 3.54 9.90 8.35 3.77 9.77 5.77
3.77 4.30 7.63 8.56 3.68 9.50 7.94 3.26 8.28 3.94
1.71 3.25 3.65 2.32 7.98 9.29 3.29 7.89 8.26 4.64
5.85 5.79 3.28 4.97 9.60 9.68 4.21 3.65 8.05 5.50
7.49 4.15 5.10 5.25 7.21 2.88 8.93 1.95 8.74 8.18
1.47 8.12 9.50 1.25 6.10 1.81 8.55 9.85 9.07 8.99
3.16 4.43 4.29 2.97 6.20 8.07 4.80 4.99 6.72 8.96
1.79 2.33 8.27 3.02 2.53 9.38 6.47 2.75 3.43 4.15
3.07 5.78 6.84 8.54 7.00 9.73 7.81 3.67 4.26 7.16
9.97 5.02 8.93 7.99 2.87 1.37 3.09 6.27 8.03 1.50
6.81 7.86 2.00 3.07 8.71 1.41 4.32 9.77 3.25 6.30
4.74 4.29 4.58 5.84 4.11 3.13 2.74 4.00 8.17 9.69
5.80 6.19 7.98 5.47 4.72 2.74 6.27 7.15 9.05 4.93
7.96 8.88 1.28 5.58 5.97 4.40 4.74 5.03 4.62 7.00
3.23 8.72 8.29 3.63 9.88 1.03 1.10 9.12 7.71 5.79
8.74 3.21 7.02 3.17 1.21 9.54 7.91 8.02 3.75 4.48
2.78 7.22 6.21 2.93 5.49 3.24 7.35 4.44 2.42 3.20
3.98 9.41 7.74 7.02 9.50 4.96 8.22 5.50 3.90 9.88
7.27 8.31 2.17 8.05 4.95 2.19 6.41 2.89 8.86 7.96
3.91 3.97 1.42 9.44 9.85 3.32 9.81 1.03 3.16 1.94
3.77 4.03 1.59 5.67 5.83 2.77 2.50 4.95 3.34 3.99
1.65 9.47 5.79 8.81 3.20 7.48 4.65 3.53 3.70 9.41
4.17 6.38 9.75 1.61 7.31 6.39 1.60 8.63 6.44 4.88
2.63 5.13 8.30 4.77 9.56 9.74 9.56 7.66 3.42 8.33
2.80 7.86 1.56 5.62 8.22 6.87 8.23 2.23 6.11 8.51
3.32 7.13 1.12 8.16 5.15 5.04 6.53 4.87 4.56 4.45
1.75 7.50 4.71 2.64 3.18 7.63 9.51 6.06 4.79 1.51
6.81 1.30 2.19 6.35 1.53 9.17 2.67 2.81 8.11 8.46
5.79 2.50 9.12 7.05 7.14 2.09 6.53 9.39 4.99 3.38
9.38 1.15 6.92 2.73 4.36 4.10 1.44 3.40 3.52 4.38
3.26 3.87 7.65 4.64 8.20 1.94 2.53 2.10 1.40 5.87
4.94 5.65 7.23 6.87 2.68 5.70 3.07 1.50 4.08 4.25
1.55 8.44 4.31 2.20 6.52 1.36 8.43 7.72 6.07 9.53
3.35 2.69 1.63 4.21 8.93 8.33 9.92 3.62 6.32 2.84
7.20 4.35 6.16 9.15 6.97 7.29 3.26 2.21 8.56 2.76
2.44 6.47 8.80 3.86 6.85 5.93 7.16 5.20 8.86 4.55
8.83 9.30 8.23 5.45 5.14 8.55 2.20 3.15 4.51 9.82
4.43 6.71 9.32 2.33 1.52 4.42 5.98 4.97 7.56 5.10
7.95 7.73 7.92 4.93 9.57 6.17 2.72 5.69 9.38 7.01
4.96 1.64 1.79 3.84 1.79 8.75 9.48 6.68 9.99 3.01
1.12 2.40 7.83 5.43 2.14 9.91 3.36 4.01 7.91 4.30
9.57 1.41 3.47 1.22 3.93 5.13 8.28 6.42 4.64 5.91
4.04 1.07 9.28 8.71 8.18 8.99 4.75 8.78 9.63 4.75
8.04 8.41 6.85 2.38 8.29 3.53 8.97 2.27 4.21 7.26
6.57 5.54 4.30 6.83 4.95 7.70 6.45 7.24 6.30 1.87
6.80 3.80 8.29 5.54 8.98 7.41 6.95 7.47 5.01 3.38
9.97 2.26 4.51 8.46 5.36 6.04 9.61 9.88 4.91 6.52
7.82 1.11 5.65 9.96 2.15 7.83 9.08 6.21 1.57 4.80
4.55 3.06 1.42 8.79 3.22 1.94 3.67 4.21 7.80 6.13
4.65 8.38 4.55 2.40 3.79 6.63 6.56 2.68 9.95 1.88
3.65 3.18 3.15 5.70 2.66 9.22 3.29 8.18 1.58 1.12
1.18 4.66 1.72 8.87 5.31 6.91 1.98 6.89 1.40 1.30
6.42 6.99 2.96 7.08 8.35 7.41 6.73 5.58 1.39 7.72
6.91 5.47 7.45 6.41 8.00 2.33 3.37 9.33 6.93 5.72
1.43 5.63 7.08 9.67 8.82 7.34 5.15 7.71 9.53 6.64
5.41 9.56 5.95 3.80 4.60 8.59 7.99 7.26 7.93 4.38
8.53 4.77 7.07 4.13 6.22 5.52 6.12 9.96 2.73 1.14
4.46 8.79 5.00 3.80 8.15 9.19 3.65 9.13 2.64 7.19
5.13 5.47 6.46 6.07 1.09 4.46 3.72 6.12 9.21 1.62
4.36 4.93 7.52 3.91 2.61 9.31 9.06 9.91 3.19 6.19
1.46 7.10 5.02 9.83 9.91 8.23 1.09 3.78 1.06 7.93
6.62 7.23 8.66 9.35 2.71 1.76 8.90 4.33 3.39 2.74
5.49 6.91 3.39 6.24 7.94 5.44 4.35 6.06 5.38 9.33
1.70 8.45 4.31 3.63 7.92 6.34 5.66 5.72 5.95 5.18
3.79 4.88 3.29 2.65 1.67 6.81 5.81 1.37 4.45 4.16
4.88 6.70 1.26 5.89 3.11 7.21 4.14 3.78 2.92 3.87
5.35 2.76 6.11 9.49 5.59 4.55 8.28 6.56 2.27 3.54
4.90 6.18 1.43 7.66 7.76 7.68 1.24 3.78 9.83 8.23
1.45 8.73 5.38 4.15 1.05 2.78 9.93 9.72 6.71 7.46
7.99 3.24 2.93 9.28 4.85 3.23 1.82 1.24 1.88 9.49
2.51 2.29 2.16 8.55 4.41 6.73 6.31 7.82 6.74 9.23
8.00 7.18 3.16 2.19 2.18 8.67 2.18 3.93 7.31 9.66
9.32 4.21 3.64 7.80 2.77 5.09 3.77 9.25 9.89 9.13
3.02 6.56 3.76 9.00 1.80 8.30 7.79 9.91 6.59 5.83
1.07 6.43 8.20 1.08 4.77 6.73 7.41 9.78 9.38 2.90
8.57 2.46 7.39 4.33 1.95 8.72 6.18 3.31 5.41 9.12
3.47 6.47 5.59 9.38 9.12 3.95 5.21 5.70 8.86 4.43
3.29 4.82 1.31 2.44 5.40 7.85 5.12 9.06 2.86 5.42
6.00 9.81 1.04 1.51 2.81 7.80 1.90 7.27 8.61 4.07
8.68 6.56 6.83 7.31 5.71 2.87 1.54 9.65 4.21 9.98
3.88 8.38 3.73 1.10 6.38 4.37 3.28 1.65 6.26 9.71
7.76 4.91 6.61 1.70 6.53 3.55 2.19 7.72 6.77 7.63
6.25 1.04 6.36 2.77 4.34 7.84 5.41 8.92 5.49 9.87
4.34 1.15 1.56 2.44 9.69 2.30 2.34 4.90 3.62 7.64
1.74 8.48 3.96 3.73 5.90 3.74 9.13 8.95 5.27 9.82
2.72 1.79 1.66 3.90 1.30 5.11 6.42 1.62 5.68 4.14
7.22 8.01 4.99 2.13 2.74 2.52 7.53 9.26 4.59 7.97
5.39 4.35 1.53 3.51 8.30 9.08 9.66 4.74 4.74 7.48
6.99 3.58 6.16 9.93 6.54 9.13 8.05 6.56 8.18 4.81
8.96 8.63 5.04 9.41 7.28 5.60 9.41 1.30 9.27 9.52
5.18 7.85 5.58 2.34 5.79 2.03 6.46 7.99 9.75 3.92
3.29 3.45 5.40 8.75 6.98 7.17 8.64 6.42 1.94 1.91
9.61 9.59 6.73 8.97 8.04 2.76 2.30 9.06 7.37 8.35
2.90 1.41 5.57 1.81 6.46 8.30 1.63 2.96 7.24 2.75
4.43 4.63 6.92 7.55 8.48 4.36 8.20 3.25 3.18 1.68
4.60 2.85 3.33 7.01 7.94 4.88 4.58 1.12 8.90 9.18
7.81 4.38 7.94 5.30 1.66 8.06 7.58 8.39 8.48 5.79
1.10 2.94 2.03 6.90 1.37 8.59 3.48 7.97 8.35 6.80
4.15 4.54 3.76 5.83 9.68 5.97 4.34 2.33 6.05 3.37
7.59 9.37 2.47 8.64 6.59 7.42 9.69 3.50 7.20 4.67
9.53 5.09 1.05 4.27 5.56 3.57 2.17 5.82 7.99 8.81
7.23 1.57 2.46 9.86 3.42 6.35 2.67 7.42 4.63 6.12
4.16 4.48 5.17 8.78 2.88 5.48 9.76 1.79 3.87 1.11
5.73 9.83 8.79 4.14 2.43 9.47 8.70 2.08 2.03 2.27
2.17 9.04 5.99 4.78 5.94 1.48 5.93 1.58 1.70 7.65
7.94 1.96 5.20 6.91 5.96 8.78 8.95 9.16 3.10 1.58
4.80 9.49 9.10 6.15 1.11 8.71 1.91 6.30 6.52 7.35
5.92 8.53 1.49 7.35 9.40 7.93 6.67 2.71 5.84 7.64
7.30 2.20 4.05 8.65 1.02 4.22 9.17 9.78 5.20 8.41
7.28 1.63 2.89 3.74 2.34 7.12 8.34 1.18 5.62 4.63
4.86 5.61 8.43 6.03 6.43 5.28 4.34 2.62 4.46 6.82
2.22 2.36 7.00 5.49 7.91 7.52 4.50 6.40 1.54 7.98
4.89 9.11 3.67 4.87 8.62 3.75 6.11 9.08 9.47 5.41
7.60 8.00 1.78 6.32 1.63 6.92 7.66 9.85 9.68 2.95
1.90 3.43 8.61 6.43 6.47 4.06 9.79 6.51 8.11 8.27
8.86 3.54 5.90 8.90 9.04 7.63 5.25 7.89 2.51 7.37
9.99 2.34 8.08 3.99 5.67 3.04 8.41 8.60 9.73 5.03
6.04 3.91 5.79 4.42 1.24 4.75 7.40 4.84 7.12 3.66
6.49 6.38 5.60 3.77 3.31 3.62 1.24 5.90 5.46 9.21
9.62 1.32 3.20 9.95 4.70 2.88 6.06 6.29 9.24 5.45
2.91 1.89 3.75 6.03 1.72 7.98 7.44 6.98 4.79 1.63
4.34 5.22 6.25 3.87 9.42 8.83 1.94 7.44 1.34 3.90
3.77 4.94 8.00 1.75 9.97 2.67 6.58 5.34 3.30 1.42
8.90 2.40 4.72 7.99 8.85 7.74 4.13 8.71 8.45 5.62
4.06 2.56 1.35 6.96 7.63 9.63 2.75 8.49 5.80 3.39
2.23 5.92 5.67 3.21 6.03 1.72 3.62 7.07 1.32 9.89
2.88 3.23 2.91 3.09 7.27 8.49 4.63 7.63 1.25 6.60
1.64 5.89 5.82 8.66 4.83 4.86 3.49 1.68 5.36 1.38
9.88 9.84 3.15 2.16 6.26 8.87 8.32 8.10 4.08 2.84
9.72 7.38 3.31 6.19 9.40 4.09 1.70 9.05 8.82 6.70
4.60 5.34 8.51 6.71 7.29 7.72 1.84 6.79 6.95 8.50
6.24 8.80 2.67 8.30 3.93 3.20 7.35 5.83 3.86 7.16
9.02 7.49 4.42 4.65 9.37 2.42 8.94 3.61 5.54 2.03
2.11 2.93 5.74 2.62 9.16 7.59 4.15 3.58 1.49 7.85
9.21 8.66 2.68 8.00 3.23 5.46 7.91 4.90 8.76 7.24
6.15 8.99 5.04 2.41 5.17 2.10 6.12 4.71 2.33 1.31
2.80 8.28 9.65 1.24 8.00 1.47 3.13 2.98 6.51 9.92
1.03 2.66 2.88 1.58 5.87 6.09 3.82 8.01 6.92 3.96
7.48 1.08 9.75 6.50 3.29 9.54 8.91 4.09 7.20 5.44
5.61 3.18 1.10 7.82 4.55 6.92 9.02 5.97 3.23 1.66
7.46 8.55 2.36 1.81 3.92 4.09 8.77 2.47 5.10 1.17
6.54 8.37 3.35 6.31 7.50 1.57 6.15 3.98 2.81 4.49
6.71 2.26 4.73 8.50 9.93 6.83 4.81 5.22 8.20 6.15
4.31 6.05 2.50 9.00 7.20 5.85 6.49 2.68 5.87 2.05
8.18 8.78 2.02 9.54 1.08 2.39 8.10 8.91 8.55 6.88
3.84 7.16 2.25 9.02 2.56 7.79 7.77 2.45 1.40 2.55
8.77 1.98 5.31 5.96 8.26 6.03 8.98 6.22 7.50 6.81
7.12 6.65 8.53 6.38 7.77 3.17 1.99 8.68 1.78 5.13
4.99 2.62 2.20 9.33 3.22 6.10 2.05 4.07 9.27 1.85
8.71 7.53 8.29 2.00 1.19 6.06 1.81 3.97 3.95 2.02
3.83 4.05 4.75 9.67 7.66 2.23 5.19 3.67 5.63 3.46
9.19 7.16 1.96 1.23 2.45 1.99 2.78 7.62 6.56 9.25
3.55 1.77 5.65 2.99 1.56 6.91 3.23 4.65 4.23 8.54
9.69 8.85 8.68 1.38 9.40 1.07 6.32 4.01 9.46 4.43
3.40 3.81 9.16 5.28 6.30 2.75 3.71 2.89 4.78 2.84
9.44 5.55 2.81 3.91 4.69 6.60 2.06 4.06 2.26 5.28
4.90 5.29 9.09 7.47 4.93 3.05 4.56 8.38 5.30 6.95
4.90 7.45 8.99 7.42 9.15 9.86 3.24 5.78 5.39 3.57
7.43 8.84 7.08 9.60 4.72 4.67 1.41 8.04 8.42 8.25
8.93 8.10 4.73 3.39 9.11 2.36 8.07 5.56 8.99 5.15
6.10 2.34 4.87 6.13 4.71 8.08 5.94 9.53 7.21 8.97
8.22 4.79 3.14 7.67 2.79 7.78 9.65 1.05 5.77 8.90
2.17 5.04 6.29 9.83 8.71 2.31 9.24 3.50 1.92 4.33
4.24 6.44 3.11 2.02 7.81 4.01 4.86 3.96 7.30 5.82
5.15 5.13 6.36 6.03 1.30 9.12 7.51 1.80 6.86 8.16
4.00 9.16 1.92 5.39 8.18 8.67 2.40 9.02 8.00 7.05
7.73 6.46 9.58 9.86 8.57 5.77 1.57 5.89 4.40 8.43
7.84 6.10 1.42 6.51 6.99 2.77 3.26 1.22 5.96 6.79
8.93 7.57 6.29 8.36 8.21 8.56 5.41 2.45 4.36 8.60
3.24 7.55 4.21 6.64 6.26 3.76 2.98 7.91 1.56 6.21
4.58 5.17 9.16 3.48 9.34 3.08 3.49 7.57 5.65 4.88
5.63 7.55 7.79 5.47 8.99 4.28 1.72 6.22 8.14 4.68
9.33 5.92 4.26 1.06 6.71 4.69 3.08 6.41 5.38 4.94
2.92 8.55 5.62 4.79 7.90 5.63 6.41 5.49 1.01 2.65
4.37 6.45 1.83 2.04 8.75 9.86 7.62 8.26 9.54 2.70
7.70 5.39 7.27 8.67 5.55 1.06 2.37 3.52 1.26 1.73
7.56 4.67 4.81 8.94 5.92 7.59 8.64 8.10 6.89 6.86
3.91 3.00 2.50 3.52 7.55 7.91 4.11 5.11 8.70 7.93
6.35 2.59 6.90 1.18 3.50 2.29 4.84 5.60 2.50 8.24
1.77 5.24 1.28 7.55 4.82 1.16 8.59 9.73 1.26 7.97
5.17 8.82 7.48 4.56 1.89 5.94 4.49 4.38 9.80 5.14
2.05 6.19 3.76 6.06 2.56 2.12 5.19 7.71 9.00 7.27
6.05 4.37 8.95 9.90 3.84 2.31 4.44 9.00 1.59 2.12
9.69 9.43 9.16 5.09 5.84 1.55 7.68 1.84 1.07 1.37
4.33 8.49 9.19 7.93 1.59 6.70 6.07 6.47 7.09 1.34
3.52 1.04 8.02 5.43 8.24 7.41 7.95 7.25 1.24 4.65
5.37 9.04 8.75 9.45 3.13 1.09 5.43 5.28 3.40 6.74
7.14 2.21 6.28 9.58 9.70 3.32 4.20 3.78 5.84 4.62
5.44 4.01 1.42 3.55 6.30 9.93 7.68 7.30 1.63 2.40
3.46 9.96 3.66 5.18 7.34 3.62 9.93 4.46 4.74 1.30
7.82 2.94 6.91 9.95 7.69 8.42 3.45 6.70 4.60 4.34
3.07 6.02 3.42 9.82 3.86 4.22 5.71 9.90 7.34 7.66
3.87 9.42 8.87 5.12 9.25 7.55 9.46 4.75 1.13 6.65
6.68 4.62 8.07 1.73 5.22 2.43 5.45 8.22 1.09 3.88
9.89 2.52 1.77 3.00 1.46 3.04 5.62 1.57 8.39 5.17
2.60 8.84 4.49 8.95 5.90 1.19 9.43 4.54 3.51 2.26
7.34 2.14 2.52 7.50 1.83 4.33 5.97 6.27 7.50 3.94
2.29 8.80 8.48 4.29 6.01 8.05 7.12 3.36 9.88 7.12
6.59 6.80 8.94 1.34 7.98 2.76 2.25 8.87 1.42 8.93
1.01 8.01 4.74 7.33 9.59 6.33 8.59 9.43 3.46 2.01
7.69 1.10 6.70 6.86 9.58 3.37 2.34 8.37 5.19 1.73
2.66 1.41 2.61 2.89 7.66 7.35 8.84 4.67 2.59 6.57
7.44 8.69 3.22 3.30 7.60 4.18 4.03 8.16 9.17 3.29
6.04 1.80 3.26 8.89 1.81 4.69 5.00 2.36 5.82 1.93
1.21 8.10 5.09 2.67 4.34 3.05 8.94 2.86 8.86 8.51
5.41 1.32 1.98 4.33 9.26 8.31 7.19 4.91 1.57 4.77
8.31 5.66 2.72 7.40 7.66 1.68 2.27 3.01 6.66 3.07
4.23 6.80 2.89 2.61 2.30 2.65 2.14 2.29 1.73 6.63
3.88 2.66 2.65 3.82 4.15 5.26 2.15 2.87 1.57 2.68
5.70 1.27 5.17 2.07 9.08 9.92 9.48 1.18 6.75 4.18
6.51 7.95 3.18 2.80 7.94 5.94 1.13 3.40 8.78 2.30
1.62 3.68 6.87 2.50 2.63 1.36 9.99 7.87 9.70 5.75
1.68 6.38 9.04 3.38 1.84 9.54 8.62 3.04 6.29 1.61
8.23 8.29 4.08 8.93 2.83 5.30 6.15 6.44 3.65 5.28
1.82 3.62 1.90 9.38 8.42 1.18 4.19 8.58 4.87 4.43
7.26 4.22 2.68 1.11 3.26 3.04 2.52 4.25 9.27 8.95
1.87 2.91 1.50 4.36 9.83 6.74 4.98 4.81 7.70 7.71
2.90 5.17 8.04 7.46 6.72 6.28 3.65 8.52 4.23 1.79
6.02 3.61 5.34 5.63 8.96 4.99 5.84 3.48 5.34 8.61
7.86 8.93 4.15 6.94 7.15 8.81 2.81 8.08 7.68 6.31
6.71 4.96 9.98 5.41 2.98 8.67 9.38 4.39 3.31 7.27
8.39 7.15 9.02 8.75 2.65 8.18 4.31 5.49 1.75 2.21
1.50 7.28 3.97 8.51 4.94 7.05 3.80 8.83 4.59 7.21
4.62 6.35 3.72 9.35 1.15 2.78 6.89 2.51 6.27 2.28

Demandas:
1 0 0 0 0 0
1 0 0 0 0 0
0 1 0 0 0 0
0 0 1 0 0 0
0 1 0 0 0 0
0 0 1 0 0 0
0 0 0 0 0 1
0 1 0 0 0 0
0 0 0 0 1 0
0 1 0 0 0 0
0 0 0 1 0 0
0 0 0 0 0 1
0 0 0 1 0 0
0 0 0 0 1 0
0 0 0 1 0 0
0 0 0 0 1 0
0 0 0 0 0 1
1 0 0 0 0 0
1 0 0 0 0 0
0 0 0 0 1 0
0 1 0 0 0 0
1 0 0 0 0 0
0 1 0 0 0 0
0 0 0 0 0 1
1 0 0 0 0 0
1 0 0 0 0 0
0 0 1 0 0 0
0 0 1 0 0 0
0 0 0 1 0 0
0 0 0 1 0 0
0 0 0 0 0 1
1 0 0 0 0 0
0 0 0 0 0 1
0 1 0 0 0 0
0 0 0 1 0 0
0 0 0 0 0 1
0 0 1 0 0 0
0 0 1 0 0 0
1 0 0 0 0 0
0 0 0 0 1 0
0 0 0 0 1 0
0 0 0 0 1 0
0 1 0 0 0 0
1 0 0 0 0 0
0 1 0 0 0 0
0 1 0 0 0 0
0 1 0 0 0 0
0 0 1 0 0 0
0 1 0 0 0 0
1 0 0 0 0 0
0 0 0 0 1 0
0 0 0 0 1 0
0 0 0 1 0 0
0 0 1 0 0 0
0 0 0 1 0 0
1 0 0 0 0 0
1 0 0 0 0 0
0 0 1 0 0 0
1 0 0 0 0 0
1 0 0 0 0 0
0 0 0 0 1 0
1 0 0 0 0 0
1 0 0 0 0 0
0 0 0 0 1 0
0 0 0 0 1 0
0 0 0 1 0 0
0 1 0 0 0 0
0 0 0 1 0 0
0 0 1 0 0 0
0 0 1 0 0 0
0 0 1 0 0 0
0 1 0 0 0 0
0 0 1 0 0 0
1 0 0 0 0 0
0 1 0 0 0 0
0 0 1 0 0 0
0 0 0 0 0 1
0 1 0 0 0 0
0 0 0 1 0 0
0 1 0 0 0 0
0 0 0 1 0 0
0 0 0 1 0 0
0 0 1 0 0 0
0 0 1 0 0 0
1 0 0 0 0 0
1 0 0 0 0 0
0 0 0 1 0 0
0 0 0 0 0 1
0 0 1 0 0 0
0 0 0 0 0 1
0 0 0 0 1 0
0 1 0 0 0 0
0 0 0 0 0 1
0 0 1 0 0 0
0 0 0 0 1 0
0 0 0 0 1 0
0 1 0 0 0 0
1 0 0 0 0 0
0 0 0 1 0 0
0 1 0 0 0 0
0 0 0 1 0 0
0 0 1 0 0 0
0 0 0 0 1 0
0 0 0 1 0 0
0 0 1 0 0 0
0 0 1 0 0 0
0 0 0 0 0 1
0 0 0 0 0 1
0 1 0 0 0 0
0 1 0 0 0 0
0 0 0 0 1 0
0 0 0 1 0 0
0 0 0 1 0 0
0 0 0 0 1 0
0 0 0 0 0 1
0 0 1 0 0 0
0 0 0 0 0 1
0 0 0 0 1 0
0 0 1 0 0 0
0 0 0 1 0 0
1 0 0 0 0 0
1 0 0 0 0 0
0 0 0 0 0 1
0 1 0 0 0 0
0 1 0 0 0 0
0 0 0 0 1 0
0 0 0 0 0 1
1 0 0 0 0 0
0 0 0 0 1 0
0 0 0 0 1 0
1 0 0 0 0 0
0 1 0 0 0 0
1 0 0 0 0 0
0 0 0 1 0 0
0 0 0 0 0 1
1 0 0 0 0 0
0 0 0 0 1 0
0 0 0 1 0 0
0 0 0 0 0 1
0 1 0 0 0 0
0 1 0 0 0 0
0 0 1 0 0 0
0 0 0 0 0 1
0 0 0 1 0 0
0 1 0 0 0 0
1 0 0 0 0 0
0 0 1 0 0 0
0 0 0 0 0 1
0 0 0 0 0 1
0 0 0 0 0 1
0 0 0 1 0 0
0 0 0 1 0 0
0 0 1 0 0 0
0 1 0 0 0 0
0 0 0 1 0 0
0 0 0 1 0 0
0 0 1 0 0 0
0 0 0 0 1 0
0 0 0 0 1 0
0 1 0 0 0 0
0 0 0 0 0 1
0 0 0 1 0 0
0 0 0 1 0 0
0 0 1 0 0 0
1 0 0 0 0 0
0 0 0 0 0 1
0 0 0 0 1 0
0 1 0 0 0 0
0 0 1 0 0 0
0 0 1 0 0 0
0 0 0 0 0 1
0 0 0 1 0 0
0 1 0 0 0 0
0 0 1 0 0 0
1 0 0 0 0 0
0 0 1 0 0 0
0 0 0 1 0 0
0 0 0 0 1 0
0 0 1 0 0 0
0 0 0 0 1 0
0 0 0 1 0 0
0 1 0 0 0 0
0 0 1 0 0 0
0 0 1 0 0 0
0 0 1 0 0 0
0 1 0 0 0 0
0 0 0 0 0 1
0 0 0 1 0 0
0 1 0 0 0 0
0 0 1 0 0 0
0 0 1 0 0 0
1 0 0 0 0 0
0 1 0 0 0 0
0 0 0 0 1 0
0 1 0 0 0 0
0 0 0 0 0 1
0 0 0 0 0 1
0 0 1 0 0 0
1 0 0 0 0 0
0 0 0 0 1 0
0 0 0 0 1 0
0 1 0 0 0 0
0 0 0 0 0 1
0 0 0 1 0 0
0 0 0 1 0 0
0 1 0 0 0 0
0 1 0 0 0 0
1 0 0 0 0 0
0 0 0 0 1 0
0 0 0 0 0 1
0 0 0 1 0 0
0 0 0 0 1 0
0 0 0 1 0 0
0 0 0 1 0 0
0 0 0 0 0 1
0 0 0 1 0 0
0 1 0 0 0 0
0 0 0 0 1 0
1 0 0 0 0 0
0 1 0 0 0 0
0 0 1 0 0 0
0 0 0 0 1 0
0 1 0 0 0 0
0 0 0 0 0 1
0 0 0 0 1 0
0 0 1 0 0 0
1 0 0 0 0 0
0 1 0 0 0 0
0 0 0 0 0 1
1 0 0 0 0 0
0 0 0 0 1 0
0 0 0 1 0 0
0 0 0 0 1 0
0 1 0 0 0 0
1 0 0 0 0 0
0 0 0 1 0 0
1 0 0 0 0 0
0 0 0 1 0 0
0 1 0 0 0 0
0 1 0 0 0 0
0 0 1 0 0 0
0 0 1 0 0 0
0 0 0 0 1 0
0 1 0 0 0 0
0 1 0 0 0 0
0 0 1 0 0 0
0 0 0 0 1 0
0 1 0 0 0 0
0 0 1 0 0 0
0 0 0 1 0 0
0 0 0 0 1 0
0 1 0 0 0 0
1 0 0 0 0 0
0 0 1 0 0 0
0 1 0 0 0 0
0 0 0 0 0 1
0 0 0 0 1 0
0 0 0 0 1 0
0 0 0 0 0 1
1 0 0 0 0 0
1 0 0 0 0 0
0 0 1 0 0 0
1 0 0 0 0 0
0 0 0 1 0 0
0 1 0 0 0 0
0 1 0 0 0 0
0 0 0 1 0 0
1 0 0 0 0 0
0 1 0 0 0 0
0 0 1 0 0 0
0 0 0 0 1 0
0 1 0 0 0 0
0 1 0 0 0 0
1 0 0 0 0 0
1 0 0 0 0 0
1 0 0 0 0 0
0 1 0 0 0 0
1 0 0 0 0 0
0 0 0 1 0 0
0 0 0 1 0 0
0 1 0 0 0 0
0 1 0 0 0 0
0 0 1 0 0 0
0 0 0 0 0 1
0 0 0 1 0 0
0 1 0 0 0 0
1 0 0 0 0 0
0 1 0 0 0 0
0 0 1 0 0 0
0 0 0 1 0 0
0 0 0 0 0 1
1 0 0 0 0 0
0 0 0 0 0 1
0 1 0 0 0 0
1 0 0 0 0 0
0 0 0 0 1 0
1 0 0 0 0 0
1 0 0 0 0 0
0 0 1 0 0 0
0 0 0 0 0 1
0 0 0 0 0 1
0 0 1 0 0 0
0 0 0 0 0 1
0 1 0 0 0 0
0 0 0 0 0 1
0 0 0 0 0 1
0 1 0 0 0 0
0 0 0 0 1 0
0 1 0 0 0 0
0 0 1 0 0 0
0 0 1 0 0 0
0 0 0 0 1 0
0 1 0 0 0 0
1 0 0 0 0 0
1 0 0 0 0 0
0 0 0 1 0 0
0 1 0 0 0 0
0 0 0 1 0 0
0 0 0 0 1 0
0 0 0 0 0 1
0 0 1 0 0 0
0 0 1 0 0 0
0 1 0 0 0 0
0 1 0 0 0 0
1 0 0 0 0 0
0 1 0 0 0 0
0 0 0 0 0 1
0 0 0 0 1 0
0 0 0 1 0 0
0 0 0 0 1 0
0 0 0 0 0 1
0 1 0 0 0 0
0 0 0 1 0 0
0 0 0 1 0 0
0 1 0 0 0 0
0 0 1 0 0 0
0 0 1 0 0 0
1 0 0 0 0 0
0 0 1 0 0 0
0 0 1 0 0 0
0 0 0 1 0 0
0 1 0 0 0 0
0 0 0 1 0 0
0 0 0 0 1 0
0 0 0 0 1 0
0 0 0 0 0 1
0 0 0 0 1 0
0 1 0 0 0 0
0 0 0 0 0 1
0 0 1 0 0 0
0 1 0 0 0 0
1 0 0 0 0 0
0 0 0 0 1 0
0 1 0 0 0 0
1 0 0 0 0 0
0 0 0 0 1 0
0 0 0 1 0 0
0 0 1 0 0 0
1 0 0 0 0 0
0 0 0 0 0 1
0 0 0 0 0 1
0 1 0 0 0 0
0 0 0 0 1 0
0 0 0 1 0 0
1 0 0 0 0 0
0 1 0 0 0 0
0 0 1 0 0 0
0 1 0 0 0 0
1 0 0 0 0 0
0 1 0 0 0 0
0 1 0 0 0 0
0 1 0 0 0 0
0 0 0 1 0 0
0 0 0 0 0 1
0 1 0 0 0 0
0 0 1 0 0 0
0 1 0 0 0 0
1 0 0 0 0 0
0 0 0 0 0 1
0 0 0 0 1 0
0 0 0 0 0 1
0 0 1 0 0 0
0 1 0 0 0 0
0 0 0 1 0 0
0 0 1 0 0 0
0 0 0 0 1 0
0 0 0 0 0 1
0 1 0 0 0 0
0 0 1 0 0 0
0 0 0 1 0 0
0 0 0 1 0 0
0 1 0 0 0 0
0 1 0 0 0 0
1 0 0 0 0 0
0 0 1 0 0 0
1 0 0 0 0 0
0 0 0 1 0 0
0 1 0 0 0 0
1 0 0 0 0 0
0 0 0 0 1 0
1 0 0 0 0 0
0 1 0 0 0 0
0 0 0 0 0 1
0 0 1 0 0 0
0 1 0 0 0 0
0 0 1 0 0 0
0 0 0 0 0 1
0 0 0 0 0 1
0 0 0 0 0 1
0 0 0 0 1 0
0 1 0 0 0 0
1 0 0 0 0 0
0 1 0 0 0 0
0 0 0 0 1 0
0 0 1 0 0 0
0 0 0 1 0 0
0 0 0 0 0 1
0 1 0 0 0 0
0 1 0 0 0 0
0 0 0 1 0 0
0 0 1 0 0 0
0 1 0 0 0 0
0 0 1 0 0 0
0 0 1 0 0 0
0 1 0 0 0 0
0 0 0 1 0 0
0 0 0 1 0 0
0 0 0 1 0 0
0 1 0 0 0 0
0 1 0 0 0 0
0 0 0 1 0 0
0 0 0 0 0 1
0 0 0 0 1 0
0 0 0 0 1 0
0 0 0 0 1 0
0 1 0 0 0 0
1 0 0 0 0 0
0 0 0 0 1 0
1 0 0 0 0 0
0 0 1 0 0 0
0 0 0 0 1 0
0 0 1 0 0 0
0 1 0 0 0 0
0 0 0 1 0 0
0 1 0 0 0 0
0 1 0 0 0 0
0 0 0 1 0 0
0 0 0 0 0 1
0 0 0 0 0 1
0 1 0 0 0 0
0 0 0 0 0 1
0 0 0 0 0 1
0 0 0 0 1 0
0 0 0 0 0 1
0 0 0 0 0 1
0 1 0 0 0 0
1 0 0 0 0 0
0 0 0 0 1 0
0 0 0 1 0 0
0 0 0 1 0 0
0 0 0 0 1 0
0 0 1 0 0 0
1 0 0 0 0 0
0 0 0 1 0 0
0 1 0 0 0 0
0 0 0 0 1 0
1 0 0 0 0 0
0 0 0 0 0 1
0 0 0 0 0 1
1 0 0 0 0 0
0 0 0 0 0 1
0 0 1 0 0 0
1 0 0 0 0 0
0 0 0 1 0 0
1 0 0 0 0 0
0 0 1 0 0 0
1 0 0 0 0 0
0 0 0 0 1 0
0 0 0 1 0 0
0 0 0 1 0 0
0 0 0 0 0 1
0 1 0 0 0 0
0 0 0 1 0 0
0 0 1 0 0 0
0 1 0 0 0 0
0 0 0 0 1 0
0 0 0 1 0 0
1 0 0 0 0 0
1 0 0 0 0 0
0 0 0 1 0 0
0 1 0 0 0 0
0 0 0 0 1 0
1 0 0 0 0 0
1 0 0 0 0 0
0 0 1 0 0 0
0 0 0 0 0 1
0 1 0 0 0 0
1 0 0 0 0 0
0 0 0 0 0 1
0 0 0 0 0 1

Capacidades:
44 20 0 47 27 54
50 53 25 50 48 43
39 40 21 31 21 53
49 22 29 32 0 0
56 48 30 0 54 44
37 22 41 27 50 0
30 46 25 25 59 52
39 45 38 31 36 30
32 58 23 23 52 31
23 31 57 43 34 22
