m: 500
n: 10
p: 7

Distancias:
1.01 2.85 8.10 8.30 8.17 6.52 7.36 9.85 8.47 9.95
2.20 3.60 5.46 7.52 9.90 7.76 5.37 5.93 5.93 2.51
9.34 7.24 2.64 5.47 1.72 2.23 5.74 8.28 8.35 3.14
3.00 1.42 7.17 6.02 2.58 7.02 2.13 8.76 4.33 4.12
9.48 1.78 1.18 8.59 8.17 6.42 3.30 4.32 6.65 1.15
3.37 9.38 9.63 1.53 5.57 6.17 9.26 2.92 9.40 9.45
6.44 6.54 2.88 8.54 9.31 8.69 2.77 1.66 7.83 6.58
4.74 3.13 7.57 3.47 8.64 1.33 5.67 6.87 3.62 6.66
7.19 3.44 9.17 8.84 4.60 5.70 3.39 7.84 9.74 2.73
5.27 2.43 7.44 5.23 7.02 3.83 2.71 4.05 4.72 4.11
6.80 3.25 6.46 6.43 7.24 2.50 4.30 9.82 2.59 2.79
3.88 4.12 4.53 3.59 8.33 7.98 9.45 3.34 3.51 1.20
5.60 6.49 8.03 9.44 2.67 5.93 5.65 2.61 5.91 2.13
5.89 3.47 6.88 9.71 3.62 2.19 8.33 7.25 9.42 2.06
9.10 2.44 5.48 7.89 9.25 2.86 4.50 4.93 9.47 1.87
5.15 2.05 5.95 5.26 2.69 5.54 9.97 2.59 7.60 2.02
6.44 3.48 1.30 7.40 4.54 2.59 2.42 2.30 1.67 2.34
9.35 5.93 5.76 9.88 8.47 4.30 6.81 7.39 3.77 5.83
7.72 1.24 8.60 9.18 5.82 1.43 9.98 5.70 7.95 7.95
4.70 5.47 4.23 2.71 9.65 9.74 6.77 5.76 5.20 1.39
1.68 2.21 5.98 9.13 9.87 6.54 7.30 6.15 2.26 7.75
1.59 2.16 3.71 9.11 8.67 4.10 7.11 6.18 6.85 5.07
4.21 6.06 2.33 1.37 5.51 4.48 6.42 6.52 2.80 1.54
5.85 8.65 7.30 2.71 3.12 6.23 1.43 8.07 9.83 2.81
9.68 6.51 6.69 8.01 3.35 4.90 3.29 5.60 1.79 9.44
9.49 4.16 3.02 6.42 3.75 3.86 6.32 1.47 8.17 1.22
4.69 9.50 2.10 4.27 5.92 4.39 1.34 7.81 8.13 7.96
3.02 1.26 1.45 1.98 9.99 5.94 7.90 5.15 2.61 1.66
8.70 3.23 7.43 4.53 2.52 5.19 7.85 4.94 7.12 1.40
4.03 6.12 1.53 2.14 7.36 3.69 9.87 3.37 5.41 6.64
8.15 8.80 9.83 5.97 6.03 3.16 9.37 3.83 1.17 4.95
8.85 2.74 4.79 7.01 1.00 7.72 3.03 6.76 4.98 1.70
2.68 2.39 7.89 5.49 9.96 4.42 1.48 6.91 7.75 4.46
4.89 7.09 5.05 5.07 2.40 5.04 3.67 9.12 9.15 3.88
3.26 1.90 8.72 9.97 9.63 5.31 6.93 7.60 8.10 2.27
8.75 3.42 1.42 4.58 8.75 1.72 8.50 4.51 3.45 7.55
2.27 7.93 4.98 8.42 5.82 6.82 9.79 2.07 8.04 1.97
6.02 8.33 2.50 9.20 1.54 2.74 8.08 5.89 9.58 9.91
2.24 6.78 1.64 5.36 1.64 3.69 1.11 2.63 3.12 8.07
2.80 2.92 5.33 1.40 7.33 3.30 2.06 8.70 5.66 7.62
1.02 1.78 2.64 7.97 7.48 7.62 8.49 6.45 2.12 7.26
7.44 2.80 9.97 6.57 5.82 5.42 3.96 9.96 9.70 9.17
2.41 9.85 1.32 2.31 8.08 3.54 2.47 1.48 4.11 4.36
6.26 3.85 2.60 8.75 7.13 2.82 4.47 4.92 5.49 9.23
1.09 5.36 4.57 7.31 1.92 3.89 9.52 5.34 6.53 8.68
8.34 8.02 1.67 7.64 8.52 4.37 7.57 4.15 2.69 6.03
6.41 3.71 9.90 6.81 5.57 5.26 1.58 8.86 2.65 6.00
7.19 2.72 5.03 9.69 8.41 1.47 6.20 3.35 3.86 2.58
8.54 3.85 4.80 5.89 8.72 2.08 2.68 8.80 8.26 3.34
4.85 4.53 3.73 4.60 7.86 5.85 9.01 5.45 2.48 1.90
5.96 7.57 1.77 3.75 7.97 3.85 5.08 2.18 6.05 4.59
4.52 4.54 8.40 4.02 5.88 4.26 1.81 4.70 7.75 8.78
7.28 8.42 7.75 5.29 7.80 6.49 9.31 8.25 7.07 2.71
2.93 5.40 7.93 2.11 4.02 2.70 6.67 2.29 8.98 1.58
5.29 8.95 6.98 6.94 8.20 5.97 8.75 5.93 8.36 1.27
9.87 1.93 3.37 1.91 2.12 3.01 8.34 4.89 7.34 6.13
4.47 7.06 5.54 4.86 2.30 9.13 3.16 3.00 7.06 2.05
9.69 9.35 8.57 8.35 3.28 7.73 4.43 8.10 5.36 7.36
5.95 4.64 7.04 6.63 9.00 1.25 5.96 4.78 5.31 5.96
2.96 9.73 2.80 9.28 8.68 7.75 8.46 6.48 8.24 3.75
7.78 9.79 1.25 9.37 5.55 6.74 5.88 3.51 3.23 7.43
7.20 4.59 2.58 3.55 6.21 2.85 3.89 1.12 4.35 8.23
8.01 7.76 3.37 4.92 4.00 8.49 8.41 4.41 1.08 5.90
7.97 2.71 9.27 6.71 7.90 4.40 1.62 1.49 4.16 9.76
2.19 8.50 8.25 5.30 9.89 6.80 9.29 1.99 1.44 8.54
6.17 7.06 9.72 1.75 5.59 9.56 1.81 4.01 8.15 4.53
9.00 6.27 5.58 5.55 5.11 6.97 9.30 7.76 1.64 4.22
4.64 9.08 9.74 2.40 1.99 1.57 1.81 1.47 2.36 7.53
4.34 3.91 2.87 4.37 8.57 9.72 8.22 4.71 3.08 6.55
1.76 4.45 4.30 9.33 1.78 2.16 8.06 8.35 5.09 4.00
5.09 7.29 2.60 5.98 4.19 4.16 3.40 1.37 3.25 9.57
2.60 6.14 8.70 9.76 1.02 4.51 6.34 7.68 8.25 6.70
8.85 2.35 3.95 5.26 4.31 9.11 7.50 6.20 6.24 3.24
9.19 8.54 3.97 9.05 6.51 1.57 8.81 3.42 3.80 6.75
8.47 8.62 6.13 3.74 7.43 6.60 3.75 6.86 6.79 2.65
2.79 9.59 3.70 9.49 1.23 2.51 6.64 5.29 1.29 9.78
1.88 6.02 5.73 2.94 8.21 5.74 8.58 3.92 1.68 2.18
6.54 3.60 3.38 5.38 4.66 7.51 9.96 9.73 9.76 9.52
3.72 10.00 9.94 3.88 2.18 4.16 3.94 6.68 2.19 1.76
1.14 7.89 2.10 8.95 4.76 7.14 2.58 8.09 2.11 3.81
1.96 3.68 1.41 6.02 7.68 1.70 2.16 8.59 5.39 1.41
1.67 7.07 7.70 6.87 7.45 7.43 2.97 4.76 3.15 1.13
5.40 9.53 9.97 9.54 3.57 1.66 5.04 2.20 7.36 6.91
1.29 9.49 1.18 3.96 2.41 4.83 4.24 8.18 2.06 9.63
9.56 6.80 9.12 4.98 3.10 3.77 2.04 4.23 8.37 9.54
5.56 9.73 5.68 3.71 1.19 9.23 7.99 8.00 7.09 9.30
2.30 5.62 5.85 8.92 9.29 2.92 5.18 6.52 3.92 1.28
4.91 7.38 7.46 9.80 2.40 6.19 6.43 3.43 2.84 7.51
3.37 3.74 6.11 5.48 9.04 9.35 6.64 6.52 9.03 7.73
4.06 9.17 4.62 4.16 7.88 2.26 3.24 9.65 5.31 8.19
4.37 5.17 5.08 1.75 2.00 5.41 2.85 7.92 5.98 2.62
3.20 9.17 2.53 1.94 5.16 7.05 1.56 2.49 8.83 8.83
8.04 8.30 1.69 1.82 8.71 2.73 1.11 2.44 9.36 4.00
1.81 4.32 7.64 5.87 8.40 9.41 9.79 5.49 7.13 1.70
4.55 6.81 9.51 9.03 7.37 5.85 5.82 4.12 9.98 1.94
4.65 3.05 8.42 2.49 3.87 7.25 3.93 3.40 7.33 5.61
8.01 9.65 5.76 9.58 1.64 7.09 3.07 5.61 3.96 5.60
6.22 5.77 7.48 6.31 3.60 1.02 4.25 5.95 7.55 2.41
5.81 4.76 2.70 8.98 7.66 1.23 5.31 3.99 5.29 3.35
2.98 1.46 1.38 3.10 7.54 7.72 9.06 7.59 2.54 5.19
8.94 7.70 1.02 1.85 7.15 8.56 5.11 6.01 6.81 9.41
9.57 9.66 4.35 9.80 5.39 6.28 1.04 2.70 4.00 3.37
5.12 1.89 6.78 9.99 7.00 4.26 2.27 8.04 2.47 9.12
3.65 5.99 9.32 9.96 2.47 7.49 4.65 2.63 3.45 7.36
7.89 3.66 4.00 3.33 1.11 8.73 6.35 7.12 7.38 7.75
1.90 4.50 3.99 3.97 3.08 9.47 6.62 3.82 9.89 7.48
9.69 9.64 3.41 3.89 1.18 8.17 1.03 7.06 8.12 4.29
7.29 6.27 6.62 7.10 2.85 4.38 3.35 4.96 6.30 1.17
5.38 4.91 8.72 2.24 9.16 3.21 3.62 4.15 4.43 7.59
8.20 1.46 4.89 8.67 3.48 8.91 3.96 3.52 2.60 4.59
4.13 9.36 3.65 2.33 7.27 1.88 6.50 6.78 7.96 4.48
6.35 3.29 3.23 7.85 3.00 4.24 9.84 8.85 5.36 8.14
7.40 7.84 3.59 6.87 6.67 2.63 8.21 2.10 9.58 1.61
4.09 9.39 7.37 5.40 2.08 6.10 4.50 7.46 8.60 5.87
8.17 6.24 9.76 7.25 4.16 4.63 1.18 1.94 3.09 3.00
5.51 4.92 2.95 7.71 3.01 2.43 5.53 5.53 5.37 1.13
1.72 1.99 4.58 5.41 5.36 1.23 3.28 1.45 7.15 8.14
7.65 4.71 7.51 4.40 7.24 1.27 8.85 1.11 4.08 6.93
3.95 1.35 7.65 3.54 3.28 5.19 2.21 8.83 2.59 8.37
8.17 6.66 6.57 5.07 7.88 2.80 5.62 9.26 1.33 1.22
7.34 3.65 5.90 4.46 4.32 7.01 2.60 9.04 6.96 5.68
7.37 4.37 1.65 4.16 2.43 6.06 3.31 7.28 9.66 8.17
4.46 1.56 5.72 9.74 4.89 5.92 6.49 9.02 2.83 7.93
4.15 1.01 7.80 4.98 7.87 6.50 3.37 2.51 9.87 7.22
6.52 7.89 9.20 6.37 6.93 9.92 7.89 2.80 3.70 9.50
9.72 6.99 5.23 6.96 6.36 7.25 2.74 9.08 3.64 9.99
1.27 1.19 6.30 7.94 6.61 8.90 1.83 7.16 9.41 4.29
5.49 5.59 4.51 6.47 5.21 6.28 3.99 5.45 9.44 6.60
4.50 2.35 6.90 1.01 5.80 5.33 3.63 8.98 5.34 8.90
1.16 1.96 4.81 8.63 6.07 2.45 9.95 7.35 6.40 3.27
9.30 2.67 8.75 6.72 1.20 8.55 6.96 2.37 3.05 7.68
4.65 7.47 7.46 7.03 4.39 4.25 9.21 3.91 3.16 9.99
5.34 5.51 2.23 6.95 6.53 9.65 6.42 4.24 6.91 5.96
6.16 1.44 4.24 4.40 9.39 1.98 8.34 2.37 3.61 2.94
6.88 1.27 9.13 7.41 1.74 3.62 9.78 4.74 5.61 7.12
7.95 6.91 1.27 8.05 7.51 2.02 8.38 5.12 6.56 9.00
4.73 1.24 9.57 4.91 1.03 8.62 3.35 2.23 4.07 9.06
3.96 1.10 9.07 7.92 3.00 3.40 7.18 9.45 5.97 4.94
9.77 1.60 4.11 6.68 7.34 9.70 7.63 1.91 7.00 6.60
2.77 8.59 5.90 2.22 8.87 7.58 7.65 7.87 3.08 4.46
1.84 1.32 3.60 7.21 1.59 9.75 1.87 3.56 5.62 8.91
8.99 4.29 1.59 3.10 6.09 9.95 3.38 9.44 4.54 9.54
3.71 3.16 1.93 2.08 6.45 5.82 9.06 2.89 4.28 6.80
6.73 5.72 3.19 6.41 7.24 2.96 5.56 6.09 8.28 1.98
6.69 8.55 6.34 9.12 6.76 6.27 7.23 6.13 3.02 8.04
6.86 5.64 5.00 5.82 3.17 8.52 4.30 1.43 1.69 9.80
3.96 8.42 4.92 6.55 9.99 7.02 9.95 2.28 6.26 8.57
7.75 9.96 3.10 1.38 5.13 7.19 3.78 4.87 5.22 6.92
1.73 6.53 1.68 3.64 4.63 6.29 2.19 7.46 2.63 1.10
7.50 8.60 9.92 7.77 1.55 4.05 8.39 6.43 3.83 6.58
4.27 5.72 4.92 3.06 3.02 9.44 2.33 8.54 2.56 6.83
5.99 2.86 7.00 2.28 6.81 4.29 9.60 1.22 7.66 4.80
1.60 2.69 9.43 6.81 7.87 6.36 2.34 9.43 1.80 5.71
7.58 5.02 1.36 4.86 7.59 5.26 4.72 2.08 8.08 4.41
5.00 2.92 4.40 3.10 2.72 2.68 5.13 9.50 7.52 2.59
9.19 9.79 4.01 4.55 5.13 8.74 4.92 7.54 2.46 1.25
5.57 8.08 6.80 2.23 2.34 2.76 5.49 6.42 2.38 5.19
7.25 5.00 6.60 8.41 9.00 2.17 2.29 5.32 4.79 3.92
5.27 3.79 1.26 2.13 8.54 4.78 3.77 8.41 5.66 9.01
5.62 3.08 2.55 3.39 6.03 1.23 3.54 6.96 5.73 6.53
4.32 3.86 1.57 4.87 5.71 5.78 7.20 2.15 5.50 7.83
6.36 6.98 5.96 2.77 3.97 9.55 2.93 6.51 5.56 3.24
8.95 3.23 3.39 3.25 4.71 4.47 9.42 2.39 7.57 8.76
4.25 9.17 9.12 1.94 4.09 9.66 3.55 3.08 1.60 2.08
5.30 9.34 2.17 1.48 6.92 8.35 5.39 5.30 3.34 9.24
8.28 2.87 7.92 6.97 3.67 5.91 4.90 1.40 6.55 3.16
6.12 9.29 1.88 8.44 1.52 5.08 1.43 2.12 3.49 6.98
4.28 1.40 2.17 5.28 7.01 3.17 5.72 8.02 1.30 7.40
4.94 5.64 2.50 1.50 3.09 8.10 8.52 9.46 4.97 1.78
7.65 7.98 6.80 8.90 8.85 3.05 7.22 8.50 6.08 8.32
3.47 6.51 5.49 6.98 2.35 4.65 3.54 6.54 8.29 4.63
8.39 5.59 2.33 3.87 3.09 2.25 7.18 2.18 5.93 6.50
4.72 4.26 2.39 9.56 3.48 3.14 1.49 9.41 1.25 5.32
8.47 4.01 4.57 4.65 4.26 8.60 8.70 1.23 6.17 2.76
4.35 5.27 7.67 8.00 5.31 5.93 9.18 4.80 5.99 9.20
6.38 9.28 2.89 4.44 9.12 1.82 9.24 7.85 4.05 8.31
1.03 4.48 1.98 5.75 9.04 7.38 3.17 1.79 7.13 9.39
9.93 8.17 9.23 7.66 1.16 5.16 7.74 5.80 9.48 7.70
3.53 1.48 1.15 7.13 8.39 4.74 3.55 3.22 7.79 2.81
9.55 8.38 1.66 5.05 6.59 4.03 4.02 4.57 2.35 9.93
3.96 1.77 7.36 3.91 7.66 9.26 6.07 1.74 8.13 5.00
5.87 6.11 6.47 9.84 9.31 8.53 4.45 8.18 4.85 4.89
8.41 2.52 5.39 2.15 7.45 1.51 9.70 6.33 1.02 7.40
5.46 9.12 2.93 5.93 2.16 3.82 7.09 3.49 3.05 3.05
3.89 8.54 4.03 8.01 2.08 4.49 4.59 3.43 8.79 3.78
9.50 6.66 3.75 2.93 4.82 9.08 8.57 5.35 4.97 8.22
8.42 2.07 7.29 9.04 5.93 2.82 9.04 6.92 2.74 5.83
9.23 7.71 9.77 5.27 9.35 1.15 1.93 7.99 3.85 8.65
4.74 2.92 5.29 6.71 8.32 8.10 7.49 2.26 9.60 3.17
8.20 5.50 5.36 1.22 2.66 2.68 5.35 4.27 7.11 6.95
6.77 5.17 6.17 6.61 4.41 9.48 4.29 6.44 9.19 9.42
3.82 5.57 1.51 3.59 9.35 9.44 5.55 5.31 9.88 6.31
6.51 3.77 1.81 2.30 6.59 3.77 5.75 8.63 1.58 2.36
7.20 8.37 5.15 8.90 6.09 3.01 4.20 2.76 4.83 1.47
6.85 9.18 5.15 1.52 9.72 8.53 4.55 8.58 6.08 2.16
5.92 1.35 6.21 7.67 8.50 1.38 8.95 3.15 9.92 4.79
6.31 4.18 5.13 2.90 9.29 7.99 4.98 9.75 2.89 8.89
3.83 8.70 4.28 5.46 3.88 3.45 7.75 8.27 5.49 9.33
2.25 6.61 3.75 9.19 4.14 6.40 4.06 9.86 3.32 2.42
1.02 9.84 5.54 4.10 3.42 7.35 3.28 2.61 2.37 8.57
3.90 1.68 2.35 4.75 8.48 5.60 9.80 1.12 2.90 1.72
6.98 2.79 8.35 7.70 7.80 8.07 4.26 2.61 2.51 3.57
2.30 9.05 7.52 1.21 2.88 3.09 4.04 7.36 1.33 6.83
8.52 5.50 2.39 6.27 8.31 2.30 2.95 3.36 1.51 4.03
5.45 2.47 9.33 9.15 2.07 3.81 2.28 5.10 1.66 8.34
8.38 9.15 2.18 6.57 1.80 6.46 6.76 8.40 6.57 8.91
7.22 3.67 1.85 7.68 4.24 2.57 3.69 8.39 9.04 9.68
4.12 1.17 9.41 4.61 6.32 6.13 1.68 3.00 7.36 7.56
1.07 2.01 2.49 3.23 3.56 8.45 3.47 2.13 3.49 4.66
8.56 2.42 8.22 6.76 1.74 7.75 8.84 9.12 7.43 1.37
8.98 5.92 7.26 8.63 7.70 1.37 1.00 9.54 9.20 7.78
2.38 4.89 8.41 6.39 6.18 8.96 10.00 9.85 2.92 3.61
6.84 2.24 9.34 4.15 9.25 9.60 5.18 1.81 3.37 7.87
9.46 5.60 7.63 2.83 9.86 4.78 7.56 9.96 8.56 2.33
8.24 9.36 3.15 2.77 2.78 4.51 7.32 4.45 8.34 1.86
5.95 2.19 4.97 9.48 1.48 6.83 6.93 8.86 5.20 7.98
5.40 3.10 1.42 6.58 9.02 8.86 1.33 3.82 4.13 4.27
5.77 9.29 2.33 4.20 4.69 3.16 3.40 7.40 2.84 3.86
7.35 3.00 9.79 3.24 4.50 6.80 4.19 8.59 8.70 7.85
6.73 3.08 9.05 7.68 5.95 2.35 7.49 7.57 5.95 5.25
5.47 3.07 7.66 7.51 3.67 3.25 4.75 1.44 9.44 2.55
9.96 4.32 3.40 5.39 9.64 2.46 5.08 6.98 2.18 3.50
1.56 1.23 3.95 9.87 3.44 7.97 1.74 1.84 9.80 1.61
6.88 7.33 3.02 8.41 1.66 8.29 5.03 4.77 5.47 4.14
5.55 4.67 7.40 2.77 8.49 7.85 6.82 7.33 7.32 6.95
4.08 3.18 3.90 1.80 4.02 4.78 6.62 7.79 2.14 9.18
2.82 4.73 7.74 3.72 3.23 8.18 4.42 2.61 8.12 5.87
6.20 8.44 1.47 6.09 3.87 5.61 5.91 5.46 9.94 7.67
1.61 9.60 3.85 5.55 7.20 3.83 4.38 2.31 7.52 3.47
1.99 2.82 5.24 7.93 6.27 9.57 1.86 3.27 8.61 9.34
5.34 1.69 7.04 6.06 1.76 4.46 7.16 8.39 5.49 8.99
7.33 2.59 5.44 3.87 3.60 8.35 6.04 4.64 2.04 4.19
3.59 9.82 4.49 5.03 8.90 8.90 1.61 9.46 5.27 4.60
1.87 2.25 6.55 6.74 7.19 9.62 6.84 8.38 8.70 2.21
4.93 3.03 1.23 3.15 1.13 8.61 5.74 4.73 1.35 8.26
1.11 2.10 3.41 6.80 7.83 2.92 7.73 6.38 5.70 2.26
8.63 5.81 9.47 2.44 8.53 8.59 8.45 6.20 3.52 7.45
8.71 7.10 5.11 7.06 7.88 2.15 9.65 4.15 6.54 1.87
3.86 3.48 6.23 9.52 7.93 4.62 7.75 3.02 4.95 8.70
8.66 2.41 2.37 4.13 6.21 6.94 3.75 8.57 1.41 4.39
3.39 5.69 2.96 4.28 3.00 8.69 2.51 8.30 9.55 6.68
9.21 7.46 6.02 7.45 7.69 7.88 7.41 7.68 1.10 4.03
5.38 1.58 4.74 5.58 9.94 4.78 4.64 1.38 1.28 6.72
9.08 6.89 4.77 5.03 9.09 8.03 4.18 2.62 4.78 4.19
6.39 6.51 1.54 8.39 4.95 4.19 5.62 8.38 8.19 7.64
4.88 3.61 8.38 4.36 5.42 3.75 8.51 2.09 7.65 7.56
3.06 7.30 5.65 4.37 2.15 7.14 3.31 6.47 1.10 4.71
1.88 1.56 8.81 3.95 8.04 5.29 5.48 1.99 4.65 9.90
4.54 8.91 8.20 4.48 4.13 9.81 2.14 9.52 8.87 9.60
6.05 9.63 5.17 2.78 7.68 8.45 3.51 8.30 6.31 5.92
4.35 9.09 9.69 2.28 4.83 6.20 2.51 8.00 5.51 4.16
4.05 3.34 9.23 8.36 2.14 5.15 9.65 3.18 4.04 1.18
3.43 5.15 9.41 6.52 2.83 1.84 8.69 8.42 3.70 7.10
8.46 5.00 1.66 2.61 9.49 9.50 4.83 2.71 7.79 7.54
6.94 5.19 9.46 9.82 7.07 9.07 10.00 6.97 7.97 6.68
6.10 1.07 2.56 5.98 3.47 2.71 4.44 8.31 7.77 4.85
6.07 1.82 5.86 7.85 7.64 5.98 3.98 7.25 8.81 9.92
3.34 4.57 5.46 8.07 9.32 4.53 3.53 8.26 8.48 9.22
4.28 1.63 8.61 6.95 6.06 2.29 8.61 3.96 8.44 7.05
5.66 2.09 5.49 3.27 5.51 5.32 6.91 6.79 4.44 8.92
9.41 7.90 4.84 2.95 1.12 6.07 3.17 7.89 8.63 9.80
1.23 4.32 2.50 8.86 5.67 7.22 2.41 4.02 5.94 9.06
5.78 6.81 8.42 3.96 9.37 8.69 9.47 9.03 8.41 7.97
1.33 6.07 4.35 3.65 6.30 7.86 5.16 3.61 9.46 9.14
4.00 3.69 9.86 1.61 1.29 7.34 1.67 7.43 2.24 6.64
5.82 6.91 6.49 4.92 9.43 7.74 1.03 6.95 2.54 4.17
9.72 6.71 5.04 8.55 4.22 3.53 8.90 8.04 5.70 1.33
3.86 1.90 4.99 7.12 6.79 9.77 9.18 9.27 8.07 3.98
2.09 1.78 8.23 3.34 8.12 6.08 6.97 3.01 1.48 5.94
3.41 3.45 6.07 7.91 8.45 2.02 8.55 9.91 6.05 6.66
4.93 5.31 4.98 1.19 7.85 3.06 9.25 3.15 6.21 3.37
2.76 5.79 7.14 4.40 4.71 3.17 3.80 8.68 3.40 6.01
4.70 3.91 1.78 2.09 2.42 8.55 8.42 8.23 8.50 9.35
1.29 3.60 6.05 6.40 8.94 9.56 7.56 7.23 5.74 1.45
1.76 4.47 4.39 9.87 1.51 1.72 1.62 4.59 8.86 4.94
2.61 5.20 4.50 7.13 9.32 9.94 1.99 5.46 1.87 7.63
3.34 7.47 9.28 8.31 10.00 2.27 3.74 3.89 2.59 7.77
3.47 7.08 6.88 4.03 4.06 6.58 9.85 1.47 3.62 7.20
9.43 6.73 6.16 8.23 4.87 7.54 3.81 2.13 4.21 8.79
4.67 5.80 6.55 1.34 6.07 6.89 1.59 8.67 1.95 3.38
10.00 7.46 8.03 6.88 1.20 9.17 2.16 9.84 2.75 8.82
2.59 5.26 2.02 5.52 4.53 5.24 6.01 4.62 6.52 8.16
5.84 1.80 5.78 1.60 4.95 9.22 6.40 1.50 3.02 2.33
9.38 9.55 1.46 9.02 5.32 5.87 7.26 2.04 7.55 9.18
5.31 9.58 8.63 4.15 4.70 5.66 9.04 3.41 2.79 8.83
4.53 1.67 9.14 7.09 4.35 5.26 5.01 4.65 6.45 8.57
1.83 5.86 2.13 2.47 1.27 1.35 3.80 4.48 8.46 8.77
2.67 5.35 9.23 4.15 4.52 5.87 5.25 3.10 2.37 7.37
2.87 5.71 3.75 3.29 9.74 8.76 6.26 4.58 7.61 8.40
8.13 6.79 5.50 3.89 7.01 3.39 6.16 4.74 3.21 5.15
4.57 7.31 8.50 2.50 9.38 4.88 7.94 5.17 5.59 6.09
6.86 9.48 8.39 4.42 2.56 7.95 6.10 5.16 7.68 4.32
6.56 2.07 8.56 1.80 6.60 7.71 7.12 4.29 3.09 7.75
1.83 5.39 3.36 4.62 9.92 6.08 5.17 3.86 3.32 1.67
2.64 8.12 8.28 1.88 7.36 3.16 5.74 8.01 3.85 6.21
5.92 8.80 9.18 9.54 3.28 6.23 6.26 6.78 8.21 8.73
2.79 3.41 4.11 1.92 7.09 6.86 3.77 8.32 1.20 1.23
4.32 2.19 4.51 9.52 4.73 8.95 7.13 7.09 8.86 7.57
2.06 9.36 6.33 1.75 2.40 8.01 9.78 9.91 9.30 5.53
5.95 4.71 4.02 1.70 1.87 3.56 1.87 7.20 9.76 7.91
6.89 1.47 5.04 5.34 8.59 7.16 2.00 5.10 3.97 8.51
9.49 2.38 9.43 7.13 1.13 3.52 4.65 8.70 9.39 6.86
2.25 9.41 7.88 9.94 8.30 5.76 3.60 7.74 3.23 7.97
7.69 7.28 9.56 2.77 7.17 9.75 5.28 9.11 3.12 4.71
1.44 8.47 5.99 2.93 6.79 3.93 4.14 2.95 1.81 8.02
5.79 6.22 6.79 6.05 7.00 1.79 3.67 5.67 4.53 4.35
6.77 3.36 4.76 9.64 8.78 6.63 8.50 2.66 5.96 8.11
8.12 1.62 6.77 3.44 8.52 1.83 4.51 8.21 4.24 2.36
2.75 4.74 8.53 3.35 2.90 9.89 2.93 7.83 4.29 1.91
6.20 7.77 3.64 6.53 1.50 2.42 3.35 1.04 10.00 9.72
8.15 4.02 7.51 2.51 3.04 7.61 4.24 6.06 3.42 7.88
3.06 1.27 5.79 6.38 8.46 9.97 7.94 7.98 5.27 1.16
7.97 3.11 5.49 7.39 9.91 7.75 8.19 2.32 8.52 4.36
5.12 9.47 9.21 7.64 4.33 5.48 1.82 4.43 9.88 2.52
2.55 8.11 2.21 9.36 5.58 3.68 1.31 7.84 3.36 1.42
1.10 2.92 7.58 8.70 3.35 8.18 8.98 6.01 8.14 2.69
8.74 8.76 6.67 5.21 8.42 2.08 8.39 2.88 7.23 8.85
5.11 5.32 3.96 5.43 8.62 2.67 1.60 8.97 5.49 1.96
8.13 8.05 6.06 6.90 8.10 7.57 1.84 2.27 1.51 9.29
7.11 7.76 9.00 2.00 1.49 1.21 5.32 4.21 5.96 3.43
2.19 9.40 4.78 6.54 9.60 6.00 1.57 3.88 2.51 1.69
9.03 8.04 6.35 2.06 6.07 1.10 6.64 3.14 3.48 7.84
8.71 1.93 7.57 2.32 3.24 7.71 9.65 5.68 6.81 5.00
9.91 5.20 3.03 7.92 4.86 9.15 9.20 6.64 1.27 1.59
2.12 9.40 4.31 7.94 1.53 5.25 9.42 4.10 3.29 5.82
7.68 2.36 3.09 5.99 4.90 6.47 3.93 2.23 4.52 9.60
9.54 1.34 5.11 1.52 1.41 4.98 3.52 7.98 2.66 9.22
7.16 1.09 7.75 9.57 8.97 4.96 8.60 4.90 2.91 1.72
3.73 5.98 9.48 1.67 3.18 9.64 1.80 9.36 2.85 9.37
4.33 4.11 3.02 1.27 5.95 2.42 7.02 2.05 2.51 5.92
1.99 1.86 2.66 2.32 4.43 5.87 7.91 7.42 3.10 5.16
3.97 5.89 6.61 9.91 5.84 8.22 5.96 1.33 8.47 2.88
3.16 9.40 1.89 2.66 8.90 2.33 1.14 3.50 8.84 4.66
8.84 8.22 8.26 4.79 8.86 1.23 1.49 3.25 4.34 3.69
5.26 5.12 3.05 1.58 2.66 1.52 7.72 4.18 7.34 7.39
1.23 8.34 5.25 9.57 4.28 2.61 1.62 2.89 8.78 3.86
7.19 2.43 9.54 5.31 4.21 8.76 2.97 6.41 5.40 5.49
4.85 1.92 7.30 6.02 2.88 1.50 2.43 1.91 8.30 2.53
4.85 2.85 2.72 9.93 5.89 8.24 5.24 2.97 6.54 5.69
7.48 9.06 5.85 9.48 3.43 5.45 3.91 2.83 4.23 9.56
6.34 9.43 1.46 1.70 3.49 7.69 3.24 8.22 1.17 4.90
9.22 8.40 2.97 8.11 5.31 5.50 2.82 3.63 4.50 2.25
9.96 5.22 8.54 9.19 3.73 9.23 5.22 3.61 2.46 8.40
5.30 9.89 3.81 3.77 3.69 7.02 7.69 5.14 3.55 1.49
5.69 5.42 8.50 3.07 2.02 8.78 7.76 6.10 5.72 1.54
4.51 4.78 6.73 2.11 7.52 4.44 8.48 4.69 7.83 6.55
6.94 3.83 7.37 6.11 3.89 8.74 8.76 4.27 5.64 7.54
9.57 8.95 1.02 2.67 3.17 1.08 9.58 8.64 8.93 2.59
2.62 4.78 5.20 1.09 8.88 4.56 5.82 2.79 1.99 7.67
9.28 6.09 6.15 8.81 9.52 4.45 4.02 9.59 8.08 9.98
7.90 7.99 1.07 7.89 6.67 2.06 1.40 8.87 2.29 3.91
1.50 5.91 7.46 6.58 6.53 2.42 7.04 2.73 6.33 4.66
2.97 7.46 9.10 3.84 3.08 6.85 3.31 3.01 3.55 4.35
5.39 4.14 6.83 7.98 2.03 5.62 4.77 8.04 2.41 4.47
6.72 3.38 7.04 8.27 5.58 8.16 2.89 2.98 7.92 5.59
5.93 9.18 6.52 7.07 1.41 8.27 8.99 5.76 8.94 6.36
5.24 3.73 8.57 7.97 4.41 4.56 2.68 6.72 1.32 3.55
5.21 7.69 2.80 3.48 2.44 9.87 8.62 9.84 7.33 8.52
6.61 5.11 8.57 2.98 6.46 3.35 4.85 9.24 5.47 7.49
1.90 7.43 2.95 6.54 1.52 9.66 9.75 6.43 5.00 9.70
3.47 1.28 3.02 8.85 9.45 3.37 1.21 3.90 8.55 6.25
7.95 7.32 3.39 1.00 8.55 5.48 4.23 3.22 9.22 7.05
5.27 8.24 5.08 3.20 6.97 7.29 6.11 6.98 3.22 8.64
1.84 6.99 6.23 9.90 6.01 9.98 5.75 1.84 9.63 6.85
3.35 1.44 8.04 9.84 5.12 8.47 9.31 7.76 1.93 9.02
5.97 5.36 7.54 9.45 1.02 9.93 3.66 6.77 4.13 9.20
2.20 1.01 7.27 2.92 9.86 7.61 8.19 6.11 3.01 9.02
9.88 3.20 8.73 1.41 4.63 3.75 4.54 2.98 8.46 5.56
5.55 2.66 5.01 1.03 2.17 5.66 3.68 9.32 4.01 7.28
1.28 3.49 9.93 8.04 2.56 4.05 7.52 4.16 8.84 6.09
2.62 6.60 9.43 2.07 9.59 2.60 4.33 4.15 1.66 8.85
2.20 5.30 6.81 3.92 1.92 2.77 9.14 6.13 2.14 9.20
5.61 2.82 5.92 1.32 8.06 8.12 8.28 3.09 7.22 7.07
3.44 4.56 5.93 2.75 2.45 1.04 6.93 7.41 8.66 7.21
7.22 1.59 8.17 2.43 9.23 2.22 1.19 6.50 5.12 6.68
7.85 1.46 7.81 8.14 5.91 5.44 5.27 2.62 8.62 8.53
3.79 7.78 4.28 9.59 2.50 4.76 4.31 7.93 5.07 9.34
5.85 5.74 9.44 7.26 2.74 4.60 7.29 8.77 7.96 4.17
2.91 3.95 8.30 1.69 6.25 5.86 4.79 6.89 3.06 1.96
9.19 4.20 6.86 1.08 2.18 6.19 5.73 5.39 6.16 3.14
4.94 9.68 6.09 2.26 2.31 7.55 6.64 1.43 8.03 6.84
6.76 6.44 2.46 7.06 1.11 8.46 1.34 6.61 6.07 6.41
1.96 3.91 9.58 9.48 6.10 6.35 9.35 5.16 4.59 3.24
4.47 2.14 6.36 9.96 1.89 4.77 9.55 7.45 9.09 4.99
5.28 1.26 3.44 9.58 4.30 1.87 7.54 1.76 1.44 8.14
8.54 5.55 6.30 7.64 9.77 5.01 9.40 9.95 9.84 1.12
6.37 9.97 1.16 5.63 9.31 2.15 7.83 2.56 3.89 3.51
4.74 1.68 4.35 9.79 2.66 7.55 8.06 6.36 3.76 7.41
4.60 7.52 6.27 9.89 9.98 2.58 4.37 3.40 4.18 1.93
8.29 1.47 1.42 1.17 3.04 5.32 8.19 4.20 6.38 1.95
3.49 4.43 7.26 8.65 3.43 8.23 2.29 7.91 1.21 1.81
8.15 4.90 4.15 1.32 9.40 2.14 2.14 3.01 9.34 3.67
2.27 9.02 1.43 5.15 5.85 7.75 9.84 4.38 8.97 1.96
8.04 6.87 1.43 8.58 2.38 3.42 1.05 4.54 8.33 1.69
6.60 5.15 6.71 3.60 7.46 7.06 9.03 7.18 3.22 2.54
2.87 1.18 9.07 7.73 8.45 1.04 6.26 5.30 6.47 6.70
6.79 9.04 1.63 7.02 9.02 8.75 6.63 5.21 1.28 3.10
8.90 9.46 8.76 9.76 9.76 6.79 6.00 1.66 4.80 8.12
3.56 3.52 1.11 6.71 2.02 5.89 5.85 8.57 9.05 8.99
9.52 2.12 6.78 7.38 8.13 5.02 2.23 6.36 4.41 1.83
8.21 7.28 1.62 5.17 1.33 2.74 7.10 6.72 7.45 7.71
7.13 4.59 3.28 9.92 8.93 1.10 3.94 6.55 6.11 5.34
4.30 1.11 4.01 8.72 7.00 1.35 9.33 9.07 7.64 6.57
2.26 3.25 4.83 4.07 9.50 6.80 5.09 3.22 3.61 4.36
3.65 6.97 1.88 5.29 3.81 9.60 6.33 5.07 3.54 6.58
3.37 6.82 8.53 2.86 8.03 1.48 6.41 6.33 7.75 3.61
4.82 4.97 1.48 8.12 1.78 8.12 7.76 4.71 2.16 9.75
1.47 2.21 5.50 7.24 7.12 4.84 4.89 5.83 7.52 3.76
9.75 4.62 4.55 5.96 7.13 5.75 9.31 2.68 2.13 7.65
6.66 8.32 5.90 5.19 2.68 1.42 5.40 9.16 2.05 6.57
7.08 6.85 7.70 9.67 9.43 1.36 8.34 6.02 9.49 6.88
1.12 9.33 8.81 3.46 2.54 7.44 7.11 4.72 4.33 5.32
5.87 8.57 5.26 3.21 4.29 1.41 9.63 7.12 8.79 6.58
6.86 7.82 3.96 7.40 4.43 3.68 4.81 1.66 3.41 3.42
4.82 4.19 6.09 5.34 7.83 1.14 8.88 1.27 7.66 9.08
5.02 6.51 3.18 6.54 1.45 3.82 1.64 5.13 5.30 3.54
4.98 3.56 4.17 3.98 9.57 4.27 9.43 2.55 7.73 2.79
2.67 2.37 2.24 4.89 4.21 5.08 8.48 3.02 1.28 9.69
5.40 3.38 4.18 5.67 9.68 9.33 3.85 5.73 8.26 8.48
1.20 7.04 9.70 6.00 5.16 3.58 9.30 5.62 6.51 5.95
9.06 4.05 5.84 1.93 4.66 2.72 9.62 2.86 7.29 6.23
8.21 7.69 6.88 2.78 6.57 6.04 1.72 6.30 5.75 5.90
2.25 7.54 2.21 2.57 6.36 6.16 1.31 9.98 9.01 2.75
8.70 2.82 1.05 5.07 8.02 1.10 9.14 6.22 4.97 4.72
5.55 8.94 3.11 5.39 1.94 3.99 1.27 3.75 7.86 3.07
7.99 6.56 2.86 5.04 8.71 1.79 3.24 4.18 8.10 4.71
3.09 7.06 5.83 5.62 6.22 9.01 5.07 8.30 6.14 2.89
4.57 1.98 8.58 2.25 6.79 7.10 4.80 8.54 8.45 8.82
2.84 1.44 3.24 5.86 9.36 9.35 6.23 5.47 4.64 9.87
5.70 6.14 1.38 8.55 5.85 3.29 3.47 5.48 7.80 6.88
3.54 4.03 4.40 9.31 4.19 4.61 7.04 3.65 8.24 6.46
6.32 9.28 1.74 8.41 6.14 7.22 2.13 4.09 4.24 1.35
5.21 5.59 1.75 9.40 3.33 6.17 3.56 8.74 2.67 7.54
5.69 5.99 1.41 5.51 2.57 7.22 3.94 4.87 2.07 5.37
5.88 7.18 2.86 5.52 8.05 7.69 9.57 8.60 4.80 5.35
4.41 2.32 8.33 4.45 1.49 4.11 6.42 2.34 5.20 9.67
4.04 2.59 3.10 7.44 1.20 8.64 1.49 4.67 2.64 2.46
7.42 7.68 7.03 4.36 1.14 8.84 3.77 4.43 9.54 2.88
5.62 2.60 2.48 1.03 6.85 4.57 4.18 5.52 2.84 2.44
9.38 3.38 1.45 4.84 1.92 1.17 7.50 9.69 6.18 7.88
8.45 3.46 9.96 7.19 6.23 6.04 1.95 7.35 6.79 1.75
1.38 6.32 9.43 4.09 1.09 9.21 3.62 6.37 6.48 3.12
2.59 4.36 5.35 7.53 8.56 1.06 1.25 3.48 3.09 8.60
6.60 1.31 2.36 9.25 9.70 7.80 5.95 2.62 4.36 6.68
2.53 9.61 2.19 9.45 3.47 1.27 1.02 4.07 9.58 6.51
7.32 6.02 3.39 5.67 3.78 1.89 1.83 3.94 4.64 4.41
3.99 8.21 9.89 4.27 9.35 6.09 9.22 1.29 2.80 1.32
2.09 8.38 5.73 5.66 5.00 4.40 2.73 3.93 1.14 5.14
6.66 3.59 9.61 5.13 9.06 6.31 5.37 8.52 2.30 4.26
5.03 9.91 5.29 5.82 3.01 9.96 7.21 4.58 3.98 3.81
9.71 5.20 8.30 3.17 5.11 3.74 1.14 5.11 4.54 8.61
2.33 4.50 2.64 6.91 6.49 2.92 2.76 6.09 9.61 1.38
5.57 1.19 4.35 4.56 1.61 6.26 5.20 9.86 9.61 7.94
1.62 2.94 2.28 5.17 9.99 3.70 2.99 3.14 7.18 1.08
1.93 6.57 4.67 6.02 8.52 4.43 3.73 5.60 6.64 5.62
7.64 2.87 6.07 6.82 7.53 4.44 3.52 8.77 5.59 1.60
9.90 7.60 5.39 4.46 4.72 4.37 1.14 2.76 9.81 6.83
1.74 3.18 7.60 9.72 1.47 9.01 1.61 6.78 2.91 4.77
7.69 5.69 9.74 5.85 6.16 1.39 3.33 2.46 2.23 4.21
4.76 7.51 2.55 7.78 4.26 7.68 6.98 4.27 5.20 8.80
3.34 5.58 4.62 2.78 1.71 2.41 1.23 1.25 2.65 2.37
5.25 1.88 5.02 2.17 9.23 4.70 7.82 5.60 7.28 9.77
3.82 6.15 4.09 8.58 3.36 6.80 9.31 9.25 3.47 1.99
2.04 5.77 2.96 9.18 5.63 2.89 6.96 7.16 6.39 6.24
6.74 5.30 6.40 2.70 2.42 5.98 9.67 1.77 9.88 9.57
9.63 2.00 1.57 3.16 9.42 5.00 8.23 4.07 1.68 9.84
1.47 6.11 8.55 2.59 2.53 9.98 9.10 1.02 2.82 5.95
2.88 2.54 1.42 2.53 5.30 7.13 1.55 4.38 7.29 2.44
8.53 4.73 8.81 4.88 2.77 3.84 8.69 9.82 2.06 7.94
1.05 4.02 8.15 1.20 4.61 5.54 1.99 4.11 8.39 8.12
7.17 8.24 1.77 9.89 6.35 2.35 7.80 3.55 3.50 7.35
4.17 6.50 6.79 3.40 7.99 4.54 5.30 4.14 8.27 5.65
7.02 2.10 5.46 3.79 2.85 8.05 1.72 1.64 7.25 3.55
7.45 3.87 8.52 7.27 1.14 8.58 9.02 9.18 3.51 1.16
4.00 6.48 8.13 4.40 3.47 2.13 5.33 3.02 2.13 8.48
1.26 8.22 2.92 8.61 8.28 1.35 6.23 3.67 8.40 9.10
2.23 8.83 6.68 9.24 2.21 9.42 5.62 1.54 2.93 7.14
1.81 6.81 8.62 8.32 2.81 3.15 2.96 2.59 6.96 8.88
3.76 5.81 2.70 7.91 8.03 2.18 7.29 6.48 2.13 6.84
5.25 2.20 9.51 1.88 9.40 1.36 1.91 1.67 2.89 5.26
7.04 4.92 7.32 8.97 8.46 4.61 9.32 6.03 9.53 7.15
1.71 5.38 4.61 5.10 1.81 3.23 7.71 1.82 1.58 2.42
9.09 3.39 4.95 1.35 5.57 7.02 7.36 2.38 9.13 4.08
1.86 1.48 5.53 1.44 7.81 1.86 8.67 4.24 2.47 9.40
2.54 7.91 2.51 4.65 3.98 6.67 3.60 2.88 2.87 9.03
7.67 2.39 7.43 9.96 4.77 7.25 7.24 5.19 2.22 3.12
3.55 9.97 8.13 1.31 1.01 1.87 1.50 1.28 6.32 1.55
4.58 3.82 3.74 1.98 7.12 6.37 3.00 4.58 2.67 7.95
3.22 2.90 6.77 7.92 8.36 2.61 2.82 7.37 3.16 7.10
7.76 3.48 7.03 8.97 5.32 7.09 6.79 8.12 2.10 7.58
2.74 5.34 5.34 6.77 1.14 8.07 1.74 1.19 9.14 5.08
8.70 4.60 6.72 7.03 6.60 2.36 4.16 6.83 9.33 3.21
9.76 4.43 5.23 4.43 1.00 4.04 5.15 9.66 7.06 2.77
4.62 4.96 6.56 3.85 6.02 2.86 3.94 2.06 1.68 5.01
1.31 3.84 4.17 7.26 9.84 7.68 9.17 3.11 7.12 9.88
4.66 4.64 7.21 5.29 7.86 3.43 6.08 9.36 5.38 1.08
6.20 4.53 6.70 5.65 5.83 7.86 6.95 3.45 2.93 1.83
7.54 5.10 9.37 6.41 3.88 1.81 2.71 8.11 4.14 3.57
3.51 2.18 8.73 8.20 2.04 5.38 2.72 4.80 4.32 1.37
9.90 2.42 1.50 1.28 5.68 2.08 2.62 5.93 3.85 6.56

Demandas:
0 1 0 0 0 0 0
0 0 1 0 0 0 0
0 0 0 0 0 1 0
1 0 0 0 0 0 0
0 0 0 0 1 0 0
0 0 1 0 0 0 0
1 0 0 0 0 0 0
0 0 1 0 0 0 0
0 0 0 0 1 0 0
0 0 0 1 0 0 0
0 1 0 0 0 0 0
0 1 0 0 0 0 0
0 1 0 0 0 0 0
0 0 0 0 0 0 1
0 0 1 0 0 0 0
0 0 1 0 0 0 0
0 0 0 0 1 0 0
0 0 0 1 0 0 0
0 0 0 1 0 0 0
0 0 0 1 0 0 0
1 0 0 0 0 0 0
0 0 0 0 0 1 0
0 0 0 1 0 0 0
0 0 1 0 0 0 0
0 0 0 1 0 0 0
0 0 0 0 0 0 1
0 1 0 0 0 0 0
0 1 0 0 0 0 0
0 1 0 0 0 0 0
1 0 0 0 0 0 0
0 1 0 0 0 0 0
0 0 0 1 0 0 0
0 0 1 0 0 0 0
0 0 0 1 0 0 0
0 0 0 0 1 0 0
0 0 0 0 0 1 0
0 0 0 0 0 0 1
0 1 0 0 0 0 0
0 0 0 0 0 0 1
0 0 1 0 0 0 0
0 0 0 0 0 0 1
0 0 0 0 1 0 0
0 0 0 0 1 0 0
0 0 0 0 1 0 0
1 0 0 0 0 0 0
0 0 1 0 0 0 0
0 0 0 1 0 0 0
1 0 0 0 0 0 0
0 0 0 1 0 0 0
0 0 0 1 0 0 0
0 0 0 0 0 1 0
0 0 0 0 1 0 0
0 1 0 0 0 0 0
0 0 0 0 0 0 1
1 0 0 0 0 0 0
0 1 0 0 0 0 0
1 0 0 0 0 0 0
1 0 0 0 0 0 0
1 0 0 0 0 0 0
0 0 0 0 0 1 0
1 0 0 0 0 0 0
1 0 0 0 0 0 0
0 0 0 1 0 0 0
0 0 0 0 0 1 0
0 1 0 0 0 0 0
0 1 0 0 0 0 0
0 1 0 0 0 0 0
0 0 0 0 1 0 0
0 0 0 1 0 0 0
0 1 0 0 0 0 0
1 0 0 0 0 0 0
0 0 0 0 0 0 1
0 0 1 0 0 0 0
0 0 0 0 0 0 1
0 1 0 0 0 0 0
0 0 0 0 1 0 0
0 0 1 0 0 0 0
1 0 0 0 0 0 0
0 0 0 1 0 0 0
0 0 0 0 1 0 0
0 0 0 0 1 0 0
0 0 0 0 1 0 0
0 0 0 1 0 0 0
0 0 0 0 1 0 0
0 0 0 0 1 0 0
0 0 0 0 1 0 0
0 0 0 0 0 1 0
1 0 0 0 0 0 0
0 0 1 0 0 0 0
0 0 0 0 0 0 1
0 0 1 0 0 0 0
0 1 0 0 0 0 0
0 0 0 0 0 0 1
0 1 0 0 0 0 0
0 0 0 0 1 0 0
0 0 0 0 0 1 0
0 1 0 0 0 0 0
1 0 0 0 0 0 0
0 0 0 0 0 1 0
0 1 0 0 0 0 0
0 0 0 0 0 1 0
1 0 0 0 0 0 0
0 0 0 0 0 1 0
0 1 0 0 0 0 0
0 0 0 0 0 0 1
0 1 0 0 0 0 0
1 0 0 0 0 0 0
0 0 0 0 0 0 1
0 0 0 1 0 0 0
0 0 1 0 0 0 0
0 1 0 0 0 0 0
0 0 0 0 0 0 1
1 0 0 0 0 0 0
0 0 0 0 0 0 1
0 0 1 0 0 0 0
0 0 0 0 1 0 0
1 0 0 0 0 0 0
0 0 1 0 0 0 0
0 0 1 0 0 0 0
1 0 0 0 0 0 0
0 0 0 0 0 1 0
1 0 0 0 0 0 0
0 0 0 0 0 1 0
0 0 0 0 0 0 1
0 0 0 1 0 0 0
0 0 1 0 0 0 0
1 0 0 0 0 0 0
0 0 0 0 1 0 0
1 0 0 0 0 0 0
0 0 0 0 1 0 0
0 0 1 0 0 0 0
0 0 0 0 0 1 0
0 0 0 0 0 0 1
1 0 0 0 0 0 0
0 1 0 0 0 0 0
0 0 1 0 0 0 0
0 0 0 0 0 1 0
0 0 0 0 0 1 0
0 0 0 0 1 0 0
0 0 0 0 1 0 0
1 0 0 0 0 0 0
0 1 0 0 0 0 0
0 0 0 1 0 0 0
1 0 0 0 0 0 0
0 0 0 0 0 0 1
0 1 0 0 0 0 0
1 0 0 0 0 0 0
0 0 1 0 0 0 0
0 0 0 0 0 0 1
0 0 0 0 0 1 0
0 0 0 1 0 0 0
0 0 0 0 1 0 0
0 0 0 1 0 0 0
1 0 0 0 0 0 0
0 0 0 1 0 0 0
0 1 0 0 0 0 0
0 0 0 0 0 1 0
0 0 0 0 0 1 0
0 0 0 1 0 0 0
0 0 0 0 0 0 1
0 1 0 0 0 0 0
0 0 0 0 1 0 0
0 0 0 0 0 0 1
0 1 0 0 0 0 0
0 0 0 0 0 1 0
0 0 1 0 0 0 0
0 0 1 0 0 0 0
0 0 0 0 1 0 0
0 0 1 0 0 0 0
0 0 0 0 0 1 0
0 0 0 0 0 1 0
0 0 0 0 0 1 0
1 0 0 0 0 0 0
0 1 0 0 0 0 0
0 1 0 0 0 0 0
1 0 0 0 0 0 0
1 0 0 0 0 0 0
0 0 0 0 1 0 0
0 0 0 0 0 0 1
0 0 0 0 0 1 0
0 0 1 0 0 0 0
0 0 1 0 0 0 0
0 0 0 0 1 0 0
0 1 0 0 0 0 0
1 0 0 0 0 0 0
0 0 0 1 0 0 0
0 0 0 1 0 0 0
0 1 0 0 0 0 0
0 0 0 0 1 0 0
0 0 0 0 1 0 0
0 0 1 0 0 0 0
0 0 0 0 0 1 0
0 0 1 0 0 0 0
1 0 0 0 0 0 0
1 0 0 0 0 0 0
0 0 1 0 0 0 0
0 0 0 1 0 0 0
1 0 0 0 0 0 0
0 0 0 0 1 0 0
0 0 0 0 0 1 0
0 0 0 0 0 1 0
0 0 0 0 1 0 0
0 0 1 0 0 0 0
1 0 0 0 0 0 0
0 0 1 0 0 0 0
0 0 0 0 0 0 1
0 0 1 0 0 0 0
0 0 0 0 1 0 0
0 0 0 0 0 1 0
0 0 0 0 0 1 0
0 0 0 0 0 0 1
0 0 0 0 1 0 0
1 0 0 0 0 0 0
0 0 0 0 0 1 0
0 0 0 0 1 0 0
0 0 1 0 0 0 0
0 1 0 0 0 0 0
0 0 0 0 1 0 0
0 1 0 0 0 0 0
0 0 0 0 0 0 1
1 0 0 0 0 0 0
0 0 0 0 0 1 0
0 0 0 1 0 0 0
0 0 0 1 0 0 0
0 1 0 0 0 0 0
0 0 0 1 0 0 0
0 1 0 0 0 0 0
0 1 0 0 0 0 0
0 0 0 0 0 1 0
1 0 0 0 0 0 0
0 0 0 0 0 1 0
0 0 0 0 0 1 0
0 0 0 1 0 0 0
0 0 1 0 0 0 0
0 0 1 0 0 0 0
0 0 1 0 0 0 0
0 0 0 0 1 0 0
0 1 0 0 0 0 0
0 0 0 0 0 1 0
0 0 0 0 0 0 1
0 0 0 0 1 0 0
0 0 0 0 0 0 1
0 0 0 0 0 0 1
0 0 0 0 1 0 0
1 0 0 0 0 0 0
0 0 0 0 0 1 0
0 0 0 0 0 0 1
0 0 0 0 1 0 0
0 0 0 0 0 0 1
0 0 0 0 0 0 1
0 0 0 0 0 1 0
0 1 0 0 0 0 0
0 0 0 0 1 0 0
0 0 0 0 0 1 0
1 0 0 0 0 0 0
0 0 1 0 0 0 0
1 0 0 0 0 0 0
0 1 0 0 0 0 0
0 0 0 0 1 0 0
1 0 0 0 0 0 0
0 0 0 0 1 0 0
0 0 1 0 0 0 0
0 0 0 0 1 0 0
0 1 0 0 0 0 0
1 0 0 0 0 0 0
1 0 0 0 0 0 0
0 0 0 0 0 1 0
0 0 0 0 0 0 1
0 0 0 1 0 0 0
0 0 0 1 0 0 0
1 0 0 0 0 0 0
0 0 0 1 0 0 0
0 0 0 0 0 0 1
0 0 0 0 0 1 0
0 0 0 0 1 0 0
0 0 1 0 0 0 0
0 0 1 0 0 0 0
1 0 0 0 0 0 0
0 0 0 0 1 0 0
0 0 0 0 0 0 1
0 0 0 0 0 0 1
0 1 0 0 0 0 0
1 0 0 0 0 0 0
0 0 0 0 1 0 0
0 1 0 0 0 0 0
0 0 0 1 0 0 0
0 0 0 1 0 0 0
0 0 1 0 0 0 0
0 1 0 0 0 0 0
0 1 0 0 0 0 0
0 1 0 0 0 0 0
0 1 0 0 0 0 0
0 0 0 0 1 0 0
1 0 0 0 0 0 0
0 0 0 0 0 1 0
0 0 0 1 0 0 0
0 0 0 0 0 1 0
0 1 0 0 0 0 0
0 0 1 0 0 0 0
0 0 0 0 0 0 1
0 0 0 0 0 1 0
0 0 0 0 1 0 0
0 1 0 0 0 0 0
0 0 1 0 0 0 0
0 1 0 0 0 0 0
0 0 0 0 0 1 0
0 0 0 0 0 0 1
1 0 0 0 0 0 0
0 0 0 0 0 0 1
0 0 0 0 1 0 0
0 0 0 0 0 0 1
0 0 0 1 0 0 0
0 1 0 0 0 0 0
0 0 0 0 0 1 0
0 1 0 0 0 0 0
0 0 0 0 1 0 0
0 1 0 0 0 0 0
0 0 0 0 0 0 1
0 1 0 0 0 0 0
0 0 0 0 0 1 0
0 0 0 0 0 0 1
0 1 0 0 0 0 0
0 1 0 0 0 0 0
0 0 1 0 0 0 0
0 0 1 0 0 0 0
0 1 0 0 0 0 0
0 0 0 1 0 0 0
0 0 0 0 0 1 0
0 0 0 1 0 0 0
0 0 0 0 1 0 0
0 0 0 0 1 0 0
0 0 0 1 0 0 0
1 0 0 0 0 0 0
0 0 0 1 0 0 0
0 0 0 1 0 0 0
1 0 0 0 0 0 0
0 1 0 0 0 0 0
0 0 0 0 1 0 0
1 0 0 0 0 0 0
0 1 0 0 0 0 0
0 0 0 0 0 0 1
1 0 0 0 0 0 0
1 0 0 0 0 0 0
0 0 0 1 0 0 0
0 0 0 0 0 1 0
0 0 0 0 0 1 0
0 0 0 0 0 1 0
0 0 1 0 0 0 0
0 0 1 0 0 0 0
0 0 0 0 0 0 1
0 0 0 0 0 1 0
0 0 1 0 0 0 0
0 0 1 0 0 0 0
0 0 0 0 0 1 0
0 0 0 1 0 0 0
1 0 0 0 0 0 0
0 1 0 0 0 0 0
0 0 0 1 0 0 0
0 0 0 0 1 0 0
0 0 0 0 1 0 0
1 0 0 0 0 0 0
1 0 0 0 0 0 0
0 0 0 1 0 0 0
0 0 0 1 0 0 0
0 0 1 0 0 0 0
0 0 1 0 0 0 0
0 0 0 0 1 0 0
0 0 0 0 0 0 1
0 0 0 1 0 0 0
0 0 1 0 0 0 0
0 0 0 0 1 0 0
0 0 0 0 0 0 1
0 1 0 0 0 0 0
0 1 0 0 0 0 0
0 0 0 0 0 1 0
0 0 0 0 0 0 1
1 0 0 0 0 0 0
0 0 0 0 0 0 1
0 0 0 0 0 1 0
1 0 0 0 0 0 0
0 0 0 1 0 0 0
0 1 0 0 0 0 0
0 0 0 0 0 0 1
0 0 1 0 0 0 0
0 0 0 0 1 0 0
0 0 0 0 0 0 1
0 0 0 0 0 1 0
0 0 0 1 0 0 0
0 0 0 0 1 0 0
0 0 0 0 0 1 0
0 0 1 0 0 0 0
0 0 0 0 1 0 0
1 0 0 0 0 0 0
0 0 0 0 0 1 0
0 0 0 0 1 0 0
0 0 0 0 0 1 0
0 1 0 0 0 0 0
0 1 0 0 0 0 0
0 0 0 0 0 0 1
1 0 0 0 0 0 0
0 1 0 0 0 0 0
0 0 0 1 0 0 0
0 0 1 0 0 0 0
1 0 0 0 0 0 0
0 0 0 1 0 0 0
1 0 0 0 0 0 0
0 0 0 0 1 0 0
1 0 0 0 0 0 0
0 0 0 0 1 0 0
0 0 1 0 0 0 0
0 0 0 0 1 0 0
0 0 0 1 0 0 0
0 0 0 0 1 0 0
0 0 0 1 0 0 0
0 0 0 0 0 1 0
0 0 0 0 1 0 0
0 0 0 0 1 0 0
0 0 0 0 0 0 1
0 0 1 0 0 0 0
0 0 1 0 0 0 0
0 1 0 0 0 0 0
0 0 0 1 0 0 0
0 0 1 0 0 0 0
0 0 0 0 1 0 0
0 0 0 0 0 0 1
0 0 0 1 0 0 0
0 0 0 0 1 0 0
1 0 0 0 0 0 0
1 0 0 0 0 0 0
1 0 0 0 0 0 0
0 0 0 0 1 0 0
0 0 0 1 0 0 0
0 0 0 0 0 1 0
0 0 0 0 1 0 0
0 0 0 0 0 1 0
1 0 0 0 0 0 0
0 0 1 0 0 0 0
0 0 0 0 0 0 1
0 0 0 0 1 0 0
0 1 0 0 0 0 0
0 0 0 1 0 0 0
0 0 0 0 0 1 0
0 0 0 0 1 0 0
0 0 0 0 0 1 0
1 0 0 0 0 0 0
0 0 0 1 0 0 0
0 0 0 0 0 0 1
0 0 0 0 0 0 1
0 1 0 0 0 0 0
0 0 1 0 0 0 0
0 0 0 1 0 0 0
1 0 0 0 0 0 0
1 0 0 0 0 0 0
0 0 0 1 0 0 0
0 0 0 0 1 0 0
0 1 0 0 0 0 0
0 0 0 0 0 0 1
0 0 1 0 0 0 0
0 0 0 0 0 1 0
0 0 1 0 0 0 0
0 0 0 0 1 0 0
0 0 0 0 1 0 0
0 1 0 0 0 0 0
1 0 0 0 0 0 0
1 0 0 0 0 0 0
0 0 1 0 0 0 0
0 0 0 0 0 1 0
0 0 0 0 0 0 1
0 0 0 0 0 0 1
0 0 0 0 0 0 1
0 0 1 0 0 0 0
0 1 0 0 0 0 0
0 0 0 1 0 0 0
0 0 0 1 0 0 0
0 1 0 0 0 0 0
0 1 0 0 0 0 0
1 0 0 0 0 0 0
0 0 0 0 0 0 1
1 0 0 0 0 0 0
1 0 0 0 0 0 0
0 1 0 0 0 0 0
0 0 0 1 0 0 0
0 0 1 0 0 0 0
0 0 1 0 0 0 0
0 0 0 0 1 0 0
0 0 0 0 1 0 0
0 0 0 0 1 0 0
0 0 0 0 0 1 0
0 0 0 0 1 0 0
1 0 0 0 0 0 0
0 0 0 0 0 1 0
1 0 0 0 0 0 0
0 0 1 0 0 0 0
0 0 0 0 0 0 1
1 0 0 0 0 0 0
0 1 0 0 0 0 0
0 1 0 0 0 0 0
0 1 0 0 0 0 0
0 0 1 0 0 0 0
0 0 0 0 0 1 0

Capacidades:
37 49 42 0 51 56 51
55 55 21 54 0 23 32
44 37 32 25 25 50 25
48 56 0 57 48 54 40
42 50 48 59 43 40 46
30 45 54 38 34 0 32
45 36 52 41 27 22 47
33 39 31 40 38 36 52
44 0 46 57 48 52 52
56 57 41 39 59 44 33
