m: 500
n: 10
p: 6

Distancias:
5.25 3.10 8.76 3.41 1.44 4.73 6.61 4.04 3.94 9.11
5.87 4.04 1.48 5.31 8.14 8.34 6.64 5.72 1.08 8.86
1.83 8.37 2.22 6.60 5.54 3.50 2.88 6.30 1.53 5.40
4.53 6.27 1.20 8.25 2.64 9.08 2.19 9.10 4.82 7.47
2.83 9.53 6.67 8.62 5.29 6.24 3.15 2.06 3.53 6.26
1.74 5.89 1.70 5.18 2.35 4.73 9.02 2.14 8.20 2.09
8.50 8.80 3.26 1.69 2.58 5.45 5.93 6.04 7.99 1.95
9.05 4.14 9.89 1.20 2.18 5.40 6.88 1.64 3.34 1.52
5.32 10.00 3.62 1.42 4.04 7.75 6.08 6.04 9.45 9.86
3.96 6.93 1.20 5.16 9.27 5.56 9.07 5.15 7.25 8.19
3.18 8.10 9.94 4.95 3.77 3.83 5.32 3.71 4.57 6.12
2.44 2.15 6.18 7.05 6.50 5.18 9.78 5.06 1.01 3.89
5.33 7.91 6.57 4.74 1.35 7.85 5.94 7.92 3.33 4.61
5.61 3.84 5.92 4.38 2.77 7.22 8.27 5.66 8.06 8.27
2.72 6.95 7.09 4.04 7.46 9.56 1.95 5.09 6.54 7.75
3.33 4.87 3.65 3.02 9.18 6.41 3.07 3.85 2.21 9.37
4.17 4.77 2.72 6.54 8.58 7.21 7.72 6.41 9.13 4.17
8.63 4.28 6.82 7.78 2.28 6.52 1.22 6.72 8.65 4.73
3.80 6.40 5.45 8.60 4.45 8.11 7.15 7.13 8.69 6.52
7.24 6.79 6.28 2.95 9.56 4.60 4.57 7.46 3.42 1.81
9.33 2.01 5.48 2.03 8.09 4.47 1.67 1.53 4.24 9.33
6.59 4.61 6.45 1.17 2.99 4.11 7.67 7.66 5.94 8.29
6.19 1.40 4.68 6.16 4.90 8.48 5.69 2.91 3.14 4.98
4.68 6.79 5.22 6.23 2.42 2.45 2.53 6.04 5.59 4.96
2.16 1.87 7.64 7.71 5.31 3.52 4.40 2.31 4.47 8.56
4.58 4.21 7.11 8.72 7.20 7.13 2.83 2.23 2.56 9.34
3.04 2.18 1.56 5.25 9.16 8.14 5.59 9.09 8.88 6.95
2.43 6.35 6.08 2.43 2.22 9.73 5.08 5.34 9.33 3.85
8.31 5.49 9.16 1.01 3.50 6.60 4.97 4.22 7.20 2.96
8.56 3.24 8.45 8.52 9.48 7.63 6.41 6.90 7.96 1.58
2.59 5.43 8.96 4.06 8.29 1.08 8.51 2.72 7.98 8.69
6.59 4.35 8.45 1.65 4.03 1.49 3.05 5.90 2.79 5.22
6.35 9.38 6.42 8.37 6.03 4.04 1.42 4.91 2.78 9.19
2.69 9.08 4.29 5.59 7.55 8.14 5.02 4.56 7.24 5.92
3.05 7.20 7.83 7.62 4.15 6.75 5.94 2.04 5.10 6.75
9.15 4.63 6.65 1.83 6.51 5.18 8.39 4.39 9.11 3.75
7.38 5.39 3.69 7.36 2.49 7.23 2.00 4.42 9.14 9.17
8.57 5.68 9.36 8.89 1.79 7.23 6.43 5.58 2.05 8.74
8.46 4.83 5.99 4.38 5.80 9.04 7.30 8.97 1.26 7.91
8.99 6.47 4.37 3.88 8.69 3.84 4.01 4.04 7.17 2.62
7.58 8.83 5.44 2.98 1.56 1.76 2.09 2.73 4.76 8.49
8.64 8.23 5.23 4.05 7.67 8.28 9.84 6.80 1.28 1.46
9.39 7.84 4.95 4.65 5.90 2.28 2.12 7.88 4.23 9.62
6.07 5.96 3.73 4.58 3.54 7.74 2.33 9.46 1.20 2.02
4.98 2.72 7.73 4.78 7.79 4.46 5.60 2.27 7.47 7.21
8.15 2.18 8.79 2.47 5.08 2.95 1.34 1.13 7.55 2.84
6.88 3.45 8.02 1.71 7.50 6.79 3.44 2.95 6.71 1.87
6.41 9.37 3.09 1.82 8.98 4.79 7.28 4.76 3.15 9.97
1.09 5.63 9.45 9.82 2.25 9.68 3.02 6.19 3.14 9.69
3.97 6.23 5.36 1.26 2.47 6.87 9.38 6.58 7.50 4.44
2.35 8.48 8.73 3.15 5.47 7.09 5.36 6.64 3.49 5.35
9.64 9.56 5.00 4.18 9.83 8.12 6.83 4.22 3.70 4.14
8.87 1.35 4.12 1.75 6.49 6.50 5.19 3.34 9.39 2.54
7.90 2.60 2.90 6.07 6.48 5.86 4.30 4.34 5.68 4.86
8.91 2.30 2.35 8.84 3.69 3.51 9.03 7.40 8.81 8.94
2.49 2.93 8.48 2.30 1.64 4.49 2.01 7.45 9.54 7.87
4.22 7.39 6.34 4.24 1.58 9.67 2.81 4.30 6.69 2.91
8.25 2.29 7.69 3.76 5.29 9.52 2.83 1.93 9.35 2.15
7.33 8.13 7.21 8.56 2.30 5.58 6.46 2.55 5.20 9.25
4.31 9.57 5.59 6.81 8.24 3.33 2.73 2.44 3.81 4.32
5.22 2.80 9.78 9.10 8.76 8.64 9.72 6.24 3.11 5.48
3.06 7.96 2.60 4.67 3.13 7.93 8.44 1.31 4.96 8.36
1.17 2.17 5.98 4.15 9.93 1.91 7.46 9.80 4.09 3.30
7.95 9.09 8.63 4.01 3.43 1.02 7.13 7.77 4.96 2.28
3.69 1.42 5.03 6.65 9.46 9.87 1.60 2.54 5.58 3.03
9.36 6.16 5.83 9.83 1.70 3.44 2.57 9.66 1.22 8.37
2.17 5.70 1.80 3.96 8.58 6.30 8.37 4.99 7.01 6.49
1.61 5.70 4.43 5.36 6.06 8.61 2.74 4.38 2.81 2.32
9.43 6.96 1.09 3.45 5.88 4.39 5.94 5.22 3.81 9.68
4.65 8.76 5.25 3.00 3.08 9.79 7.45 9.72 4.25 3.32
2.16 6.61 7.86 4.90 1.65 3.79 4.49 6.18 3.56 3.73
5.16 2.99 3.90 5.43 9.56 7.23 8.46 1.31 6.79 3.22
3.79 3.40 4.74 7.80 7.27 7.12 3.60 3.72 7.84 2.34
4.48 1.97 2.29 8.40 8.73 1.30 9.60 2.05 8.23 9.01
5.19 9.14 6.65 3.89 6.56 2.88 8.42 4.65 2.90 8.29
6.63 3.50 3.11 8.80 5.58 1.46 1.16 2.77 3.03 9.18
7.83 4.26 2.67 6.65 1.96 9.52 2.15 9.79 9.86 9.82
4.32 1.11 6.43 1.36 5.28 7.75 7.90 9.04 3.34 1.67
9.60 6.46 9.71 8.37 9.16 4.78 2.10 6.21 1.83 1.05
1.63 8.09 8.06 5.82 6.88 8.33 8.78 9.87 6.12 7.29
1.12 1.76 3.69 9.08 2.71 1.79 1.23 2.16 8.25 2.64
8.89 9.42 8.34 5.41 3.73 3.19 3.24 1.27 5.69 7.16
9.22 2.43 5.20 3.03 2.58 5.08 1.76 5.21 5.65 7.50
3.30 1.20 2.80 5.62 4.50 4.09 6.61 7.08 7.49 2.89
8.68 9.81 9.36 3.93 4.78 7.74 7.32 3.24 9.50 7.63
8.05 1.25 6.36 2.30 3.75 8.09 5.13 3.22 7.69 6.25
1.77 2.89 8.79 1.83 9.28 7.35 1.99 3.78 8.93 1.65
6.89 1.00 5.74 7.88 7.58 5.42 7.74 6.93 5.61 5.71
5.87 1.91 5.14 4.58 7.74 3.82 9.16 7.45 8.13 7.80
3.58 4.14 1.09 3.20 3.74 7.85 9.75 4.55 5.03 8.90
6.06 7.60 3.22 7.66 6.44 5.72 8.60 7.43 2.93 3.78
3.39 7.79 3.23 8.97 7.66 9.24 2.20 1.48 1.60 1.43
9.06 6.44 9.04 1.74 4.63 5.63 2.83 1.82 1.15 2.39
1.67 5.25 3.40 4.32 7.69 1.64 6.38 2.31 1.03 9.05
6.32 9.93 5.22 4.35 1.46 6.42 5.43 9.13 3.82 2.94
9.68 2.84 6.99 2.74 7.79 1.32 9.16 3.44 7.54 9.50
8.37 2.64 9.01 8.43 6.59 7.13 8.78 1.87 2.97 7.10
2.76 2.05 8.99 8.88 7.00 8.63 9.02 1.60 2.22 1.70
1.42 6.29 4.31 4.28 3.67 2.70 4.06 2.33 2.04 6.43
8.33 3.58 6.84 1.93 5.90 3.56 1.62 5.61 8.14 9.08
9.00 2.72 5.06 6.17 7.47 5.76 7.05 7.13 6.96 9.73
8.76 9.71 5.41 7.80 3.32 8.70 6.13 7.06 3.83 8.43
9.68 1.96 7.38 7.20 4.42 2.38 5.38 6.91 5.03 9.00
1.04 7.05 9.29 5.84 5.78 6.24 7.71 5.41 6.49 9.64
4.43 7.07 3.85 4.00 4.84 3.71 3.11 6.56 2.51 6.98
6.00 5.53 4.61 5.57 3.28 7.00 9.34 4.39 6.93 2.25
8.62 6.40 9.86 5.79 5.56 4.12 9.27 9.13 5.52 2.04
6.07 8.32 5.14 6.02 7.58 7.24 4.71 1.75 8.59 8.21
2.84 2.19 3.62 4.77 2.00 7.21 7.38 9.37 8.79 4.12
8.62 6.62 4.44 4.73 8.03 6.00 7.52 7.70 6.17 9.57
1.51 5.53 4.93 5.20 5.79 5.98 4.28 4.20 6.51 5.10
2.69 1.34 2.97 7.63 3.37 7.32 5.40 4.65 5.04 2.87
5.25 1.53 3.75 3.76 2.15 1.92 5.20 3.46 4.17 5.78
1.58 5.70 7.10 3.20 6.16 4.45 4.35 7.05 1.22 1.26
4.67 4.70 4.82 2.59 4.25 3.91 4.01 5.62 5.50 5.07
2.19 6.25 9.05 1.21 8.04 7.13 1.13 5.17 7.72 1.99
3.40 2.85 1.57 3.68 3.08 8.37 4.01 1.77 2.21 6.63
3.85 2.79 4.51 9.47 6.88 3.14 8.44 5.08 7.03 9.44
5.00 5.05 2.80 9.47 6.48 7.26 6.20 5.18 7.75 6.31
7.00 9.30 9.87 2.70 8.25 8.68 3.84 4.55 7.51 1.59
2.63 8.98 5.80 4.71 7.03 4.98 4.28 4.26 9.01 4.78
6.48 8.76 3.01 9.91 6.57 7.83 9.21 1.95 7.02 4.66
1.19 7.72 7.81 6.28 4.16 7.49 3.00 8.61 1.56 5.45
4.92 5.04 9.01 7.74 4.71 2.96 9.74 8.64 4.78 2.23
1.92 7.51 1.72 3.79 8.52 2.56 1.27 6.54 7.44 7.69
5.86 3.47 3.57 1.47 5.67 1.47 3.62 4.47 3.85 7.20
1.64 5.33 1.78 5.53 3.96 3.49 6.76 6.16 9.53 2.79
3.67 4.95 9.45 9.59 1.12 6.22 1.29 6.91 5.62 7.42
9.32 1.84 2.11 3.11 9.68 7.07 2.50 6.22 2.46 3.68
1.97 6.60 9.40 1.49 2.23 3.65 7.85 9.66 6.85 1.33
8.09 9.13 7.48 7.88 9.55 2.11 2.84 3.42 1.38 7.22
6.92 1.71 1.60 2.61 8.35 7.05 6.70 6.95 3.54 8.04
9.73 6.29 6.68 9.26 1.90 2.79 4.92 6.72 1.35 7.85
4.53 4.67 5.62 6.23 4.06 9.22 1.73 7.66 7.43 2.31
8.82 5.87 4.50 3.46 1.92 1.53 8.95 5.69 4.24 2.08
4.10 9.37 1.37 9.22 5.81 6.27 6.29 8.53 5.77 7.66
1.37 4.72 9.71 8.86 2.09 3.49 4.78 5.81 6.57 7.07
1.73 6.36 7.00 1.66 9.20 2.05 2.09 6.09 3.36 3.45
5.52 4.52 2.71 3.45 5.27 3.59 8.80 1.60 5.23 2.47
3.92 2.05 4.63 2.36 1.39 4.95 3.48 8.51 3.54 1.65
5.62 2.31 2.22 8.52 1.45 6.35 6.82 6.65 4.83 4.39
7.94 3.08 6.77 6.96 9.78 5.69 4.81 8.30 7.22 2.24
8.31 9.56 8.54 8.29 1.41 6.08 2.04 4.12 7.53 8.44
8.90 8.01 4.74 3.54 6.70 4.81 2.47 7.03 4.85 9.73
4.66 3.08 6.01 7.92 6.06 2.57 6.38 5.87 3.83 6.37
9.24 8.52 4.70 6.36 1.79 1.09 3.42 1.42 2.29 9.49
1.13 3.68 8.47 9.78 5.83 9.05 9.57 7.42 7.64 8.90
7.12 9.62 1.02 6.16 2.67 8.75 7.76 4.86 1.86 4.48
9.70 4.65 8.08 9.72 3.06 6.89 2.52 8.66 1.12 1.63
5.43 6.75 4.98 3.19 5.25 7.71 9.23 5.34 7.85 4.91
6.16 4.20 9.33 1.69 3.41 3.08 8.48 9.55 9.62 5.65
2.05 2.76 9.53 7.77 7.81 8.31 8.00 1.58 4.53 8.68
4.48 7.46 8.00 8.16 4.49 5.39 3.27 2.33 9.97 4.48
2.50 4.80 5.28 5.20 7.87 7.86 3.97 3.98 8.56 6.26
8.15 2.62 4.50 5.19 9.16 3.94 4.22 5.49 5.39 3.59
6.81 2.87 8.79 8.26 4.25 8.64 2.64 7.37 2.97 6.48
1.92 2.94 9.66 6.45 4.38 5.06 8.34 9.35 4.12 7.33
9.74 6.30 6.81 8.21 8.38 9.93 1.92 9.17 9.89 4.59
7.42 2.25 7.09 9.46 7.56 8.52 4.24 3.26 2.97 7.32
7.31 2.89 1.97 9.12 4.85 4.67 7.04 3.24 8.36 2.31
9.97 2.66 2.01 1.08 2.91 7.71 1.70 1.83 6.95 2.44
5.91 7.74 5.37 4.56 7.56 4.65 4.51 2.51 3.21 5.76
4.76 4.29 9.39 4.97 8.90 8.26 2.99 1.19 6.82 4.41
1.07 3.17 1.52 7.69 5.61 5.05 8.14 3.31 2.99 8.15
4.56 8.84 7.28 9.79 8.95 6.65 9.76 6.71 3.59 4.79
5.59 9.44 3.76 3.95 1.78 2.30 5.97 4.97 8.96 2.89
9.52 9.46 9.57 9.46 8.13 6.00 9.22 4.20 6.59 1.24
4.33 7.84 8.67 5.62 7.39 8.78 5.10 6.44 2.61 4.40
6.55 3.79 3.33 5.89 2.24 7.65 4.82 7.52 7.34 4.43
4.34 4.16 2.51 4.32 1.14 6.76 8.99 4.04 7.96 5.68
5.93 4.44 8.88 7.34 6.94 3.51 2.67 6.42 7.99 8.27
3.28 1.55 8.64 8.20 6.64 5.32 6.57 9.24 6.41 3.09
6.24 9.30 1.76 6.85 1.70 1.72 5.47 7.66 5.27 8.34
4.62 5.44 9.02 4.75 7.30 9.57 5.15 8.22 7.11 7.48
2.68 4.14 3.18 1.18 7.65 5.48 9.23 7.33 9.29 6.64
4.62 7.22 1.82 5.83 2.14 1.69 8.98 2.15 3.18 8.16
7.13 9.85 7.04 5.58 6.92 1.04 8.01 1.92 5.19 5.24
8.03 2.22 4.42 7.17 1.78 2.91 4.87 1.40 4.38 1.96
2.79 5.85 5.36 2.41 9.77 8.33 5.61 8.52 7.50 3.05
5.62 3.87 3.45 5.48 1.87 5.30 7.94 2.72 2.59 6.40
9.34 5.60 3.39 4.00 8.77 4.95 2.65 4.31 2.17 9.02
4.24 7.86 8.92 3.49 4.91 2.29 9.98 5.12 4.18 4.07
1.22 5.81 7.57 9.17 1.44 9.84 7.20 9.90 5.28 3.85
1.79 7.90 9.80 8.77 6.27 2.49 6.69 4.83 7.54 7.28
5.05 3.92 1.48 5.49 2.03 4.94 5.64 5.27 5.05 4.53
3.78 6.97 5.00 4.38 8.39 6.35 1.56 5.90 1.38 7.47
6.74 3.74 4.24 4.27 8.06 1.66 1.23 7.82 2.60 3.79
3.63 1.02 2.77 3.67 4.12 8.90 6.96 4.54 5.24 8.39
8.76 5.29 1.43 2.20 8.37 3.99 6.74 3.85 7.22 5.31
7.03 7.77 7.85 3.15 9.19 8.96 4.80 2.80 2.92 4.98
4.21 4.56 9.97 5.46 9.49 6.76 4.98 8.26 5.42 1.47
3.64 2.46 3.14 6.82 8.68 2.17 4.57 4.31 3.28 9.77
3.91 7.63 9.26 6.98 9.75 1.35 5.25 8.70 9.31 7.72
1.53 8.49 1.87 9.35 5.95 7.88 6.38 8.77 2.79 8.04
8.91 7.96 3.26 5.56 4.34 7.85 3.09 8.52 3.54 5.88
3.32 9.67 2.69 5.84 1.61 7.02 7.82 6.52 6.05 4.51
2.18 2.70 4.97 2.45 8.01 7.03 6.43 2.06 6.39 1.61
9.39 4.62 6.42 2.92 7.56 1.37 3.40 1.94 7.47 2.83
1.76 9.15 8.98 8.77 7.41 9.42 9.61 7.37 2.76 6.13
7.30 5.15 3.97 5.10 2.14 9.54 2.83 7.28 1.45 5.32
5.60 7.27 8.27 9.32 9.54 1.89 9.85 1.37 4.38 9.79
9.78 6.01 1.41 5.95 9.51 4.21 7.19 6.64 8.91 7.52
3.44 6.77 9.34 1.20 3.16 7.09 4.57 9.88 1.06 5.50
9.98 6.27 5.88 4.91 9.43 6.90 2.84 1.31 6.52 8.06
9.09 9.77 3.16 6.08 3.85 6.14 1.67 5.18 8.84 6.03
6.77 9.42 9.22 3.34 2.37 5.01 8.09 1.04 9.37 9.21
7.08 2.14 6.58 8.21 9.82 3.60 6.82 7.10 9.76 4.28
6.57 7.88 5.83 4.02 7.84 8.46 2.55 2.17 1.67 4.58
9.23 2.26 2.40 2.47 3.15 7.30 9.36 8.38 3.10 7.36
9.63 2.36 7.48 3.27 2.01 6.08 7.29 2.21 2.39 1.10
5.95 9.67 5.19 2.52 1.55 6.27 5.32 7.56 8.58 8.84
7.73 3.44 7.85 1.47 5.44 7.03 6.64 1.08 9.29 8.46
2.02 8.72 3.52 8.39 2.62 3.39 7.15 4.02 6.54 4.04
4.04 4.27 1.04 2.24 1.48 1.06 1.53 2.57 7.03 3.85
5.21 5.29 1.33 6.90 7.52 2.76 8.21 3.32 6.87 1.33
1.91 7.71 5.12 3.15 8.83 7.74 1.93 2.01 2.27 3.17
2.15 3.29 8.11 8.98 4.21 5.30 1.64 3.78 2.83 7.34
9.42 7.63 6.61 8.98 3.39 2.94 7.05 8.89 2.97 3.75
4.31 1.21 10.00 8.79 6.40 5.73 5.99 6.73 5.56 8.43
6.21 9.17 9.98 3.76 6.53 1.93 2.85 6.96 3.19 7.51
3.65 8.30 9.86 1.69 1.84 2.53 8.33 9.74 9.39 4.24
9.20 4.18 5.25 1.26 5.01 3.73 4.23 5.46 6.41 9.02
4.83 5.25 6.16 9.11 1.25 5.34 3.12 2.19 6.99 1.42
7.71 6.52 1.92 4.93 3.36 4.76 6.69 2.43 9.07 1.26
1.90 6.13 9.84 3.11 4.63 7.17 7.89 7.73 6.85 1.33
1.72 9.10 7.03 6.41 4.93 2.51 1.82 4.02 6.52 4.04
7.22 4.89 3.15 8.59 2.46 3.32 2.75 3.15 9.19 5.95
5.85 9.55 4.76 3.94 5.52 1.02 5.95 5.29 2.40 1.87
7.54 5.97 8.70 8.63 5.27 7.72 9.08 1.31 8.79 3.63
1.39 7.47 4.10 1.42 6.95 9.07 6.21 6.91 8.04 2.17
4.07 4.76 6.48 9.92 8.25 7.04 3.72 5.65 9.83 8.09
6.56 2.37 5.11 7.69 2.12 7.98 6.78 9.19 6.71 9.48
4.46 6.06 6.86 6.95 9.44 6.82 1.00 1.01 5.63 4.91
1.47 6.05 6.28 2.47 8.54 9.91 3.84 4.20 4.87 7.36
9.28 4.28 7.19 2.47 2.58 4.59 3.05 5.90 8.31 8.69
5.19 2.76 4.63 1.74 4.88 5.76 4.33 4.34 5.69 3.87
8.78 7.04 9.83 8.94 2.18 4.41 4.45 2.93 2.73 8.61
2.37 2.99 3.78 2.90 6.93 9.75 9.12 5.30 2.72 1.01
1.04 4.30 3.25 5.96 3.01 1.34 4.65 7.13 9.51 3.40
1.10 1.25 1.30 6.77 3.63 9.11 6.07 3.80 4.07 4.55
9.22 6.75 1.13 1.85 1.08 1.64 4.94 5.10 4.31 5.15
5.50 6.91 3.49 3.74 9.49 4.80 7.15 8.43 6.73 2.43
5.20 5.93 1.19 9.61 7.18 3.38 5.43 1.28 3.73 3.28
2.58 9.16 6.22 4.92 4.82 7.92 6.47 9.18 2.52 9.35
9.19 8.42 8.23 4.64 5.65 3.84 8.32 3.33 1.89 1.38
5.36 4.30 9.83 2.42 8.00 3.36 8.91 8.41 5.09 6.76
1.13 4.63 4.85 9.96 6.61 4.57 1.14 6.18 7.39 3.55
5.22 8.42 7.94 3.25 7.17 8.06 4.97 5.80 1.43 3.93
5.60 1.00 5.06 5.95 8.39 1.23 4.74 1.05 1.93 8.24
3.89 8.68 6.78 2.52 5.69 1.17 4.35 6.80 2.56 2.59
3.27 4.41 5.21 1.79 5.75 3.36 3.46 9.25 5.59 2.18
1.47 8.23 4.40 7.04 2.92 5.73 2.56 2.52 3.59 1.40
6.43 6.85 8.08 2.20 3.67 6.42 4.24 9.15 1.84 5.59
3.83 7.57 6.06 2.98 5.36 5.02 4.44 4.83 4.25 3.49
7.16 7.41 9.01 6.11 9.25 3.52 4.06 8.92 4.76 4.50
7.82 7.70 4.09 3.09 1.59 4.70 2.26 7.36 1.68 9.40
5.98 3.47 2.06 3.25 3.47 2.86 2.53 2.79 3.93 4.60
1.29 6.69 5.53 1.57 8.71 9.30 3.37 6.25 3.90 8.41
7.75 3.27 8.77 8.79 8.95 1.83 6.14 2.18 5.46 5.42
8.61 1.53 2.51 6.74 8.70 5.11 1.80 2.71 7.80 2.11
6.73 5.73 1.09 4.37 4.96 4.54 1.80 1.90 5.58 3.56
7.33 4.90 9.96 6.91 7.42 4.98 1.24 8.44 2.20 9.23
5.54 7.12 2.04 9.81 1.26 5.66 3.75 2.89 3.10 7.70
9.78 3.46 4.98 9.16 3.79 7.75 3.60 4.26 5.03 4.14
5.67 8.57 4.65 4.82 3.91 7.71 8.78 7.28 2.31 8.87
3.53 1.56 5.07 7.65 5.13 6.70 9.69 8.70 7.11 5.04
3.78 9.03 9.95 5.46 3.45 1.47 3.06 8.62 2.30 6.37
7.89 7.25 5.70 8.28 9.95 8.31 2.70 1.92 8.47 5.99
6.32 8.25 8.28 5.09 1.36 9.38 1.14 1.60 4.25 9.15
7.68 3.49 4.34 1.81 2.85 8.05 5.48 6.98 3.62 6.60
9.92 4.79 7.33 2.92 6.70 4.39 2.14 6.66 2.49 3.99
6.24 8.98 3.76 5.90 2.17 7.27 4.03 9.24 6.87 5.75
3.56 3.47 2.93 4.37 4.26 6.29 9.96 8.58 8.07 5.63
6.65 6.85 3.76 7.40 8.03 6.95 8.48 2.81 7.46 8.47
8.61 9.87 8.98 2.82 4.70 3.83 6.74 8.49 3.46 8.28
1.24 7.67 2.12 3.41 7.70 1.91 2.04 1.39 3.74 9.68
1.31 9.19 2.83 2.62 8.85 4.29 9.34 9.10 9.93 3.67
1.79 4.88 7.91 7.24 5.87 6.80 4.59 4.91 8.75 8.09
8.93 6.09 5.91 1.17 3.31 6.06 3.76 7.17 9.11 9.14
9.19 1.52 8.66 7.51 2.12 4.60 4.14 5.37 2.67 4.60
6.24 1.04 7.67 5.07 6.87 2.17 1.28 1.27 5.45 8.77
6.08 4.68 4.97 9.79 3.56 5.15 5.11 2.74 8.67 8.22
5.05 9.36 4.55 1.30 7.76 6.62 1.21 2.72 3.17 8.28
4.76 8.74 3.45 7.26 7.77 7.46 7.29 8.66 9.03 9.13
4.56 1.66 2.82 7.65 5.53 4.53 3.99 3.40 4.61 2.83
9.06 6.67 8.72 9.90 3.34 4.07 4.01 4.13 8.97 6.74
8.68 5.04 4.05 9.74 9.87 2.79 9.66 3.93 7.23 8.42
5.10 2.27 5.06 1.94 4.24 5.24 4.20 8.25 2.37 8.55
5.90 8.51 9.47 9.74 3.67 6.78 2.84 4.32 4.81 2.65
5.62 5.21 2.38 5.15 2.10 8.87 8.62 9.68 6.71 2.44
2.81 7.57 3.10 2.00 6.92 2.99 7.77 4.64 2.29 2.31
9.92 4.25 6.26 5.81 7.95 8.73 6.83 1.10 5.30 4.95
6.16 9.76 5.25 8.91 8.88 6.38 4.14 7.28 1.98 7.19
8.36 3.08 6.75 5.61 7.95 2.15 4.06 4.70 9.44 9.90
7.48 3.64 4.50 8.66 9.80 4.99 5.24 1.73 9.62 3.33
2.32 7.76 9.57 7.55 2.23 6.58 4.14 9.09 5.24 2.67
6.50 5.68 8.70 6.48 9.88 7.97 7.85 6.57 5.01 9.24
9.56 4.03 7.29 6.48 5.46 3.92 6.82 2.39 9.07 7.07
6.66 3.28 5.67 8.77 6.01 5.56 4.14 6.40 6.75 8.89
9.91 3.92 5.24 1.94 8.36 1.41 5.08 3.86 7.96 3.47
9.84 8.80 7.79 6.62 4.89 1.70 8.86 9.01 6.17 8.42
7.47 2.36 5.92 9.24 5.18 6.43 9.52 9.26 2.77 1.95
2.10 5.53 5.04 7.96 6.00 9.98 6.64 9.81 5.93 9.89
4.12 9.43 5.94 6.26 6.66 4.12 6.60 8.46 6.61 3.32
2.95 8.11 8.31 1.09 2.97 7.60 3.35 6.06 8.60 7.50
7.69 2.13 3.82 2.79 5.88 8.54 6.09 6.10 5.22 8.69
5.15 1.00 3.81 2.11 7.99 3.21 2.59 4.22 2.83 3.63
2.94 2.87 6.04 1.20 7.77 4.75 5.70 7.15 7.90 1.42
8.12 3.24 5.44 3.68 8.43 5.21 6.76 2.50 1.08 9.82
8.07 4.92 7.37 3.40 2.22 6.68 1.82 9.73 5.47 3.75
6.52 7.54 4.52 8.96 8.49 4.51 8.61 8.98 5.83 6.08
3.30 6.61 7.27 4.70 7.85 8.97 8.98 7.86 1.93 3.40
6.62 5.85 5.06 1.25 2.32 3.02 3.97 2.74 9.07 9.71
5.14 1.31 4.67 6.73 7.08 2.91 7.25 5.82 4.25 1.48
6.34 7.48 2.68 3.39 2.20 1.79 7.85 5.71 1.33 7.07
3.91 6.14 5.79 8.98 9.56 9.69 4.58 8.42 8.35 6.22
5.30 3.98 3.27 9.89 5.48 8.55 1.30 7.39 6.21 9.17
4.79 2.15 2.02 7.10 8.49 9.65 2.89 9.32 5.11 9.61
3.63 7.75 9.20 3.62 8.42 9.39 8.62 9.78 6.25 7.50
7.41 2.33 1.78 4.81 8.17 9.64 7.26 8.90 6.39 7.19
7.30 7.47 2.67 5.97 5.73 4.53 6.57 8.02 1.79 5.45
1.41 3.91 8.76 4.42 6.30 2.47 6.07 9.63 3.11 5.15
5.17 2.57 2.16 5.13 2.54 6.21 9.65 6.11 3.32 1.47
7.50 5.18 7.29 7.66 7.52 6.75 2.38 5.73 4.20 8.78
8.30 1.28 5.74 4.35 4.89 4.78 2.31 4.08 5.81 2.48
1.86 8.26 9.79 6.58 3.05 4.72 8.02 6.92 7.70 5.49
5.23 6.63 4.32 7.62 8.73 7.14 3.80 3.74 5.47 1.30
2.76 4.86 7.64 8.41 1.50 5.40 2.04 8.46 5.74 9.97
4.80 8.54 3.35 9.25 9.25 6.86 1.17 6.81 7.22 3.13
6.22 6.89 5.15 2.80 6.33 7.43 4.98 3.81 8.92 8.54
4.22 2.20 8.20 1.12 6.56 1.13 8.83 5.50 8.48 6.84
8.85 6.16 3.64 2.57 2.31 4.98 1.19 9.97 4.27 9.32
5.20 3.30 2.03 1.86 1.73 3.53 1.23 5.21 5.77 9.23
8.25 4.88 7.43 5.15 9.95 9.69 5.73 9.67 1.28 9.55
8.64 2.05 7.82 1.93 7.64 9.32 3.73 9.69 4.31 3.46
3.30 2.79 6.97 7.07 8.95 3.69 9.75 9.81 3.58 6.51
6.66 8.38 1.35 5.90 7.35 5.09 8.65 5.07 5.15 4.91
8.85 7.22 7.66 2.78 2.29 2.23 3.77 8.74 9.92 1.29
4.44 6.18 3.19 1.71 5.50 2.59 2.89 4.18 2.87 1.73
5.32 5.96 5.59 7.74 6.93 5.66 9.97 6.89 8.92 7.05
9.99 9.39 8.86 5.30 7.25 9.99 5.55 8.02 9.80 3.14
7.14 7.31 8.45 5.44 7.03 7.16 9.81 1.39 7.27 8.72
8.39 2.97 3.73 7.53 6.45 4.12 2.14 6.90 2.20 5.39
7.76 5.22 6.33 2.60 7.82 8.22 7.05 9.26 3.39 4.76
2.23 7.57 4.47 5.24 1.08 8.51 4.33 3.73 1.65 7.70
3.82 4.32 8.82 7.44 8.96 1.99 4.73 7.75 2.95 9.04
9.19 1.12 6.25 9.75 5.56 1.01 7.49 4.11 4.95 5.54
1.93 7.10 2.42 6.75 2.49 8.34 8.81 5.68 7.61 8.21
6.99 8.60 2.63 9.31 8.00 4.15 3.27 8.38 3.07 5.92
9.38 5.27 1.77 8.70 6.47 2.38 2.42 9.07 5.62 6.02
8.49 5.81 9.68 4.75 9.86 2.17 9.07 8.84 8.51 4.00
7.35 7.13 7.21 2.73 9.55 2.62 4.20 7.77 2.46 4.01
1.47 7.03 3.47 3.65 2.15 5.73 2.63 5.99 1.00 1.96
8.54 3.72 1.37 7.96 3.72 2.65 3.20 1.01 9.82 2.68
1.80 6.39 7.65 3.57 4.07 2.72 4.96 6.29 4.98 9.42
7.80 8.37 3.05 2.21 2.08 7.42 5.72 2.44 9.54 9.67
3.65 8.50 7.64 3.55 8.41 4.42 4.57 6.52 5.23 1.43
8.73 7.72 3.05 3.60 7.57 1.25 5.06 7.94 4.13 6.87
9.32 9.79 1.85 5.29 4.23 2.18 2.85 5.02 7.26 2.34
8.13 1.08 3.63 7.21 6.69 8.57 8.15 4.20 5.97 7.15
6.22 3.31 4.85 7.16 4.53 1.30 4.82 8.50 9.16 5.19
8.37 6.52 8.32 1.73 2.32 5.62 4.94 3.52 1.08 4.85
9.77 1.15 4.17 2.45 4.48 6.09 7.36 8.43 1.35 1.36
8.59 7.24 8.03 6.80 7.30 3.11 7.02 2.60 2.96 7.95
6.00 2.84 9.52 7.78 9.15 3.77 7.73 2.40 4.88 5.82
9.15 9.19 5.54 5.32 3.55 3.81 6.79 3.94 7.25 4.76
6.58 9.24 9.62 6.31 8.95 8.28 4.26 6.47 5.97 7.38
9.14 3.19 2.41 1.53 9.98 2.87 4.01 6.03 5.53 3.30
1.24 6.27 6.34 3.47 1.03 3.54 5.03 6.64 8.96 7.93
5.13 6.20 7.31 8.96 4.27 4.58 9.58 3.02 1.24 5.00
2.16 7.84 6.59 9.75 1.55 1.59 9.39 7.16 1.06 2.50
8.38 1.22 5.05 6.91 3.68 2.19 4.96 2.44 8.70 3.13
4.65 6.90 5.18 5.26 2.80 6.76 3.45 6.69 1.03 5.03
6.69 8.42 9.98 4.06 4.67 9.29 5.95 9.39 6.62 6.34
7.79 3.25 9.00 3.15 5.95 6.82 7.87 7.03 9.28 1.84
3.50 3.14 2.17 7.78 8.44 8.25 4.99 6.05 6.15 9.55
8.24 3.75 9.42 2.57 6.07 3.77 7.21 2.07 1.47 8.85
7.38 4.84 7.60 4.66 8.04 3.83 2.87 9.15 9.46 6.78
5.42 3.08 9.21 4.07 10.00 8.14 9.44 1.46 7.01 5.26
7.54 4.88 6.53 4.67 3.67 7.23 7.96 7.30 6.22 9.68
9.88 4.70 8.36 6.82 9.20 5.96 9.59 3.27 3.98 8.90
2.44 6.16 4.52 3.68 4.83 8.95 2.59 8.58 7.39 8.59
9.42 2.74 5.10 9.11 9.94 1.25 7.15 9.19 1.98 3.84
4.78 9.20 3.73 6.66 7.39 5.42 5.15 7.23 8.14 7.45
1.02 3.23 5.34 4.08 5.59 3.21 5.26 4.03 9.53 9.61
2.55 9.61 6.90 1.29 5.58 9.30 9.30 3.84 3.42 2.06
5.40 4.40 5.42 1.90 5.41 2.13 5.59 5.82 8.72 3.34
7.04 6.95 8.58 2.67 8.33 3.15 1.03 3.22 9.89 8.66
9.44 7.99 6.61 6.84 4.37 2.94 9.89 7.56 1.31 7.20
9.01 6.88 2.57 6.03 6.73 6.49 5.65 9.80 8.37 4.71
5.00 4.90 8.64 3.94 1.63 2.42 1.11 4.43 8.57 6.30
8.07 7.66 8.60 6.52 7.40 8.15 1.05 8.06 8.90 3.25
3.41 4.48 3.36 5.64 2.81 8.35 5.26 7.75 8.46 1.92
4.92 9.76 3.91 3.34 7.01 4.82 6.05 3.11 2.06 4.98
8.45 5.72 6.31 4.40 4.27 2.21 4.42 3.50 8.82 6.27
9.09 5.41 2.42 4.73 5.50 7.99 2.94 8.90 8.67 3.58
7.59 6.81 8.58 8.11 2.23 8.06 9.33 1.47 5.30 4.17
1.81 6.61 1.67 6.06 2.35 1.77 4.75 8.22 4.96 5.37
3.69 2.47 9.35 7.17 2.35 5.63 4.58 2.06 6.53 4.92
4.77 1.84 5.82 5.36 8.01 1.73 9.89 7.15 7.51 3.85
3.13 8.22 6.49 5.39 2.48 4.90 2.65 6.32 5.32 6.79
8.68 2.88 5.79 7.79 9.67 2.42 3.21 6.57 2.32 1.98
4.56 8.73 7.51 1.79 6.69 1.35 9.76 4.00 3.03 8.16
7.49 3.16 3.99 1.04 7.95 7.02 6.84 6.84 7.68 3.26
1.30 8.79 4.61 2.61 1.94 5.50 4.41 4.05 1.78 5.59
4.70 3.78 3.45 9.59 4.09 3.28 4.72 5.50 9.09 9.08
8.93 7.17 4.30 7.73 8.79 9.69 9.58 6.79 3.64 2.55
5.78 1.72 7.67 5.54 4.17 9.08 5.76 2.54 8.89 6.11
4.72 6.40 8.71 1.75 8.70 4.03 1.63 1.69 2.97 3.41
3.07 8.19 6.96 7.95 6.72 1.30 3.74 5.63 1.36 9.40
8.07 1.13 2.53 7.34 2.50 7.68 5.69 3.60 8.43 3.86
1.78 6.17 7.14 7.86 6.55 9.96 7.40 5.43 3.62 1.18
6.83 9.57 8.19 2.32 4.33 2.26 1.30 3.56 8.97 6.85
7.53 8.44 3.24 4.53 3.15 5.94 3.34 3.97 8.35 6.71
8.06 3.26 4.18 5.10 3.53 3.83 5.34 6.34 7.19 7.08
4.58 4.68 7.65 6.64 7.10 4.26 7.02 7.83 1.72 9.14
3.15 7.67 1.13 4.68 3.39 8.93 6.00 1.61 9.04 4.97
2.76 9.52 9.15 3.26 3.22 7.33 1.97 8.12 5.31 8.80
2.29 5.07 8.04 6.72 6.87 2.54 2.18 4.41 9.06 9.43
2.18 5.50 1.97 5.19 2.61 2.42 6.74 2.54 5.19 1.80
3.81 7.82 9.34 7.38 8.90 9.35 1.34 6.98 2.16 5.46
9.31 6.04 5.19 4.87 5.35 9.22 9.55 8.02 7.01 6.11
8.28 5.76 2.99 6.19 1.66 6.28 7.83 4.50 8.36 1.72
7.66 5.87 2.98 1.66 1.85 6.78 6.13 7.50 1.55 8.98
8.13 7.85 9.69 3.28 5.64 4.96 4.28 8.45 9.05 7.26
2.63 3.64 6.51 6.03 7.40 1.84 1.83 7.45 1.63 3.74
4.49 9.14 5.28 7.88 1.32 2.52 7.42 7.21 6.70 3.44
7.47 9.02 5.79 5.21 5.15 3.18 7.77 1.36 2.09 5.60
6.93 9.10 6.64 2.97 5.40 2.65 1.89 4.19 5.28 1.86
5.48 8.31 1.50 3.39 6.60 8.91 2.36 3.67 1.14 5.94
1.13 2.24 9.69 9.71 2.26 9.59 9.48 6.37 9.31 8.49
2.05 6.27 2.56 4.50 6.69 6.05 8.19 5.77 2.50 6.05
7.57 8.47 5.68 3.51 4.64 2.49 5.54 4.54 6.66 2.76
5.41 2.91 1.25 8.00 7.29 4.97 8.37 2.22 2.56 6.63
2.25 8.39 7.07 7.62 4.99 9.85 1.75 3.96 7.27 9.39
7.23 2.02 6.27 1.88 8.83 3.10 3.65 2.52 7.83 1.85
7.68 9.38 5.08 5.93 2.66 4.26 7.11 4.31 8.20 1.35
9.09 2.57 4.26 6.22 6.50 3.27 4.25 4.57 2.28 8.16
8.94 3.36 3.18 6.64 9.71 7.51 6.15 1.26 8.28 8.43
3.57 1.08 5.20 2.66 8.98 2.47 2.84 8.50 5.11 3.71
7.02 6.58 5.28 4.43 3.23 4.43 3.82 4.67 9.87 1.29
8.72 4.22 5.26 5.04 9.04 4.74 4.32 2.37 6.90 6.37
9.86 9.39 4.48 1.40 2.31 9.53 2.12 3.05 6.63 6.20
8.14 2.41 5.57 9.48 6.03 6.68 8.87 8.10 2.89 2.28
8.92 5.51 9.79 1.11 8.72 9.53 2.98 8.07 2.85 2.53
1.52 3.83 9.12 9.24 2.11 9.17 4.17 3.61 6.56 7.57
2.64 1.27 6.52 7.26 3.23 3.16 9.08 2.82 8.66 3.13
7.17 4.41 8.67 1.16 5.36 3.78 6.19 4.62 5.75 3.13
4.30 5.28 5.81 1.95 1.90 1.88 7.74 3.76 8.02 5.59
7.39 4.41 2.31 5.96 2.36 9.69 9.57 7.53 6.77 4.40
6.43 5.69 3.48 3.06 1.26 3.78 5.96 9.74 2.18 8.86
1.94 3.07 7.99 2.43 3.39 8.19 5.07 7.11 9.88 7.44
5.33 2.88 9.65 2.88 2.97 2.11 1.97 3.56 5.41 5.52
5.90 5.00 1.65 8.55 2.63 1.69 2.28 5.04 4.51 1.09
7.35 6.15 7.88 5.01 3.61 7.17 5.69 9.29 3.23 7.19
1.61 3.82 3.29 2.67 8.10 2.45 2.92 3.34 3.38 8.03
9.46 2.69 9.50 1.10 6.88 6.57 7.28 4.49 5.55 1.44
3.53 6.48 9.10 8.53 8.36 2.96 5.14 4.98 7.39 2.77
3.62 3.23 5.14 4.93 8.47 4.74 5.33 7.10 2.04 9.97
9.56 1.16 8.52 8.31 6.36 5.83 5.15 8.94 1.32 8.33
6.40 7.48 5.40 9.33 5.26 9.38 6.24 9.94 3.18 9.25
1.35 9.95 4.62 8.85 2.77 1.05 9.31 1.82 3.45 7.54
5.26 4.88 3.17 4.65 9.79 1.65 6.26 7.35 4.05 3.34
3.62 1.44 6.12 8.97 7.02 1.15 3.97 7.20 5.94 4.08
5.12 8.57 1.38 6.99 2.47 6.22 8.16 3.51 4.70 9.27
8.03 9.14 2.78 5.25 3.99 8.28 6.80 8.11 2.19 3.12
2.67 4.72 2.45 5.41 4.61 6.00 9.64 5.64 3.83 9.17
6.14 4.31 7.44 2.65 4.98 9.53 5.25 1.48 7.06 7.36
2.17 7.23 3.31 7.44 7.17 7.12 4.97 6.39 5.63 9.96
4.15 1.09 8.46 2.75 9.51 6.69 2.58 1.21 4.08 7.12
9.32 1.71 5.04 3.57 1.98 3.49 7.47 4.93 1.26 4.44
7.61 6.79 9.42 1.11 8.87 3.16 6.55 7.04 9.14 6.42
9.50 1.99 5.23 1.78 8.36 9.42 7.09 3.38 4.59 2.66
8.77 8.69 1.51 2.49 6.17 9.21 5.59 5.24 8.75 4.64
4.86 8.72 5.77 7.51 9.56 6.55 1.67 5.87 6.11 6.40
6.23 4.80 3.16 9.70 6.60 7.56 4.90 9.77 6.92 8.81
2.34 1.10 1.91 9.44 5.89 6.31 3.09 3.85 8.28 6.05
2.70 1.06 2.38 9.16 1.93 7.26 4.49 3.54 8.26 2.51
9.01 2.26 5.95 4.53 1.05 3.50 8.14 7.27 8.12 7.60
4.64 6.11 4.92 5.41 7.39 1.47 6.35 2.96 1.08 3.02
6.61 7.11 3.19 5.18 3.20 4.99 4.43 2.00 3.82 9.80
9.93 4.68 5.39 6.07 3.65 6.12 7.29 3.04 2.63 3.56
5.04 8.61 8.56 3.33 7.76 8.81 5.57 5.23 7.07 1.98
4.19 7.02 5.17 8.16 5.43 5.01 9.93 2.83 4.90 9.52
9.96 7.86 5.94 3.75 2.87 2.47 9.21 3.95 8.78 6.95
9.83 1.24 1.63 2.59 9.28 8.58 3.07 8.95 3.75 9.90
7.81 4.07 1.61 4.95 8.63 8.29 4.63 3.35 1.22 2.19
8.86 5.98 9.34 1.93 5.86 8.42 5.57 4.00 8.75 9.50
9.96 2.39 2.78 4.10 1.25 6.79 9.09 2.12 6.58 3.14
5.81 5.61 1.21 7.71 9.03 8.58 1.22 4.12 1.83 5.27
6.64 6.30 3.16 4.99 5.01 3.41 6.38 5.86 1.75 9.73
8.96 7.42 3.22 2.82 3.26 7.40 4.78 3.35 4.71 8.67
8.20 4.88 1.37 9.10 9.36 2.02 2.23 1.70 3.32 8.95
1.93 7.45 6.16 2.96 1.78 1.54 8.26 8.00 7.79 1.70
3.11 1.61 8.63 4.09 5.90 8.78 5.25 5.98 3.84 4.21
3.34 5.82 5.46 8.38 7.01 8.73 5.63 6.73 3.06 8.64
5.82 7.02 2.43 9.57 6.95 6.90 7.85 3.84 6.59 3.83
3.95 5.39 5.51 5.07 9.45 3.91 3.97 3.39 5.33 4.71
3.63 1.45 5.77 1.41 5.34 5.30 7.30 4.94 7.58 1.93
8.21 7.27 4.63 5.47 9.61 5.92 7.73 2.62 6.87 3.49

Demandas:
0 0 0 1 0 0
0 0 1 0 0 0
0 0 0 0 1 0
0 0 0 0 0 1
0 0 1 0 0 0
0 0 0 0 1 0
0 0 0 0 1 0
0 0 1 0 0 0
1 0 0 0 0 0
0 0 0 0 1 0
0 0 1 0 0 0
0 0 1 0 0 0
0 0 0 0 1 0
0 0 0 1 0 0
0 0 1 0 0 0
0 0 1 0 0 0
0 0 0 0 0 1
0 1 0 0 0 0
0 1 0 0 0 0
0 0 0 0 1 0
0 0 0 0 0 1
0 0 0 0 1 0
0 1 0 0 0 0
0 1 0 0 0 0
0 1 0 0 0 0
0 1 0 0 0 0
1 0 0 0 0 0
0 1 0 0 0 0
0 0 0 0 1 0
0 1 0 0 0 0
0 0 0 1 0 0
0 0 0 0 0 1
0 0 0 0 1 0
1 0 0 0 0 0
0 0 0 0 0 1
0 0 0 0 0 1
0 1 0 0 0 0
1 0 0 0 0 0
0 0 1 0 0 0
0 0 0 1 0 0
0 0 0 1 0 0
1 0 0 0 0 0
0 1 0 0 0 0
1 0 0 0 0 0
0 0 0 0 1 0
1 0 0 0 0 0
0 0 0 0 0 1
0 0 1 0 0 0
0 0 0 1 0 0
1 0 0 0 0 0
0 0 1 0 0 0
1 0 0 0 0 0
0 0 1 0 0 0
0 0 0 0 0 1
0 0 1 0 0 0
0 0 0 0 0 1
1 0 0 0 0 0
1 0 0 0 0 0
0 0 0 1 0 0
0 0 0 0 1 0
0 0 0 1 0 0
0 0 1 0 0 0
1 0 0 0 0 0
0 0 0 1 0 0
0 0 0 0 0 1
0 1 0 0 0 0
0 0 0 1 0 0
0 0 0 0 1 0
0 0 0 0 1 0
0 1 0 0 0 0
0 0 0 1 0 0
0 0 1 0 0 0
0 0 1 0 0 0
1 0 0 0 0 0
0 1 0 0 0 0
0 0 0 0 1 0
0 0 1 0 0 0
0 1 0 0 0 0
1 0 0 0 0 0
0 1 0 0 0 0
0 0 0 0 1 0
0 0 0 1 0 0
0 0 0 0 0 1
0 0 0 0 0 1
1 0 0 0 0 0
0 0 1 0 0 0
0 1 0 0 0 0
0 1 0 0 0 0
1 0 0 0 0 0
0 0 0 0 1 0
0 0 0 0 0 1
0 0 0 0 1 0
0 0 1 0 0 0
0 0 1 0 0 0
0 0 0 1 0 0
0 0 0 1 0 0
1 0 0 0 0 0
0 0 0 1 0 0
0 0 0 0 0 1
1 0 0 0 0 0
0 0 0 1 0 0
0 1 0 0 0 0
0 0 1 0 0 0
0 0 1 0 0 0
1 0 0 0 0 0
0 0 0 0 0 1
0 0 0 0 1 0
0 0 0 1 0 0
0 0 1 0 0 0
0 1 0 0 0 0
0 1 0 0 0 0
0 1 0 0 0 0
0 0 0 0 1 0
0 0 0 0 1 0
0 0 0 0 0 1
0 0 0 1 0 0
0 0 0 0 1 0
0 0 0 1 0 0
0 0 1 0 0 0
0 0 1 0 0 0
0 0 0 0 1 0
0 0 0 0 1 0
1 0 0 0 0 0
0 0 1 0 0 0
1 0 0 0 0 0
0 1 0 0 0 0
0 0 0 1 0 0
0 1 0 0 0 0
0 0 0 0 1 0
1 0 0 0 0 0
0 0 0 1 0 0
0 0 0 1 0 0
0 0 0 0 1 0
0 1 0 0 0 0
0 0 0 0 1 0
1 0 0 0 0 0
0 0 1 0 0 0
0 0 1 0 0 0
0 1 0 0 0 0
0 0 0 1 0 0
0 0 0 1 0 0
0 0 0 0 1 0
0 0 0 1 0 0
0 1 0 0 0 0
0 0 0 1 0 0
1 0 0 0 0 0
0 1 0 0 0 0
0 1 0 0 0 0
0 0 0 0 0 1
0 1 0 0 0 0
1 0 0 0 0 0
0 1 0 0 0 0
0 0 1 0 0 0
0 0 0 1 0 0
0 1 0 0 0 0
0 1 0 0 0 0
0 0 0 0 0 1
0 0 1 0 0 0
0 0 1 0 0 0
0 0 0 1 0 0
0 1 0 0 0 0
0 1 0 0 0 0
0 1 0 0 0 0
1 0 0 0 0 0
0 0 0 0 1 0
0 1 0 0 0 0
0 0 0 0 1 0
1 0 0 0 0 0
1 0 0 0 0 0
0 0 1 0 0 0
0 1 0 0 0 0
0 0 0 0 0 1
0 0 0 0 0 1
0 0 0 0 0 1
0 1 0 0 0 0
1 0 0 0 0 0
0 1 0 0 0 0
0 0 0 0 0 1
1 0 0 0 0 0
0 0 0 0 0 1
0 0 0 0 1 0
0 1 0 0 0 0
0 0 1 0 0 0
1 0 0 0 0 0
0 0 1 0 0 0
0 0 0 0 1 0
0 0 0 1 0 0
0 0 0 0 0 1
1 0 0 0 0 0
0 0 1 0 0 0
0 0 0 0 1 0
0 0 1 0 0 0
0 0 1 0 0 0
0 1 0 0 0 0
0 0 0 0 0 1
0 1 0 0 0 0
0 1 0 0 0 0
0 0 0 1 0 0
1 0 0 0 0 0
0 0 0 0 0 1
0 0 1 0 0 0
0 0 0 1 0 0
0 0 1 0 0 0
1 0 0 0 0 0
0 1 0 0 0 0
0 0 0 0 0 1
0 0 0 0 0 1
0 0 1 0 0 0
0 0 0 0 1 0
0 1 0 0 0 0
0 0 0 1 0 0
0 1 0 0 0 0
0 1 0 0 0 0
1 0 0 0 0 0
0 0 1 0 0 0
0 0 0 0 0 1
1 0 0 0 0 0
0 0 0 0 1 0
0 0 1 0 0 0
1 0 0 0 0 0
1 0 0 0 0 0
0 1 0 0 0 0
0 0 1 0 0 0
0 0 0 0 0 1
0 0 0 0 0 1
1 0 0 0 0 0
0 0 0 0 1 0
0 0 0 0 0 1
0 0 0 0 1 0
1 0 0 0 0 0
0 0 0 1 0 0
0 0 0 0 0 1
1 0 0 0 0 0
0 0 0 1 0 0
0 0 0 0 0 1
0 0 0 0 0 1
0 0 1 0 0 0
0 1 0 0 0 0
0 0 1 0 0 0
0 1 0 0 0 0
0 0 0 1 0 0
0 0 0 0 0 1
0 0 1 0 0 0
1 0 0 0 0 0
0 1 0 0 0 0
0 0 0 0 0 1
0 0 1 0 0 0
0 0 0 1 0 0
0 0 1 0 0 0
0 0 0 1 0 0
0 0 0 1 0 0
1 0 0 0 0 0
0 1 0 0 0 0
0 0 0 0 1 0
0 0 0 0 1 0
0 1 0 0 0 0
1 0 0 0 0 0
0 0 0 0 1 0
0 0 0 0 1 0
0 1 0 0 0 0
1 0 0 0 0 0
0 0 0 1 0 0
1 0 0 0 0 0
0 0 0 0 1 0
1 0 0 0 0 0
0 1 0 0 0 0
0 0 0 0 1 0
0 0 0 0 1 0
0 0 0 0 1 0
0 1 0 0 0 0
0 0 0 0 1 0
1 0 0 0 0 0
0 1 0 0 0 0
0 0 0 0 1 0
0 0 1 0 0 0
0 0 1 0 0 0
0 0 1 0 0 0
1 0 0 0 0 0
0 0 0 0 1 0
0 0 0 1 0 0
0 0 0 0 0 1
0 0 0 0 0 1
0 0 0 0 1 0
0 1 0 0 0 0
1 0 0 0 0 0
0 0 0 0 0 1
0 0 1 0 0 0
0 1 0 0 0 0
0 0 1 0 0 0
0 0 0 0 0 1
0 0 0 0 1 0
0 0 0 0 1 0
0 1 0 0 0 0
0 1 0 0 0 0
0 0 0 0 0 1
0 0 1 0 0 0
0 0 1 0 0 0
0 1 0 0 0 0
1 0 0 0 0 0
1 0 0 0 0 0
0 0 1 0 0 0
0 0 0 0 1 0
0 0 0 0 1 0
1 0 0 0 0 0
0 0 0 1 0 0
0 0 0 0 1 0
0 1 0 0 0 0
0 1 0 0 0 0
0 0 1 0 0 0
0 0 0 1 0 0
0 0 1 0 0 0
0 0 1 0 0 0
0 0 0 0 1 0
0 0 0 1 0 0
0 0 0 0 1 0
0 0 0 0 1 0
0 0 0 0 0 1
0 0 0 0 1 0
0 0 0 1 0 0
0 0 0 0 1 0
0 0 1 0 0 0
0 0 0 1 0 0
0 0 0 1 0 0
0 1 0 0 0 0
1 0 0 0 0 0
0 0 1 0 0 0
0 1 0 0 0 0
1 0 0 0 0 0
0 0 0 0 0 1
0 0 0 0 1 0
0 1 0 0 0 0
0 0 0 0 1 0
0 0 0 0 1 0
0 0 0 0 1 0
0 1 0 0 0 0
0 0 0 0 0 1
0 0 1 0 0 0
0 0 0 0 1 0
1 0 0 0 0 0
1 0 0 0 0 0
0 0 0 1 0 0
0 0 1 0 0 0
0 0 0 0 1 0
0 0 0 0 0 1
0 0 0 0 1 0
0 0 0 0 0 1
1 0 0 0 0 0
0 0 1 0 0 0
0 0 1 0 0 0
0 0 0 0 0 1
0 0 0 1 0 0
0 0 0 1 0 0
0 0 0 0 1 0
1 0 0 0 0 0
0 0 0 0 0 1
0 0 0 0 0 1
0 0 0 0 0 1
0 0 0 0 1 0
0 0 0 1 0 0
1 0 0 0 0 0
0 0 0 1 0 0
0 1 0 0 0 0
1 0 0 0 0 0
0 1 0 0 0 0
0 0 0 0 0 1
0 1 0 0 0 0
0 0 1 0 0 0
0 1 0 0 0 0
0 0 0 0 1 0
0 0 0 0 0 1
0 0 0 0 1 0
0 0 0 0 1 0
1 0 0 0 0 0
0 0 0 0 0 1
1 0 0 0 0 0
0 0 1 0 0 0
0 0 0 0 1 0
0 0 0 0 0 1
0 0 1 0 0 0
0 0 0 1 0 0
0 1 0 0 0 0
0 0 0 1 0 0
1 0 0 0 0 0
0 0 0 0 1 0
0 0 0 0 0 1
0 1 0 0 0 0
0 0 1 0 0 0
0 0 0 0 0 1
0 0 0 1 0 0
0 0 1 0 0 0
0 0 0 0 0 1
0 0 0 0 0 1
0 0 1 0 0 0
0 0 0 1 0 0
0 0 1 0 0 0
0 0 0 1 0 0
0 0 1 0 0 0
0 0 0 0 1 0
0 1 0 0 0 0
0 0 0 1 0 0
0 1 0 0 0 0
0 0 0 0 1 0
1 0 0 0 0 0
0 0 0 1 0 0
0 1 0 0 0 0
0 0 0 1 0 0
0 0 1 0 0 0
0 0 0 1 0 0
1 0 0 0 0 0
0 0 0 0 1 0
1 0 0 0 0 0
0 0 0 1 0 0
0 1 0 0 0 0
0 0 0 1 0 0
0 1 0 0 0 0
0 0 1 0 0 0
0 0 0 0 1 0
1 0 0 0 0 0
0 0 0 1 0 0
0 0 1 0 0 0
0 0 0 1 0 0
0 0 0 0 0 1
0 0 0 1 0 0
0 0 0 1 0 0
0 0 0 0 1 0
0 0 0 0 1 0
1 0 0 0 0 0
0 0 0 0 1 0
0 0 0 0 0 1
0 0 0 0 0 1
1 0 0 0 0 0
0 0 0 1 0 0
0 1 0 0 0 0
0 0 0 1 0 0
0 0 0 1 0 0
0 0 0 0 0 1
0 0 0 0 0 1
0 1 0 0 0 0
0 1 0 0 0 0
0 0 0 1 0 0
0 0 1 0 0 0
0 0 0 0 0 1
0 0 0 1 0 0
0 0 0 0 0 1
0 0 0 0 1 0
0 0 0 0 0 1
0 0 0 1 0 0
1 0 0 0 0 0
0 0 0 0 0 1
0 0 0 0 0 1
0 0 0 0 1 0
1 0 0 0 0 0
0 1 0 0 0 0
0 0 0 1 0 0
0 0 1 0 0 0
0 1 0 0 0 0
0 0 0 0 1 0
1 0 0 0 0 0
0 1 0 0 0 0
0 0 0 0 0 1
0 0 0 0 1 0
0 0 0 1 0 0
1 0 0 0 0 0
0 0 0 0 1 0
0 0 0 1 0 0
0 0 1 0 0 0
0 0 0 1 0 0
0 0 0 0 1 0
0 0 0 0 1 0
0 0 0 0 1 0
1 0 0 0 0 0
0 0 0 0 0 1
0 1 0 0 0 0
1 0 0 0 0 0
0 0 0 0 1 0
0 0 0 1 0 0
0 0 0 0 0 1
0 0 0 0 1 0
0 0 1 0 0 0
0 0 0 1 0 0
1 0 0 0 0 0
0 0 0 0 1 0
0 0 1 0 0 0
0 1 0 0 0 0
1 0 0 0 0 0
0 0 0 0 1 0
1 0 0 0 0 0
0 0 0 0 1 0
0 0 1 0 0 0
0 0 0 0 0 1
0 0 0 1 0 0
1 0 0 0 0 0
0 0 0 0 0 1
0 1 0 0 0 0
0 0 1 0 0 0
0 0 1 0 0 0
0 0 0 0 0 1
0 0 0 0 1 0
0 1 0 0 0 0
0 0 0 0 0 1

Capacidades:
44 49 24 39 29 21
52 20 36 26 47 49
30 21 0 54 32 52
25 27 45 25 21 46
55 34 50 59 48 43
31 29 59 49 57 52
54 52 25 40 0 24
29 25 38 49 30 29
47 47 0 34 22 29
44 59 0 33 0 53
