m: 500
n: 5
p: 7

Distancias:
2.55 1.51 9.03 2.33 9.12
7.99 6.15 8.23 1.24 4.35
9.29 4.17 6.30 7.17 3.28
3.39 3.47 8.51 1.31 9.68
6.70 4.95 6.67 9.81 5.79
8.32 3.85 1.79 3.75 3.29
1.66 4.12 4.11 1.56 3.00
6.54 7.76 7.85 6.09 1.63
2.54 8.49 9.51 9.10 9.51
7.42 5.09 8.28 4.54 3.60
2.24 4.17 5.30 2.59 1.26
5.80 7.03 9.72 2.02 9.45
8.67 8.55 4.72 6.37 1.03
2.44 3.27 7.74 2.17 8.74
2.97 8.44 6.55 9.34 6.00
8.81 6.83 1.06 5.79 2.40
6.64 1.25 7.67 8.16 2.61
7.72 5.86 6.06 7.82 6.63
2.32 8.98 5.25 1.91 8.46
6.75 9.77 5.42 3.42 4.82
3.91 2.97 9.56 6.60 6.64
1.91 8.71 2.94 7.03 4.35
6.88 8.52 4.08 4.20 4.79
9.68 9.59 2.23 1.57 2.11
2.72 3.04 6.57 8.22 5.35
7.48 1.84 2.52 7.70 8.77
6.69 4.56 5.49 4.36 8.97
3.68 3.37 9.00 6.81 7.83
6.28 4.89 3.33 7.33 2.17
6.21 4.13 3.02 8.17 4.53
6.27 6.89 3.04 3.97 9.78
6.51 1.33 1.65 7.84 1.63
8.60 3.93 6.26 3.55 6.41
1.45 5.12 9.66 4.63 6.29
2.14 3.49 5.56 1.25 6.88
2.88 9.04 3.37 3.08 1.11
8.73 10.00 5.36 7.52 9.95
6.87 1.05 3.79 4.52 9.85
6.53 4.59 2.30 5.32 9.91
4.01 3.09 9.73 6.37 1.29
2.44 3.24 3.99 3.40 1.44
4.42 8.16 1.63 4.78 3.23
3.25 9.88 9.61 2.09 6.38
2.75 1.00 4.40 5.52 8.12
8.83 4.77 9.06 9.13 8.75
7.49 4.12 2.02 4.17 3.95
2.25 2.34 9.33 5.71 4.66
7.64 3.48 3.79 1.01 8.72
2.02 5.37 3.28 8.55 8.76
4.75 1.41 4.67 4.59 9.72
8.16 1.47 3.02 5.22 6.20
3.56 6.86 1.51 8.81 2.11
4.21 7.26 3.76 9.90 5.22
5.44 5.78 3.47 2.99 7.71
3.83 1.80 2.08 4.96 7.88
8.77 2.91 5.98 9.25 7.41
8.73 7.88 8.90 9.93 7.36
7.11 6.63 5.23 1.37 3.21
9.04 6.70 4.78 7.61 8.43
3.47 1.71 7.35 6.64 2.54
9.18 3.75 8.61 9.58 3.05
2.95 7.97 2.42 2.71 2.35
7.87 1.21 1.28 3.64 8.31
7.90 7.13 9.87 6.14 7.80
6.68 3.96 5.84 3.10 7.46
2.60 4.54 3.26 1.78 8.64
9.52 7.45 5.40 6.66 8.64
5.70 2.90 5.91 7.54 2.04
8.63 5.55 6.65 5.26 9.91
7.06 4.23 6.90 2.61 7.15
3.94 3.11 7.20 9.73 7.56
9.27 3.46 8.40 3.77 9.38
4.73 3.18 2.51 5.16 2.53
4.99 8.71 8.14 9.55 1.93
4.11 6.47 7.07 3.59 5.67
4.97 1.08 8.98 5.03 6.83
6.59 8.20 4.90 4.87 9.41
3.09 2.27 5.48 5.74 8.56
6.77 8.03 1.38 7.79 4.74
6.31 4.92 6.83 7.98 2.30
9.84 7.13 3.72 3.70 8.23
5.46 7.16 4.91 7.63 9.45
5.43 7.85 1.12 3.84 3.83
8.05 5.51 6.87 2.16 4.80
2.81 1.65 5.35 6.01 4.86
7.20 7.99 9.94 7.09 3.84
7.67 7.49 4.70 1.49 8.95
4.63 8.48 1.83 6.64 5.92
3.97 2.69 4.82 2.69 8.52
7.98 6.46 7.30 6.72 3.72
7.86 6.45 7.25 4.52 2.51
9.14 6.46 5.96 7.95 4.71
9.33 2.22 6.37 9.35 3.44
1.02 8.54 8.12 6.24 9.09
1.71 5.03 1.63 7.72 8.75
8.13 7.41 5.78 6.67 7.49
2.66 9.10 4.99 9.94 8.08
5.09 4.53 6.13 9.82 2.19
6.88 7.87 9.73 6.15 2.16
1.72 4.26 4.63 5.20 9.69
8.50 1.42 1.94 5.77 3.23
4.60 7.17 8.98 5.38 4.96
3.47 8.77 3.54 4.79 5.52
8.21 2.79 8.38 2.13 9.63
4.18 8.87 7.18 2.42 2.38
5.74 8.01 4.84 3.25 6.46
1.32 2.72 4.64 1.97 1.31
3.55 4.66 3.69 3.73 3.40
7.53 2.59 3.66 6.99 8.44
9.30 3.46 2.00 2.01 3.00
3.86 6.06 9.25 7.30 6.91
1.14 9.06 8.15 7.47 5.19
7.45 4.62 1.33 2.13 6.13
2.53 9.72 8.85 4.43 3.80
2.02 8.84 8.35 4.14 4.01
2.68 7.46 2.35 2.23 8.55
9.45 8.28 9.67 5.08 2.83
8.88 1.94 4.41 4.19 1.13
4.04 6.85 9.50 5.37 1.38
5.34 7.97 7.16 9.30 3.16
1.51 9.64 5.50 3.42 9.36
1.13 4.22 1.31 1.68 5.00
9.22 7.42 5.45 6.78 8.76
5.60 6.29 2.97 5.57 3.43
1.10 3.63 5.49 9.17 9.39
8.39 3.31 5.63 4.12 9.77
6.62 7.43 6.56 5.00 4.73
8.11 6.97 6.36 5.72 1.04
6.21 2.07 4.77 1.05 2.29
2.14 7.79 3.63 7.72 8.61
6.63 2.26 1.30 6.20 7.92
6.47 1.11 3.10 7.36 8.61
6.79 9.78 3.76 2.80 3.07
3.35 5.97 6.20 3.71 4.34
3.72 9.50 5.91 6.69 4.35
2.82 2.29 1.17 4.27 8.59
9.83 8.64 2.51 6.05 7.72
6.61 9.85 1.83 5.41 8.28
6.43 4.16 8.13 8.33 1.48
5.83 8.65 5.60 1.42 3.36
4.48 2.21 1.05 9.40 5.05
5.62 7.00 5.36 8.45 8.05
3.45 8.91 6.80 5.18 8.43
7.82 9.92 7.95 1.63 8.38
4.70 3.32 3.99 3.06 6.32
4.92 1.00 4.40 6.70 5.07
1.60 2.17 6.06 3.69 7.35
4.19 6.27 8.27 8.25 4.33
3.37 5.54 2.50 6.98 8.67
5.21 2.11 2.16 8.02 1.75
7.07 9.95 3.64 1.33 9.93
9.73 6.05 8.20 2.76 8.09
6.17 3.04 1.74 3.98 1.95
3.11 5.10 5.71 3.23 3.86
4.47 6.34 7.86 6.94 8.46
5.39 1.18 5.29 9.84 5.72
2.15 9.33 5.00 1.38 2.03
2.36 5.94 1.82 5.74 9.35
6.11 6.80 7.69 7.96 8.62
7.12 9.07 7.93 3.61 6.51
9.18 8.45 2.58 7.70 8.97
2.84 8.14 1.46 4.88 8.49
5.21 1.34 6.27 7.70 8.59
8.83 1.13 5.11 5.02 4.28
1.29 2.73 3.20 1.01 7.23
6.33 5.18 5.96 5.63 8.38
7.30 1.97 7.49 3.23 6.57
4.80 3.44 6.94 5.51 1.34
6.47 6.19 5.49 8.67 5.94
1.11 2.81 3.79 7.64 8.32
1.23 9.25 9.38 6.22 8.58
1.34 3.91 7.15 9.03 4.67
3.44 7.03 8.86 7.91 6.81
7.32 7.68 6.03 7.38 5.62
3.87 4.50 4.85 7.59 2.44
8.30 8.70 2.24 6.46 7.91
5.29 2.79 3.99 3.01 8.89
4.53 1.33 4.19 6.10 8.35
3.89 1.97 7.40 8.65 7.19
4.98 3.61 3.06 5.56 4.00
6.31 7.65 8.90 7.63 9.51
3.50 2.04 2.57 5.43 9.50
8.24 9.88 5.40 1.52 3.62
7.28 6.70 8.30 9.38 9.48
1.08 5.68 6.02 9.57 9.61
6.63 4.52 7.98 9.92 2.23
9.28 7.50 2.32 6.09 2.42
1.22 2.91 2.27 3.27 7.94
1.28 5.37 3.27 6.41 4.34
3.53 1.50 3.50 8.55 3.11
5.86 7.38 6.18 7.34 2.46
3.37 7.49 9.46 1.73 5.78
7.39 2.85 5.54 6.72 7.10
9.12 1.50 6.32 2.70 9.34
9.34 6.05 9.41 6.35 9.18
2.61 5.57 9.75 9.72 5.94
3.66 5.63 1.85 7.67 4.64
9.79 6.26 8.11 1.50 1.88
2.40 3.90 4.03 8.43 6.52
8.85 4.29 1.99 2.46 4.49
3.18 4.04 3.00 2.10 4.82
7.12 7.61 6.25 5.33 7.32
9.54 2.15 1.97 3.43 8.00
4.59 2.21 1.97 6.03 2.13
3.57 4.96 6.06 6.11 8.80
5.12 8.47 2.99 7.03 9.62
5.37 2.90 3.05 4.01 1.38
4.12 6.27 6.89 6.41 7.51
7.92 6.71 7.93 4.86 5.50
9.37 3.72 3.02 3.05 5.57
2.27 7.68 6.81 4.79 8.99
7.67 6.62 8.24 7.78 2.25
1.05 9.46 4.62 7.90 5.13
2.94 9.25 5.21 7.66 6.10
4.65 7.67 6.88 9.86 9.83
8.21 6.75 1.96 3.72 5.02
2.18 6.44 6.77 4.09 6.60
3.27 3.71 3.32 4.40 3.56
9.91 6.72 1.34 2.05 9.24
5.82 8.22 6.03 3.21 6.38
4.00 2.19 4.58 1.27 3.67
3.97 1.83 7.79 2.10 8.84
9.41 6.48 8.17 2.22 9.41
3.43 2.03 3.56 4.37 2.61
8.92 4.03 3.82 6.47 9.41
1.78 8.06 2.19 1.66 2.06
3.69 9.32 4.29 2.51 1.13
1.21 9.22 6.27 3.58 8.73
8.43 3.71 6.27 3.56 3.39
3.25 2.01 9.19 5.03 1.24
4.07 9.18 2.01 7.09 1.65
4.01 3.79 4.36 2.35 4.63
8.06 7.17 4.60 1.29 2.43
7.27 7.36 3.59 8.60 7.76
4.20 5.18 6.83 2.36 6.39
7.03 8.48 7.59 7.51 3.49
4.70 8.19 3.68 9.77 8.13
9.99 3.17 1.52 5.21 1.45
1.12 4.64 5.21 3.34 8.45
6.56 3.13 8.47 5.60 3.11
6.78 3.43 9.16 2.00 3.06
1.67 9.64 9.37 1.97 3.56
4.62 6.65 5.87 5.71 5.30
7.12 8.25 6.33 9.46 6.21
8.62 2.57 7.44 9.52 6.57
1.84 4.18 5.89 5.23 8.74
9.65 2.90 5.90 2.27 4.93
3.73 2.84 1.55 3.22 7.25
2.18 2.18 2.94 1.46 7.64
7.18 6.38 9.76 9.66 3.51
4.22 8.92 2.65 5.20 2.37
7.83 5.75 2.15 4.42 1.24
2.02 2.05 6.08 7.43 8.85
1.79 7.97 1.35 7.74 6.62
9.66 3.70 8.07 8.90 5.68
3.01 8.17 9.13 7.91 4.81
2.73 3.30 3.97 6.41 4.05
7.78 5.15 3.70 9.88 3.37
3.32 9.20 9.00 5.48 1.53
8.39 6.57 4.42 6.41 4.74
1.69 5.24 2.34 4.93 9.92
6.02 6.44 3.13 5.05 4.59
6.47 8.73 9.46 3.10 5.78
7.65 9.21 5.39 9.76 8.01
7.09 6.55 4.28 6.15 3.58
9.66 3.58 6.39 9.12 9.89
1.16 2.62 4.50 1.35 3.52
9.04 8.34 3.08 3.98 5.34
9.65 3.64 2.36 8.83 7.24
3.93 5.47 7.15 4.47 2.72
1.68 3.96 8.95 4.09 3.61
9.64 5.78 6.11 4.79 2.50
1.80 2.86 4.68 8.38 8.85
1.63 3.66 5.59 7.85 9.24
4.03 5.69 5.43 9.17 2.92
8.66 1.76 9.70 7.94 7.30
5.31 2.69 3.62 1.88 9.31
6.23 3.95 2.70 4.62 6.78
2.08 3.88 5.17 5.54 2.23
7.98 6.27 6.75 4.90 8.30
8.13 1.52 8.81 8.74 8.61
3.50 7.06 2.45 8.51 7.65
1.04 4.19 4.85 1.93 5.39
9.27 5.14 8.73 1.11 3.06
9.35 3.50 4.70 1.78 1.79
7.95 5.94 9.22 3.77 6.73
9.77 5.68 7.75 5.46 4.36
8.05 3.78 4.79 1.06 6.87
9.38 9.56 4.78 6.73 6.17
7.70 5.44 5.39 9.88 6.59
7.08 6.61 3.32 2.65 8.95
7.13 5.10 6.14 2.71 4.32
6.39 4.36 2.44 4.62 4.08
4.95 4.13 5.11 7.04 7.28
6.47 2.45 9.50 9.98 5.61
2.51 1.64 5.52 2.54 7.16
8.37 2.57 8.21 4.54 2.77
7.50 7.31 2.29 1.12 8.25
6.34 4.89 4.41 6.36 5.85
7.43 6.39 8.69 8.26 1.52
6.18 8.78 5.16 2.87 6.75
6.18 9.36 8.52 4.05 9.73
4.94 2.39 4.92 1.53 2.49
2.93 3.24 1.86 2.66 8.78
6.84 6.34 6.64 6.71 3.53
3.53 2.91 2.20 3.24 6.52
9.72 3.32 6.86 7.33 9.59
1.20 6.68 4.24 8.94 6.24
8.53 7.62 6.69 2.74 6.37
9.76 8.04 3.96 7.30 1.45
8.00 4.59 8.65 8.78 2.00
3.68 8.53 6.01 2.13 2.47
7.92 2.83 4.88 4.17 9.47
7.87 2.67 8.03 6.54 9.15
7.83 3.15 6.17 6.43 9.12
1.31 4.23 8.98 1.93 8.00
2.11 6.03 6.64 2.49 4.19
4.52 7.77 7.52 7.99 2.60
5.26 5.02 8.07 3.60 6.16
5.94 6.91 3.01 6.08 5.87
6.03 8.36 7.15 2.48 8.29
3.76 5.52 9.83 6.47 6.04
7.00 6.80 8.03 5.59 6.70
4.62 7.29 4.85 7.61 1.58
4.29 6.46 6.14 2.57 8.88
3.33 7.43 6.08 2.88 7.93
3.11 4.15 8.72 3.74 7.99
2.53 1.82 4.87 1.45 2.35
7.74 2.01 5.85 5.31 2.66
7.10 1.21 6.05 7.54 6.70
9.63 1.34 1.65 3.08 6.06
5.05 6.99 8.39 7.01 2.81
9.06 5.61 7.12 2.27 4.77
1.21 5.38 9.83 6.56 3.67
4.76 2.22 8.71 1.36 3.03
9.33 6.61 6.79 6.22 1.41
1.73 2.28 9.65 6.62 6.67
8.07 2.73 8.76 4.36 7.68
6.67 7.22 8.04 3.90 8.98
8.30 8.51 2.75 8.37 5.25
5.16 3.23 3.21 5.93 7.98
8.97 4.67 4.05 8.94 6.72
6.48 6.58 7.33 7.29 6.84
9.33 3.51 6.68 7.66 3.99
9.77 3.81 8.11 5.60 7.49
5.71 1.53 7.51 7.15 7.97
7.24 6.19 9.00 7.17 4.71
7.51 6.01 2.78 2.96 2.40
8.92 1.71 7.22 7.90 1.75
9.85 6.42 6.11 8.10 2.79
4.55 7.43 9.97 5.66 5.89
5.84 7.44 5.69 7.73 4.32
5.55 6.69 8.52 1.26 8.46
2.31 9.94 5.33 8.02 5.06
8.55 4.03 4.73 8.30 5.12
7.94 9.00 9.64 1.86 3.13
6.91 8.84 7.50 2.37 2.92
3.42 7.87 4.47 5.78 9.31
7.31 1.21 5.18 8.10 6.28
4.79 5.06 6.79 6.73 4.32
3.16 6.31 2.68 3.85 1.90
5.33 3.29 2.49 2.03 2.29
6.29 9.51 6.12 1.86 7.79
4.96 3.38 1.70 5.73 9.60
4.56 1.70 7.27 2.31 3.31
2.40 7.62 3.68 6.44 3.33
3.65 6.51 2.41 6.13 7.99
6.83 1.28 4.80 9.80 4.16
4.66 9.80 8.03 9.71 5.40
5.45 8.72 3.59 9.95 7.37
4.73 1.20 5.14 9.62 9.31
8.82 4.69 6.46 9.66 3.66
8.77 1.37 4.58 6.57 6.85
4.44 5.17 6.78 3.70 1.72
4.83 2.95 4.18 3.18 5.66
2.60 3.10 2.88 7.41 6.99
2.61 5.50 9.27 2.94 9.64
9.65 1.36 9.12 2.20 6.06
1.97 8.30 6.08 2.05 6.51
1.81 1.89 3.24 1.86 2.18
4.92 7.45 3.83 8.52 2.24
5.99 1.94 5.92 3.73 3.75
1.05 9.17 6.27 8.35 4.72
2.27 8.87 4.24 8.73 8.58
7.47 6.02 3.31 2.13 8.99
3.09 9.67 7.44 6.73 9.73
5.94 7.90 8.48 7.66 3.84
6.14 1.69 4.10 3.92 8.87
5.42 1.79 7.15 1.78 9.78
5.05 9.48 4.83 1.31 1.78
6.27 2.74 3.66 5.23 8.56
2.91 8.21 4.04 5.43 2.35
4.75 6.45 1.69 8.17 5.17
4.29 3.27 8.33 5.03 5.44
4.82 2.46 4.30 4.18 9.19
1.26 1.07 6.70 6.30 6.90
8.83 2.10 3.95 5.78 3.42
6.08 2.24 7.78 4.29 9.25
9.50 3.88 5.44 7.19 1.80
3.65 6.35 1.87 7.71 7.27
5.46 9.35 3.37 1.51 2.05
9.50 1.33 9.19 1.51 2.38
7.21 1.06 4.62 4.78 8.67
4.39 9.52 4.88 2.05 5.43
4.07 8.38 9.11 7.78 3.57
9.46 9.79 5.41 6.91 3.49
4.41 6.82 8.13 2.67 8.09
8.77 1.45 9.02 7.13 9.09
2.17 2.20 8.99 8.12 6.86
6.44 4.89 7.06 1.45 2.45
5.53 1.07 3.99 5.35 1.20
8.10 5.25 1.11 6.07 8.49
7.49 2.69 6.41 8.65 4.41
8.20 8.91 5.31 1.89 5.88
1.59 7.09 2.12 2.12 9.81
1.22 6.94 1.54 8.05 5.72
1.41 6.68 7.83 5.58 9.30
8.96 2.67 3.99 9.15 3.99
2.97 3.58 9.36 1.84 6.91
9.78 3.23 3.95 1.99 3.63
8.74 8.04 8.04 3.53 5.88
4.10 4.69 2.92 5.47 9.51
8.84 4.35 3.73 7.77 7.64
1.87 4.17 2.80 1.34 5.77
9.42 7.79 6.92 1.11 4.86
1.18 1.55 1.94 1.45 9.81
8.44 3.88 8.08 4.83 3.28
4.76 5.92 8.14 7.54 3.60
7.32 9.56 2.69 1.69 9.29
7.77 3.93 2.30 1.13 7.54
5.80 5.25 4.88 1.07 1.59
4.00 2.99 6.84 9.54 8.12
2.31 6.67 6.40 1.15 4.61
4.53 4.06 9.09 9.61 2.43
7.93 2.36 1.37 6.28 9.25
2.96 1.81 7.81 5.87 7.41
6.68 6.61 7.28 7.11 7.63
8.96 7.28 6.25 4.01 8.63
9.99 1.81 2.43 4.59 9.24
9.23 3.54 6.81 4.44 2.44
6.60 2.24 4.72 2.14 7.69
2.15 1.08 2.58 1.55 7.07
9.91 1.79 9.76 1.98 8.32
8.19 6.74 9.11 4.59 3.06
4.88 9.48 3.95 4.71 5.06
7.80 2.27 2.79 3.74 2.32
8.48 5.20 6.93 8.47 8.28
2.23 8.33 1.26 9.64 3.51
6.74 6.34 7.03 7.67 9.06
1.29 6.08 7.75 6.44 7.06
8.38 4.35 5.34 5.14 1.90
6.93 6.32 2.62 1.63 8.41
6.08 9.67 2.99 2.39 2.60
5.32 6.98 6.37 7.26 4.94
4.25 6.00 5.90 9.18 8.03
4.21 2.88 6.44 3.88 4.44
4.89 9.29 5.90 2.01 3.17
7.58 1.82 5.98 6.78 4.86
5.28 1.11 7.29 3.94 2.58
2.56 1.78 3.45 5.20 9.26
9.67 4.37 7.12 1.79 6.34
2.63 7.25 3.05 9.67 4.22
7.54 7.88 8.61 7.00 5.89
2.48 6.60 9.56 3.89 6.21
5.45 4.32 4.59 5.36 7.78
5.76 4.99 4.42 2.77 1.67
8.33 7.23 9.65 1.24 2.06
5.43 8.89 7.87 6.47 6.27
7.92 9.95 8.70 5.88 1.46
1.33 6.19 1.01 1.30 4.09
3.24 7.50 7.91 9.70 1.58
3.68 7.92 7.49 1.34 9.39
9.68 8.35 4.60 6.79 8.12
3.32 4.93 7.99 5.43 3.94
7.81 8.76 7.34 6.10 6.58
8.35 6.34 2.67 5.61 2.86
7.04 4.91 8.54 5.55 7.45
8.91 7.98 3.34 1.52 4.92
5.75 6.29 4.17 2.96 1.68
6.11 8.43 1.31 2.75 1.51
4.82 4.66 2.36 1.77 6.41
1.92 6.02 8.11 5.84 8.76
9.86 7.17 2.17 3.22 2.45
4.89 7.37 2.11 9.31 6.54
6.28 1.71 2.04 5.85 4.46
8.69 2.52 4.30 8.38 9.67
5.41 7.07 2.44 4.94 2.71
4.26 7.60 4.50 2.77 6.06
2.07 5.56 2.38 9.46 8.87
1.32 4.04 3.90 7.86 6.74
5.56 2.29 9.32 9.21 8.81
8.88 7.39 5.78 2.86 8.71
2.06 3.19 6.42 1.35 7.82
2.89 9.18 5.93 1.59 4.79
5.23 4.91 2.06 3.34 9.33
2.41 9.12 1.86 8.77 5.79
4.83 5.34 4.16 8.48 3.96
9.62 1.36 7.19 2.79 1.67
4.58 6.96 8.37 1.16 2.05
4.26 3.53 5.88 7.08 4.70

Demandas:
0 0 0 0 0 0 1
1 0 0 0 0 0 0
1 0 0 0 0 0 0
0 0 0 0 0 0 1
1 0 0 0 0 0 0
0 0 0 0 0 1 0
0 1 0 0 0 0 0
0 0 0 1 0 0 0
0 0 0 0 0 1 0
0 0 0 0 0 0 1
0 0 1 0 0 0 0
0 0 0 1 0 0 0
0 0 0 0 0 1 0
0 0 0 1 0 0 0
0 0 1 0 0 0 0
0 0 0 0 0 1 0
0 0 1 0 0 0 0
1 0 0 0 0 0 0
0 0 0 0 0 0 1
0 0 1 0 0 0 0
0 0 0 0 0 0 1
0 1 0 0 0 0 0
1 0 0 0 0 0 0
1 0 0 0 0 0 0
0 0 0 0 0 1 0
0 0 0 0 0 0 1
0 1 0 0 0 0 0
0 0 0 0 0 1 0
0 0 0 0 1 0 0
1 0 0 0 0 0 0
0 1 0 0 0 0 0
0 0 0 0 0 1 0
1 0 0 0 0 0 0
0 0 0 0 0 1 0
0 0 1 0 0 0 0
1 0 0 0 0 0 0
0 1 0 0 0 0 0
0 1 0 0 0 0 0
0 1 0 0 0 0 0
0 0 1 0 0 0 0
0 1 0 0 0 0 0
1 0 0 0 0 0 0
0 0 0 0 0 1 0
0 0 0 1 0 0 0
0 0 0 1 0 0 0
0 0 0 0 0 0 1
0 1 0 0 0 0 0
0 1 0 0 0 0 0
0 0 0 0 1 0 0
0 0 1 0 0 0 0
0 0 0 0 0 1 0
0 0 1 0 0 0 0
0 0 0 0 0 0 1
0 0 0 1 0 0 0
0 0 0 0 0 0 1
0 0 0 0 0 1 0
1 0 0 0 0 0 0
0 0 1 0 0 0 0
0 1 0 0 0 0 0
0 0 1 0 0 0 0
0 0 0 0 0 1 0
0 0 0 0 0 0 1
0 0 0 0 0 0 1
0 0 0 0 0 1 0
1 0 0 0 0 0 0
0 0 0 0 0 1 0
0 0 0 0 1 0 0
0 0 0 0 1 0 0
0 0 1 0 0 0 0
0 0 0 0 0 0 1
0 0 1 0 0 0 0
0 0 0 0 0 1 0
0 0 0 0 0 0 1
0 0 0 0 1 0 0
0 0 0 0 0 1 0
0 0 0 1 0 0 0
0 0 0 0 0 1 0
1 0 0 0 0 0 0
0 0 0 1 0 0 0
0 1 0 0 0 0 0
0 0 0 0 1 0 0
0 0 0 0 1 0 0
1 0 0 0 0 0 0
0 1 0 0 0 0 0
1 0 0 0 0 0 0
1 0 0 0 0 0 0
0 1 0 0 0 0 0
1 0 0 0 0 0 0
0 0 0 0 0 0 1
0 1 0 0 0 0 0
0 1 0 0 0 0 0
0 0 0 0 1 0 0
0 0 0 1 0 0 0
0 0 0 1 0 0 0
0 0 1 0 0 0 0
0 1 0 0 0 0 0
0 0 1 0 0 0 0
1 0 0 0 0 0 0
0 0 0 0 0 0 1
0 0 0 0 0 1 0
0 0 0 0 0 0 1
1 0 0 0 0 0 0
0 0 0 1 0 0 0
0 0 0 1 0 0 0
0 1 0 0 0 0 0
0 0 0 0 1 0 0
0 0 0 0 0 1 0
0 0 1 0 0 0 0
0 0 0 0 1 0 0
0 0 0 0 1 0 0
0 0 0 0 0 0 1
0 0 0 0 1 0 0
0 0 0 0 0 0 1
0 0 1 0 0 0 0
0 0 0 0 0 1 0
0 0 0 0 0 1 0
0 1 0 0 0 0 0
0 0 0 0 0 0 1
1 0 0 0 0 0 0
0 0 1 0 0 0 0
0 0 0 0 1 0 0
0 0 0 1 0 0 0
0 0 0 0 1 0 0
0 0 0 0 0 1 0
0 0 0 0 1 0 0
0 1 0 0 0 0 0
0 0 0 0 0 1 0
0 0 1 0 0 0 0
0 0 0 0 0 0 1
0 0 0 0 0 1 0
1 0 0 0 0 0 0
0 0 1 0 0 0 0
0 0 0 0 1 0 0
0 0 0 1 0 0 0
0 0 0 0 0 1 0
0 0 0 0 0 0 1
0 0 0 1 0 0 0
0 0 0 0 1 0 0
0 1 0 0 0 0 0
0 1 0 0 0 0 0
0 0 1 0 0 0 0
1 0 0 0 0 0 0
0 1 0 0 0 0 0
1 0 0 0 0 0 0
0 0 0 0 0 1 0
0 0 0 0 0 1 0
0 0 1 0 0 0 0
0 0 0 1 0 0 0
0 0 0 1 0 0 0
0 0 0 0 0 1 0
0 1 0 0 0 0 0
0 0 0 0 0 1 0
0 0 1 0 0 0 0
0 0 0 0 1 0 0
0 0 0 1 0 0 0
0 0 0 0 0 0 1
0 0 0 0 1 0 0
0 0 0 1 0 0 0
0 1 0 0 0 0 0
0 0 0 0 0 0 1
0 1 0 0 0 0 0
1 0 0 0 0 0 0
0 0 0 0 0 1 0
0 0 1 0 0 0 0
1 0 0 0 0 0 0
0 0 0 0 0 0 1
0 0 0 0 0 0 1
0 0 0 1 0 0 0
0 0 0 1 0 0 0
0 0 0 1 0 0 0
0 0 0 0 0 0 1
0 1 0 0 0 0 0
0 1 0 0 0 0 0
1 0 0 0 0 0 0
0 0 0 0 0 0 1
0 0 0 1 0 0 0
0 0 0 0 1 0 0
0 0 0 0 0 0 1
0 0 0 0 0 0 1
0 0 0 1 0 0 0
1 0 0 0 0 0 0
0 0 0 1 0 0 0
1 0 0 0 0 0 0
0 0 0 0 0 1 0
0 0 0 0 1 0 0
0 0 0 1 0 0 0
0 0 0 1 0 0 0
0 0 0 0 0 0 1
0 0 0 0 0 0 1
0 0 0 1 0 0 0
0 0 1 0 0 0 0
0 0 1 0 0 0 0
0 0 1 0 0 0 0
1 0 0 0 0 0 0
0 0 1 0 0 0 0
0 1 0 0 0 0 0
0 0 0 0 0 1 0
0 0 0 0 1 0 0
0 0 1 0 0 0 0
0 0 0 1 0 0 0
0 0 0 0 1 0 0
0 0 0 0 0 1 0
0 1 0 0 0 0 0
0 0 0 1 0 0 0
0 1 0 0 0 0 0
0 0 0 0 1 0 0
0 0 1 0 0 0 0
1 0 0 0 0 0 0
1 0 0 0 0 0 0
0 0 0 0 1 0 0
0 0 1 0 0 0 0
0 0 0 1 0 0 0
0 0 0 0 0 1 0
0 0 1 0 0 0 0
0 1 0 0 0 0 0
0 0 0 0 0 1 0
0 0 0 0 0 0 1
0 0 0 0 1 0 0
0 0 0 1 0 0 0
0 0 1 0 0 0 0
0 1 0 0 0 0 0
1 0 0 0 0 0 0
0 0 0 0 0 0 1
1 0 0 0 0 0 0
1 0 0 0 0 0 0
0 0 0 0 0 0 1
0 0 1 0 0 0 0
0 0 0 0 0 1 0
1 0 0 0 0 0 0
1 0 0 0 0 0 0
0 0 0 0 1 0 0
0 0 1 0 0 0 0
0 0 0 0 0 1 0
0 0 1 0 0 0 0
0 0 0 1 0 0 0
0 1 0 0 0 0 0
0 0 0 0 1 0 0
1 0 0 0 0 0 0
0 0 0 1 0 0 0
0 0 0 0 0 0 1
0 0 0 0 1 0 0
0 0 0 0 0 0 1
0 0 0 0 0 1 0
0 0 0 0 0 0 1
1 0 0 0 0 0 0
0 1 0 0 0 0 0
0 1 0 0 0 0 0
0 0 0 0 0 1 0
0 1 0 0 0 0 0
0 0 0 0 1 0 0
0 0 0 0 0 1 0
0 1 0 0 0 0 0
0 0 0 0 0 1 0
0 0 1 0 0 0 0
1 0 0 0 0 0 0
0 0 0 0 0 0 1
0 0 1 0 0 0 0
0 0 0 0 0 0 1
0 0 0 0 0 0 1
0 0 0 0 0 1 0
0 0 0 0 0 1 0
0 1 0 0 0 0 0
1 0 0 0 0 0 0
0 0 1 0 0 0 0
0 1 0 0 0 0 0
0 0 0 0 0 1 0
0 0 0 0 0 1 0
0 0 0 0 0 0 1
1 0 0 0 0 0 0
0 0 1 0 0 0 0
0 1 0 0 0 0 0
0 0 0 1 0 0 0
0 0 0 1 0 0 0
0 0 0 0 1 0 0
0 0 0 0 0 0 1
0 1 0 0 0 0 0
0 0 1 0 0 0 0
0 0 0 1 0 0 0
0 0 0 0 1 0 0
0 0 0 0 1 0 0
0 0 1 0 0 0 0
0 0 0 1 0 0 0
0 0 0 1 0 0 0
1 0 0 0 0 0 0
0 0 0 0 0 1 0
0 1 0 0 0 0 0
1 0 0 0 0 0 0
1 0 0 0 0 0 0
0 0 0 0 0 1 0
0 0 0 1 0 0 0
0 0 0 0 0 0 1
0 0 0 0 0 1 0
1 0 0 0 0 0 0
0 0 1 0 0 0 0
0 0 0 0 0 1 0
0 0 0 0 1 0 0
0 0 1 0 0 0 0
0 0 1 0 0 0 0
1 0 0 0 0 0 0
0 0 0 0 0 0 1
0 0 0 0 0 0 1
0 0 0 0 0 1 0
0 0 0 1 0 0 0
0 0 0 0 0 0 1
0 0 0 1 0 0 0
0 0 0 0 1 0 0
0 0 0 1 0 0 0
1 0 0 0 0 0 0
0 0 0 0 1 0 0
0 0 0 0 0 0 1
0 0 0 0 0 1 0
0 0 0 0 1 0 0
0 0 0 0 1 0 0
0 0 1 0 0 0 0
0 0 0 0 1 0 0
0 0 1 0 0 0 0
0 0 1 0 0 0 0
0 0 0 0 1 0 0
0 0 0 0 0 0 1
0 0 1 0 0 0 0
0 0 0 0 1 0 0
0 0 0 0 1 0 0
1 0 0 0 0 0 0
0 0 0 0 0 1 0
1 0 0 0 0 0 0
1 0 0 0 0 0 0
0 0 0 0 0 1 0
0 0 0 0 1 0 0
0 1 0 0 0 0 0
0 1 0 0 0 0 0
0 0 0 0 0 1 0
0 0 1 0 0 0 0
0 0 1 0 0 0 0
0 1 0 0 0 0 0
0 1 0 0 0 0 0
1 0 0 0 0 0 0
0 0 0 0 0 1 0
0 0 0 0 0 0 1
0 0 0 1 0 0 0
1 0 0 0 0 0 0
0 0 0 0 1 0 0
0 0 0 1 0 0 0
0 0 0 1 0 0 0
0 0 0 0 0 0 1
0 0 1 0 0 0 0
0 1 0 0 0 0 0
0 0 0 0 1 0 0
1 0 0 0 0 0 0
0 0 1 0 0 0 0
0 0 0 1 0 0 0
0 0 0 0 1 0 0
0 1 0 0 0 0 0
1 0 0 0 0 0 0
0 0 0 0 0 0 1
0 0 0 0 0 1 0
0 0 1 0 0 0 0
1 0 0 0 0 0 0
0 0 0 1 0 0 0
1 0 0 0 0 0 0
0 0 0 0 0 1 0
0 0 0 0 0 0 1
0 1 0 0 0 0 0
0 1 0 0 0 0 0
0 0 0 0 0 1 0
0 0 1 0 0 0 0
0 0 0 1 0 0 0
0 0 0 0 1 0 0
1 0 0 0 0 0 0
0 0 1 0 0 0 0
0 0 0 1 0 0 0
0 1 0 0 0 0 0
0 0 0 0 1 0 0
0 0 0 0 1 0 0
0 0 0 0 0 0 1
0 0 0 0 0 0 1
0 0 0 0 1 0 0
0 0 1 0 0 0 0
0 0 0 0 0 1 0
0 0 1 0 0 0 0
0 0 1 0 0 0 0
0 0 1 0 0 0 0
0 0 0 1 0 0 0
0 0 0 0 0 0 1
0 0 0 1 0 0 0
0 0 1 0 0 0 0
0 0 1 0 0 0 0
0 0 1 0 0 0 0
0 1 0 0 0 0 0
1 0 0 0 0 0 0
0 0 0 0 1 0 0
0 0 0 0 0 0 1
0 0 1 0 0 0 0
0 0 0 0 1 0 0
0 0 1 0 0 0 0
0 1 0 0 0 0 0
0 0 1 0 0 0 0
0 0 0 0 0 0 1
0 0 1 0 0 0 0
0 0 0 1 0 0 0
0 0 0 0 0 1 0
0 0 0 0 0 1 0
0 1 0 0 0 0 0
0 0 0 1 0 0 0
0 0 0 0 0 0 1
0 0 0 0 0 1 0
0 0 0 0 1 0 0
0 0 0 0 0 0 1
0 0 1 0 0 0 0
0 0 0 0 1 0 0
0 0 0 0 0 1 0
1 0 0 0 0 0 0
0 0 1 0 0 0 0
1 0 0 0 0 0 0
0 0 0 1 0 0 0
0 0 1 0 0 0 0
0 0 0 0 0 0 1
0 0 0 0 1 0 0
0 0 0 0 1 0 0
0 0 0 0 0 1 0
0 0 0 0 0 0 1
0 0 0 0 0 0 1
0 1 0 0 0 0 0
0 0 0 0 0 0 1
0 0 0 0 1 0 0
0 0 0 0 1 0 0
0 0 1 0 0 0 0
0 0 0 1 0 0 0
0 0 0 0 1 0 0
0 0 0 0 0 1 0
0 0 0 0 0 0 1
0 0 0 1 0 0 0
1 0 0 0 0 0 0
0 0 0 0 0 1 0
0 0 1 0 0 0 0
0 0 0 0 0 1 0
0 0 1 0 0 0 0
0 0 0 0 1 0 0
0 0 0 1 0 0 0
0 0 1 0 0 0 0
1 0 0 0 0 0 0
0 0 0 0 0 0 1
0 1 0 0 0 0 0
0 0 0 0 0 0 1
0 1 0 0 0 0 0
0 0 0 0 1 0 0
0 0 0 1 0 0 0
1 0 0 0 0 0 0
0 0 0 0 0 0 1
0 0 1 0 0 0 0
0 0 0 0 0 0 1
0 0 1 0 0 0 0
0 0 0 1 0 0 0
0 0 0 0 1 0 0
0 0 0 0 0 1 0
0 0 0 1 0 0 0
0 0 0 0 0 0 1
0 0 0 0 1 0 0
1 0 0 0 0 0 0
0 0 0 0 0 1 0
0 0 0 0 0 1 0
0 0 0 0 0 0 1
0 0 0 0 0 0 1
0 0 0 0 1 0 0
0 0 0 1 0 0 0
0 0 1 0 0 0 0
0 0 0 0 1 0 0
1 0 0 0 0 0 0
0 0 1 0 0 0 0
0 0 0 0 0 0 1
0 0 0 0 1 0 0
0 0 0 0 1 0 0
1 0 0 0 0 0 0
0 0 1 0 0 0 0
0 0 0 1 0 0 0
0 0 0 0 0 1 0
0 0 0 1 0 0 0
1 0 0 0 0 0 0
0 1 0 0 0 0 0
0 1 0 0 0 0 0
0 0 0 1 0 0 0
0 0 1 0 0 0 0
0 0 1 0 0 0 0
0 0 0 0 0 0 1
0 0 0 0 1 0 0
0 0 0 0 0 1 0
0 0 0 0 0 1 0
0 0 0 0 1 0 0
0 0 0 1 0 0 0
0 0 0 0 0 0 1
0 0 0 1 0 0 0
0 0 0 1 0 0 0
0 0 0 0 1 0 0
0 0 1 0 0 0 0
1 0 0 0 0 0 0
0 0 0 0 0 0 1
0 0 0 0 0 1 0
1 0 0 0 0 0 0
0 0 0 1 0 0 0
0 1 0 0 0 0 0
0 1 0 0 0 0 0

Capacidades:
22 44 0 50 29 55 55
47 29 20 46 46 53 42
48 45 49 49 57 0 34
40 24 23 52 38 21 29
31 23 31 59 27 31 24
