m: 1000
n: 10
p: 6

Distancias:
6.54 1.65 4.02 8.88 2.35 3.68 5.40 1.51 4.78 3.71
8.23 8.36 6.62 3.66 3.92 8.11 8.21 2.14 8.51 3.28
2.13 5.92 5.68 7.07 9.05 6.81 4.74 7.20 3.21 2.04
9.92 4.15 9.79 6.16 5.71 2.65 9.28 4.20 7.79 4.58
6.73 5.82 1.16 3.34 6.44 1.29 5.02 4.88 2.01 8.02
9.24 5.28 8.10 1.96 7.37 2.21 1.90 3.68 7.11 4.44
3.63 6.57 1.16 3.90 1.87 1.89 1.81 6.10 6.57 6.03
3.64 1.43 2.68 2.81 6.32 1.69 5.97 3.61 4.69 7.71
7.82 8.42 9.59 5.29 2.95 3.51 2.36 6.50 2.41 8.71
4.18 1.31 2.03 5.59 4.15 2.21 7.63 6.03 5.56 7.02
4.88 6.06 1.99 9.18 2.19 7.31 4.56 6.71 2.13 4.45
8.72 8.01 2.06 5.40 8.24 2.13 3.78 6.86 2.63 8.03
1.16 5.14 9.00 1.77 2.28 4.61 9.54 6.83 5.35 2.20
2.15 4.02 3.56 1.11 7.40 1.93 9.54 1.36 4.72 7.87
8.98 1.10 3.71 5.44 9.19 2.40 3.98 8.41 5.55 9.97
9.36 8.32 3.04 2.11 5.55 2.45 1.97 4.17 4.07 2.59
2.28 5.57 3.50 3.32 8.73 5.62 2.77 8.71 6.34 7.63
6.14 3.52 2.49 7.04 4.36 3.41 1.62 2.60 8.92 8.70
4.19 1.92 2.19 3.69 4.26 7.00 8.38 6.84 5.80 2.79
9.58 5.59 5.76 4.00 7.06 9.10 7.98 3.84 1.68 1.64
7.15 2.10 8.37 5.29 5.57 8.48 4.89 8.22 2.24 5.40
3.10 4.34 5.61 7.34 8.02 1.62 4.06 6.73 1.97 7.24
5.14 1.88 4.39 7.50 7.58 1.47 2.00 7.91 2.08 4.29
7.96 7.12 3.67 3.16 2.42 3.89 6.86 2.35 1.48 6.29
1.84 9.48 4.43 5.90 6.59 2.41 2.59 7.49 4.07 4.24
4.19 8.93 6.11 4.72 1.52 3.56 3.06 4.56 9.96 8.80
2.17 5.83 9.70 3.09 1.65 8.52 5.99 9.51 1.80 8.63
3.11 2.77 2.41 1.53 6.31 3.46 7.39 5.69 5.13 2.90
5.14 5.46 4.64 2.91 2.87 9.37 5.67 9.01 5.58 6.26
2.15 5.37 5.32 7.26 1.13 1.64 3.21 9.02 4.97 8.39
6.72 7.40 6.88 8.43 5.92 9.45 1.31 2.95 6.09 3.74
3.06 2.64 3.14 6.15 6.95 7.45 1.43 4.35 4.32 4.87
9.19 3.85 7.90 5.00 3.13 2.38 8.08 6.02 4.39 2.74
5.39 4.85 5.16 9.31 8.73 9.78 3.31 9.91 5.37 5.26
8.23 7.14 5.34 1.20 6.88 4.71 3.45 8.08 2.80 3.95
3.93 1.76 7.19 7.98 7.58 4.58 4.84 2.31 9.17 5.69
4.49 8.77 5.82 1.55 7.27 2.27 7.50 4.36 6.83 1.70
4.50 2.53 4.21 9.58 5.92 3.70 8.56 4.12 2.22 1.41
5.77 9.00 4.09 8.48 5.38 3.80 9.52 9.47 8.58 4.53
2.68 8.03 3.71 1.36 4.22 2.60 7.86 5.62 4.30 3.99
3.24 9.96 10.00 7.67 2.34 8.73 8.80 9.73 1.29 4.00
6.84 2.83 5.73 4.63 3.02 7.61 3.70 1.03 8.97 8.76
3.43 6.09 1.73 9.22 6.28 6.56 3.75 5.09 2.20 1.33
5.04 7.10 2.10 3.63 4.38 8.12 6.65 2.94 7.89 7.76
3.61 5.68 9.85 3.70 7.77 2.02 5.35 3.43 9.35 4.71
9.43 6.32 4.38 8.84 7.13 8.04 8.89 6.29 9.69 5.61
1.93 7.07 8.17 6.93 1.88 3.28 6.16 1.99 8.52 9.86
3.74 1.38 1.30 3.14 7.05 5.59 8.08 8.67 3.21 3.72
7.28 9.32 6.45 6.15 4.10 5.87 3.02 6.59 4.10 7.20
1.37 9.13 3.07 1.01 4.41 8.19 1.91 9.83 9.54 6.20
8.33 5.06 4.31 4.30 7.23 2.52 6.96 3.40 1.32 2.88
9.14 1.66 5.62 2.27 6.86 8.36 8.93 6.22 7.23 2.85
5.06 9.08 8.87 1.04 6.80 2.36 2.61 6.89 5.19 5.50
5.29 3.64 6.76 9.39 4.39 4.00 6.95 5.11 1.87 2.64
1.14 4.10 3.46 5.00 7.37 9.91 5.02 4.10 4.11 7.96
7.44 7.50 6.53 5.50 2.12 9.79 6.75 7.67 2.20 8.00
6.92 2.28 5.82 3.21 2.49 5.08 9.46 6.75 5.78 2.70
7.69 1.63 3.65 2.58 6.87 2.85 2.26 2.44 3.27 5.97
5.57 7.40 6.28 3.18 7.73 9.64 9.09 3.48 9.71 4.58
6.06 3.91 2.37 2.16 1.25 7.41 4.68 2.17 2.67 1.70
1.40 4.05 1.43 2.30 9.26 6.31 6.76 3.32 7.36 8.21
4.54 1.59 2.25 1.50 1.56 3.12 6.57 3.97 4.58 3.39
4.59 3.85 8.54 7.23 4.88 8.40 5.05 7.38 9.71 3.45
8.86 3.95 6.36 8.93 3.45 7.47 7.02 9.42 7.04 7.34
6.29 7.72 7.28 8.94 6.16 5.85 5.92 4.23 5.47 3.99
8.98 2.92 6.01 1.32 5.15 2.18 2.77 7.31 2.14 3.29
6.53 4.80 7.99 8.83 8.45 9.92 4.43 8.75 2.29 6.99
4.99 2.65 8.03 9.61 2.07 8.82 9.40 7.26 8.99 6.87
9.13 1.62 6.07 6.46 2.20 3.15 8.46 1.72 9.46 1.37
5.52 8.79 5.18 2.13 3.62 5.27 9.84 9.73 3.41 7.49
6.56 5.55 4.57 8.40 9.60 8.38 1.23 7.78 6.14 4.44
8.38 3.40 8.88 6.57 5.24 7.56 1.22 7.06 3.96 2.79
3.77 8.70 8.43 8.15 5.52 5.63 6.91 3.82 7.35 1.76
6.04 8.91 6.85 7.92 4.14 5.14 4.36 1.85 2.84 9.00
9.94 3.16 3.65 4.39 7.02 8.63 3.69 5.14 5.00 9.15
8.05 1.22 7.17 8.96 5.53 1.93 1.17 6.21 1.53 7.64
4.97 2.81 8.78 7.70 7.72 9.71 6.72 8.17 5.80 5.35
8.75 3.09 4.75 2.20 3.11 8.74 2.97 1.11 7.75 5.78
4.14 5.16 7.62 3.38 2.86 1.64 9.02 9.11 6.43 7.10
1.12 1.11 8.69 6.78 4.64 7.16 7.46 5.12 5.74 1.09
9.48 5.43 9.75 3.70 6.36 2.54 7.25 2.56 1.63 3.61
4.24 4.83 1.99 1.60 8.62 9.67 4.20 4.77 2.44 5.90
3.87 5.22 1.41 9.41 9.46 6.19 7.77 7.15 2.90 7.67
4.36 2.76 8.51 6.39 2.08 5.17 9.43 8.55 6.13 7.15
4.65 8.41 10.00 4.27 8.12 6.55 9.45 7.93 6.18 5.83
8.49 2.54 5.44 9.99 3.70 6.99 5.36 8.40 9.72 8.68
7.60 4.17 8.82 7.72 8.88 9.88 4.56 6.76 3.65 7.60
5.51 9.51 4.08 1.56 9.97 7.49 7.78 2.75 7.82 8.99
6.57 7.54 8.63 9.91 7.57 9.10 9.16 1.12 4.67 9.95
7.23 3.59 6.66 8.19 2.26 1.52 7.59 7.40 8.92 3.97
6.54 8.43 3.95 4.03 7.62 8.82 3.99 2.55 3.73 3.92
1.03 8.42 1.96 6.08 7.93 9.69 8.75 3.00 4.99 1.23
6.07 4.40 4.89 6.70 7.55 3.36 9.50 1.73 4.54 4.40
8.85 1.44 7.03 6.78 2.51 5.21 5.36 1.34 5.52 5.93
2.11 6.17 8.97 2.68 9.66 8.48 9.04 5.14 8.44 4.11
7.44 1.76 3.59 3.53 5.08 6.79 7.46 9.12 8.98 4.15
6.63 6.94 3.86 4.39 8.55 2.32 2.20 2.78 6.17 4.56
4.24 8.46 9.19 3.79 4.66 3.19 5.15 6.22 4.71 3.66
9.36 3.74 9.99 1.79 3.97 6.85 7.71 8.57 6.28 6.10
9.17 2.18 7.70 5.47 3.99 9.95 5.71 1.01 3.62 4.66
7.82 8.69 3.57 2.93 4.85 5.07 8.40 7.27 3.02 4.83
2.28 4.75 1.61 5.16 2.51 8.38 8.64 9.13 2.18 9.99
2.94 7.18 6.29 8.84 7.61 2.87 1.44 9.84 3.82 8.59
9.33 4.01 6.68 2.42 8.47 1.04 4.18 7.55 2.97 1.07
5.63 5.70 9.43 8.67 5.06 6.25 6.44 6.21 1.68 4.70
7.06 9.50 5.82 4.45 4.71 4.52 6.71 3.25 5.92 4.95
5.92 2.98 6.52 8.56 1.97 1.74 9.77 2.30 5.85 4.98
9.11 6.19 3.50 8.75 7.18 2.74 2.31 5.51 5.47 6.74
8.31 5.05 5.37 1.15 2.48 5.21 6.66 2.44 2.59 7.48
2.85 4.78 1.90 7.04 9.63 8.36 9.51 3.52 7.86 1.57
9.75 4.62 4.43 1.71 1.01 6.51 5.41 3.99 5.77 7.20
1.69 7.75 8.28 9.63 4.95 7.67 7.02 8.25 2.96 5.99
4.37 7.08 8.26 1.76 3.12 6.37 5.33 2.93 9.04 1.72
3.61 4.66 7.48 9.69 7.26 7.55 9.59 3.41 6.52 5.71
5.97 6.89 9.09 1.56 6.51 8.19 4.58 9.88 4.66 8.71
4.77 6.23 1.18 1.20 7.27 7.53 4.17 1.49 6.32 9.17
7.99 4.46 6.49 7.25 4.99 2.54 4.75 1.69 6.01 5.72
6.43 7.19 3.00 5.29 2.23 7.28 4.82 5.69 5.51 7.19
7.96 8.24 1.68 4.78 3.77 3.20 7.27 3.64 7.29 4.00
8.04 6.46 6.10 5.55 6.47 5.25 1.85 2.14 2.37 6.32
3.97 6.54 3.89 9.79 4.18 9.84 6.58 3.77 8.07 2.60
6.11 8.95 2.39 7.89 1.51 6.14 6.46 3.49 6.65 7.07
6.16 9.02 7.75 9.15 5.41 9.29 6.52 6.12 9.22 9.46
3.67 4.60 1.47 7.97 3.50 3.06 2.42 2.41 2.06 3.23
3.00 9.82 7.50 9.79 8.06 8.63 5.40 3.53 7.20 8.56
4.57 4.52 2.40 3.21 2.30 3.18 5.91 7.37 6.71 7.63
5.82 2.74 9.15 3.04 8.42 3.45 6.57 2.28 1.47 4.05
7.97 5.91 9.18 6.62 9.18 2.30 8.66 4.87 7.39 9.63
5.05 3.08 1.25 7.53 4.44 6.32 8.45 2.50 2.81 9.50
4.03 6.81 8.78 9.53 6.05 8.07 7.09 6.97 2.69 7.69
3.40 2.38 9.73 8.17 7.35 5.27 6.94 5.18 3.47 7.33
4.44 1.91 7.36 1.85 9.16 7.14 9.58 2.00 3.35 3.45
8.72 4.20 3.62 1.07 8.81 6.80 3.90 1.89 6.37 5.52
7.83 9.80 4.03 4.60 2.57 2.23 9.07 8.71 1.64 3.89
9.45 1.44 7.28 6.89 6.70 4.96 3.88 6.69 9.90 1.38
4.17 2.61 1.39 9.17 6.58 7.49 6.96 8.14 5.10 6.26
5.36 6.02 7.62 2.96 8.64 8.45 2.12 6.33 2.22 8.47
3.18 3.14 1.63 8.68 2.73 3.01 5.36 4.17 1.44 5.21
9.68 4.54 9.65 2.80 7.49 9.36 6.36 8.19 6.91 9.35
6.53 5.60 8.47 8.90 3.72 6.26 9.30 4.90 1.50 5.71
4.83 3.64 9.30 9.66 5.09 6.17 5.79 8.62 8.43 5.02
2.19 2.89 7.01 8.29 5.67 9.66 8.50 3.72 5.75 8.04
8.12 5.38 6.99 2.18 9.20 9.80 9.24 9.62 6.06 3.29
3.19 4.12 1.48 8.89 6.84 3.20 2.04 9.30 8.40 5.50
6.00 1.50 1.80 1.26 3.35 6.29 7.80 9.53 7.89 1.61
9.99 1.77 5.56 1.74 2.78 1.80 8.77 4.11 7.23 2.91
4.01 6.28 6.86 9.98 3.00 9.42 4.05 3.07 9.15 2.37
3.04 4.10 1.53 3.19 5.01 3.10 6.63 6.58 3.33 2.72
7.87 6.32 9.32 5.46 1.85 9.00 4.95 5.54 1.80 6.25
3.89 5.47 1.19 6.67 3.63 6.73 6.13 5.34 6.39 1.99
8.18 6.00 3.39 7.24 4.83 7.09 7.63 6.08 1.09 4.66
4.91 9.47 2.47 5.22 2.71 6.15 7.16 8.21 7.65 1.93
9.46 6.75 6.11 1.14 9.45 3.00 2.03 2.67 7.85 9.11
1.35 6.69 4.07 6.47 6.73 4.18 2.41 1.63 2.79 9.56
8.23 6.44 6.73 1.63 8.32 5.76 2.29 7.76 6.95 1.81
2.70 6.01 5.05 3.39 9.58 5.87 5.45 8.39 3.16 6.79
4.22 5.97 8.28 4.12 5.77 6.74 6.85 3.93 7.64 4.19
6.61 8.90 1.54 9.27 1.80 9.73 1.54 7.02 4.40 7.56
7.96 7.69 9.29 2.94 9.75 2.58 6.20 8.84 5.67 9.44
6.70 4.19 3.44 7.20 6.02 9.45 4.46 5.38 3.06 3.18
8.96 8.03 5.49 5.87 8.54 9.40 2.60 2.44 6.14 5.80
9.67 9.62 5.28 2.80 5.96 9.52 5.43 5.58 8.37 4.80
2.24 4.06 7.15 3.66 6.51 8.70 7.63 3.13 2.68 9.07
6.52 6.18 2.80 7.79 7.22 6.73 1.52 3.83 4.72 7.84
1.25 2.38 9.81 9.73 1.62 7.11 4.59 2.82 6.10 7.67
5.10 1.46 2.07 9.70 8.35 2.87 3.83 8.39 6.92 1.50
3.15 5.41 9.57 4.83 2.93 9.94 6.40 6.16 7.60 5.88
8.17 7.65 4.99 3.84 9.48 1.14 4.34 4.77 1.44 6.13
1.43 7.09 3.73 6.39 1.62 9.69 2.67 6.94 8.51 1.45
9.41 6.91 8.92 7.26 3.07 4.76 7.72 9.72 3.04 2.93
6.47 6.41 6.51 4.09 7.04 8.81 4.42 1.15 3.81 1.23
5.82 2.47 3.85 6.13 9.91 3.78 8.34 3.34 5.76 3.33
3.75 5.06 8.18 2.36 7.27 2.03 4.12 5.02 5.57 5.12
8.04 8.97 2.23 7.99 1.01 5.60 7.72 5.35 4.31 4.92
6.45 8.76 1.68 7.09 9.76 6.79 5.56 2.52 8.38 3.64
4.56 9.97 8.24 5.46 8.28 5.32 6.14 3.27 5.29 6.76
5.09 3.47 3.35 3.50 4.29 6.73 9.86 6.35 9.49 4.10
4.44 2.99 9.95 2.35 5.09 8.07 6.82 2.77 2.37 5.19
4.76 8.79 2.34 8.30 6.63 1.31 6.41 4.49 8.24 8.16
8.50 1.61 8.20 3.29 8.99 1.11 7.08 4.44 5.36 4.01
9.17 6.39 1.74 9.80 8.73 4.40 2.68 3.59 7.68 1.62
7.31 3.70 5.59 7.05 8.59 4.97 9.10 1.07 8.45 5.36
2.76 6.07 6.65 5.24 6.40 6.83 5.10 4.22 6.15 7.89
2.68 7.22 4.21 7.32 8.80 1.78 8.75 1.95 9.74 6.59
5.52 9.57 1.07 6.75 3.16 9.91 7.90 1.08 6.96 4.23
3.31 5.44 9.86 9.94 2.05 2.62 1.53 1.34 4.88 1.58
2.31 3.08 1.51 5.03 6.66 6.02 7.68 5.72 4.69 2.91
4.96 6.87 1.51 4.78 5.01 5.13 4.61 9.89 2.19 7.88
9.40 5.70 4.72 4.61 2.93 9.93 9.68 9.96 8.73 8.84
1.65 4.53 6.30 5.95 4.82 9.13 9.53 8.33 2.77 5.77
9.24 4.85 2.24 7.89 4.92 6.09 4.12 1.84 3.64 6.79
4.14 8.92 5.76 2.50 2.69 6.77 3.73 6.46 3.20 2.04
2.89 5.14 1.42 5.78 3.08 3.96 6.91 4.03 9.74 3.11
4.54 3.90 6.28 3.10 5.61 6.29 7.68 8.41 8.83 9.88
5.12 1.75 2.69 3.34 9.25 3.34 3.84 5.99 6.42 6.38
8.22 4.24 9.26 3.22 3.77 5.06 5.39 6.92 3.46 3.79
1.85 2.93 5.43 5.11 7.46 6.68 8.91 6.79 4.36 6.94
8.32 4.09 3.51 6.63 6.67 2.34 1.06 1.05 8.74 4.23
4.72 5.40 3.92 7.95 1.44 3.85 9.30 8.42 8.71 1.36
7.36 2.67 9.47 3.26 3.59 6.07 3.88 1.91 6.81 9.64
2.35 4.04 4.98 4.46 1.73 5.05 3.85 7.70 2.90 1.38
6.75 8.80 5.84 6.64 2.27 7.89 6.95 8.38 8.51 7.26
1.78 1.92 3.03 1.89 4.05 4.15 4.75 6.27 3.01 4.72
5.72 7.86 3.00 4.42 6.12 4.59 7.06 1.04 9.88 3.41
1.67 2.41 6.25 3.20 5.29 4.76 5.15 9.62 8.45 8.90
5.55 2.66 7.02 6.65 9.56 9.02 4.55 4.39 8.62 1.13
1.58 6.48 4.84 1.79 6.33 9.08 2.63 2.18 1.04 4.50
5.16 2.36 6.03 7.20 4.57 5.02 2.91 2.33 4.63 8.55
6.76 3.44 6.31 5.91 5.73 9.27 4.17 1.77 9.38 2.95
9.38 5.23 6.22 4.13 3.58 8.51 6.62 7.51 6.47 5.30
3.85 5.76 4.62 5.47 8.33 6.80 2.83 7.04 3.71 8.05
4.12 6.74 5.34 2.39 7.40 1.47 3.65 4.93 8.48 4.35
6.46 9.57 7.12 4.46 8.67 1.52 4.79 6.44 3.02 3.66
7.90 1.48 4.38 6.13 7.62 9.42 4.18 7.64 3.25 5.99
4.72 6.09 9.33 6.28 8.50 4.85 3.10 3.91 8.29 8.34
5.83 6.08 2.08 3.59 6.60 7.77 9.08 5.91 1.34 2.75
8.27 1.04 9.05 5.60 3.11 3.62 4.94 7.33 2.46 7.10
7.40 4.54 3.20 5.76 4.65 1.05 2.06 1.45 8.41 3.47
3.15 3.87 7.60 1.92 5.67 8.88 3.86 9.46 1.24 7.99
8.23 1.97 8.35 8.44 7.82 6.20 4.39 9.44 1.06 3.61
2.10 1.94 3.49 3.24 7.16 1.34 9.36 8.83 6.37 4.94
7.33 2.96 7.51 7.58 2.61 4.64 4.24 7.77 1.43 1.69
7.39 6.03 9.29 3.14 8.11 3.63 6.83 6.04 3.40 4.16
3.57 2.83 5.29 1.57 9.00 1.27 1.65 3.39 4.70 9.69
7.84 9.05 8.39 2.66 4.78 3.49 1.11 2.93 1.36 8.02
1.87 7.84 7.73 5.84 4.57 4.47 5.57 7.40 7.25 5.57
2.52 8.44 1.49 5.16 1.91 8.59 4.54 5.89 6.92 8.63
4.17 6.75 9.50 9.41 2.15 9.05 2.87 2.13 7.70 4.41
8.49 4.57 9.83 6.74 6.63 8.24 1.29 2.79 4.80 3.34
6.83 5.07 5.22 2.40 5.76 2.17 3.73 8.00 9.21 9.79
4.67 2.83 3.43 5.64 1.78 7.28 8.61 1.65 5.11 6.64
7.62 5.86 9.15 9.10 9.16 9.47 4.20 8.48 1.63 2.63
8.93 2.66 1.79 9.27 8.33 2.19 9.37 9.56 7.88 4.95
1.64 7.00 6.54 2.54 5.07 1.43 4.10 6.13 8.81 9.12
1.80 7.07 9.47 8.06 8.74 1.15 1.22 7.30 5.69 2.47
7.31 7.41 5.30 9.61 4.14 8.25 4.75 5.11 7.65 1.17
3.47 9.65 5.23 5.80 2.87 2.73 6.15 3.92 4.31 4.95
7.43 8.25 7.22 2.00 8.11 2.57 6.84 5.20 3.55 5.44
8.26 7.05 5.02 9.77 2.18 8.97 1.70 3.45 9.30 6.10
8.39 9.25 5.42 9.66 4.61 7.94 7.15 4.49 2.57 9.52
7.61 2.00 1.38 8.94 8.83 4.92 5.24 6.27 4.79 2.02
2.88 7.13 9.86 8.66 7.94 6.26 3.02 7.67 6.01 5.60
7.09 7.61 2.72 1.61 9.92 4.51 4.24 5.04 9.30 4.82
4.08 8.61 8.23 8.88 2.95 7.30 5.75 2.28 3.01 4.73
5.91 5.39 7.93 8.28 2.31 5.44 1.27 6.41 8.46 10.00
4.80 4.25 6.62 1.08 4.93 3.05 8.92 9.18 8.41 1.18
7.43 9.93 9.39 3.16 5.59 8.61 5.94 3.67 4.80 4.16
5.75 4.34 9.65 5.08 5.88 5.24 1.25 2.87 5.43 4.73
7.65 6.87 2.27 9.94 5.21 6.53 8.58 8.37 3.53 2.97
9.46 4.37 9.00 6.84 8.97 5.53 7.14 6.74 3.85 1.47
9.07 3.87 4.27 3.43 8.06 7.08 4.87 4.98 2.90 8.57
8.12 6.43 2.37 4.25 8.71 1.32 7.39 6.32 1.92 4.00
8.84 8.32 8.42 7.01 3.85 1.32 6.66 3.41 8.21 2.18
9.11 1.83 1.56 6.33 1.49 3.63 1.60 2.95 5.48 6.55
1.20 7.96 4.04 2.26 4.31 5.47 2.43 7.73 9.08 2.29
3.22 6.82 9.68 4.73 5.31 6.49 8.61 6.22 2.61 3.22
9.82 4.46 2.93 8.63 1.85 6.90 3.11 1.80 9.66 5.41
5.24 7.38 1.60 2.04 9.77 7.58 5.52 6.84 9.09 3.38
6.75 8.88 9.53 6.66 5.64 8.40 1.58 3.29 3.12 6.52
9.84 9.92 8.87 6.30 4.56 3.39 4.49 6.24 1.25 2.38
4.94 3.46 8.15 1.53 8.28 8.19 5.40 7.58 8.08 4.69
8.99 1.48 4.75 7.65 8.98 5.41 7.22 7.26 5.08 3.31
5.07 3.00 7.73 6.29 5.79 3.26 7.04 4.19 3.46 8.05
6.20 5.46 3.07 9.52 7.81 8.82 3.69 5.77 8.77 9.20
2.22 5.81 7.11 7.20 1.59 1.06 9.92 6.35 9.80 2.27
1.34 1.38 1.32 9.59 8.20 9.49 6.07 2.65 1.69 4.59
5.64 2.46 6.15 5.49 9.59 7.02 4.70 9.94 3.64 6.99
4.05 5.29 7.42 1.17 2.82 5.95 8.79 8.62 9.13 8.66
3.01 8.42 2.17 4.19 7.55 3.39 8.79 3.53 8.38 1.55
3.25 2.71 7.32 6.78 3.33 5.11 9.40 9.18 5.81 1.97
5.57 1.75 9.06 7.87 8.27 8.32 7.48 9.65 5.52 1.89
3.52 2.38 2.82 5.87 6.42 1.30 8.38 4.20 7.63 6.06
4.56 7.41 4.13 3.25 1.64 8.61 5.23 7.03 3.82 3.33
8.93 4.60 1.57 2.39 2.70 9.01 7.90 1.58 8.73 5.90
7.26 6.75 3.99 7.29 6.52 4.16 2.93 1.16 6.88 3.52
2.01 7.59 2.47 2.30 8.11 6.94 6.55 5.88 4.89 7.82
9.13 9.40 8.49 8.78 8.22 9.10 5.76 6.32 2.15 1.15
4.81 3.30 1.09 8.30 5.59 6.21 9.69 6.93 2.96 5.46
8.47 7.20 2.69 4.40 8.06 9.06 4.24 5.86 3.27 3.17
8.32 3.18 8.47 9.35 9.39 1.34 4.21 7.12 1.88 9.03
6.03 1.96 4.78 9.75 2.73 8.12 3.26 8.94 9.80 6.60
9.05 4.56 5.75 8.85 2.73 3.46 7.46 1.65 7.10 7.85
9.71 6.52 2.59 7.14 8.66 1.56 9.52 3.54 9.23 9.82
5.08 1.76 1.36 5.55 3.82 6.44 3.04 3.36 7.01 7.67
8.38 2.01 8.89 8.34 5.96 8.26 9.23 8.96 4.31 7.91
8.11 6.99 2.51 2.65 2.98 3.41 1.95 4.31 1.27 9.77
4.23 3.52 3.68 4.67 4.75 6.77 2.15 5.95 6.05 6.25
7.97 2.46 9.12 2.72 3.69 8.21 7.16 6.78 5.32 1.17
1.35 7.83 5.97 5.40 6.37 4.11 9.05 8.52 1.80 4.96
1.16 3.51 2.18 5.24 5.64 5.05 7.73 3.97 9.73 9.96
4.02 9.21 2.46 1.76 2.13 5.53 4.93 8.52 7.44 6.06
7.34 6.01 6.99 9.77 1.79 4.65 4.59 2.80 8.25 6.32
9.98 6.55 3.14 9.24 2.70 4.83 4.38 4.79 5.39 4.85
3.16 9.88 1.34 1.19 7.57 3.34 5.73 5.29 9.85 6.56
9.30 8.87 9.71 6.88 5.74 5.22 7.09 4.61 8.79 1.28
3.86 9.87 8.70 1.97 9.80 1.45 4.78 8.10 9.22 4.81
7.41 9.89 3.13 3.83 5.65 1.37 1.79 7.00 8.10 6.16
1.34 2.13 1.54 3.92 9.41 8.06 8.43 9.61 3.70 2.00
4.76 3.58 9.93 1.64 3.49 9.45 5.52 9.94 1.73 5.51
2.99 6.01 8.84 6.99 8.05 9.49 9.97 1.77 6.12 5.00
1.28 5.59 6.95 7.93 1.14 3.87 5.27 2.42 8.94 9.39
4.51 4.46 8.57 6.56 7.38 6.34 7.90 1.41 2.15 4.43
9.53 5.12 4.63 7.50 4.93 2.54 9.45 4.23 9.69 3.35
7.64 6.91 9.08 9.21 1.02 3.45 3.32 3.26 7.45 8.87
6.92 3.13 5.11 4.12 4.29 8.94 4.39 5.76 6.05 8.95
8.00 3.29 1.11 9.61 8.23 4.74 9.99 5.29 1.05 3.38
8.65 7.56 4.00 2.53 8.99 8.62 3.80 3.92 2.10 8.73
2.22 6.83 9.99 2.84 4.87 5.06 7.46 7.86 2.82 5.35
9.60 9.27 3.99 9.94 4.47 1.57 7.75 5.34 1.57 7.25
7.83 3.37 3.46 5.86 3.08 5.46 4.23 4.83 3.74 7.48
4.63 1.78 6.06 2.94 3.87 6.82 8.56 6.37 9.47 4.34
5.48 5.61 5.98 3.42 1.87 3.26 9.89 2.58 9.13 3.10
6.85 7.99 7.26 2.34 6.10 7.69 3.45 7.39 3.25 2.46
8.30 2.95 7.31 8.09 2.34 9.79 3.20 8.16 9.07 8.67
5.00 1.84 3.48 1.83 7.56 6.38 1.12 7.96 9.05 1.65
2.59 6.15 8.34 3.62 6.08 1.29 5.26 6.35 8.45 1.71
9.67 9.61 2.46 1.28 8.64 8.26 5.70 2.91 9.02 7.74
1.85 5.75 7.15 8.37 1.68 3.43 3.50 9.44 1.85 8.54
1.70 8.86 8.78 2.08 3.82 6.03 4.85 1.80 7.55 6.24
3.70 6.91 4.13 3.57 5.34 1.05 1.66 9.83 5.71 1.55
6.31 6.32 7.02 7.85 1.87 5.96 2.94 1.38 2.31 6.01
9.91 7.49 8.82 6.06 5.67 7.62 7.62 4.86 2.65 7.58
4.52 9.47 5.79 8.84 6.99 9.38 2.13 4.50 7.88 3.23
2.84 5.69 1.95 6.98 4.50 4.18 4.52 7.04 5.99 2.16
1.34 5.88 9.73 5.88 9.89 8.53 5.36 7.26 4.87 8.89
8.40 4.12 4.66 3.40 2.48 7.51 6.02 6.89 3.30 8.39
9.69 8.51 8.83 2.03 8.13 8.54 8.19 2.97 6.16 1.27
9.96 9.21 4.94 4.62 3.54 8.09 8.50 8.37 4.06 7.11
5.99 1.83 4.43 1.21 6.97 4.62 7.70 1.58 5.05 2.45
5.51 3.89 5.72 7.02 1.88 8.91 8.89 2.57 6.74 6.84
5.46 3.47 8.56 3.29 5.85 5.50 3.83 7.02 8.62 8.06
5.81 5.35 3.29 8.46 8.79 8.81 8.47 5.97 8.81 6.60
4.43 4.04 3.34 6.13 6.52 9.76 5.55 7.13 5.54 6.13
6.00 9.26 4.47 6.99 7.59 2.95 2.59 1.90 4.50 1.11
9.10 3.53 1.19 2.56 3.30 5.15 9.07 8.86 1.19 9.68
6.38 2.92 4.24 2.61 4.45 9.45 9.51 2.37 2.82 1.35
8.28 3.78 3.75 3.54 7.30 7.03 7.23 7.69 2.94 7.69
2.53 1.97 2.49 2.41 9.83 1.96 7.49 9.89 3.69 8.97
4.90 4.83 8.28 2.10 8.73 8.01 8.69 7.56 5.03 2.80
3.51 5.10 2.68 3.16 5.32 6.58 6.07 6.55 8.59 6.00
8.77 9.12 7.38 8.62 1.59 8.02 7.41 1.91 1.39 6.74
5.10 6.49 4.99 6.63 2.59 9.66 6.10 7.02 4.63 1.88
3.10 4.22 7.46 4.57 5.84 6.83 6.45 9.27 2.29 5.93
7.70 8.01 1.06 3.71 4.74 2.71 4.40 9.09 8.80 4.40
6.26 9.12 9.92 9.54 3.57 4.98 4.82 3.11 8.66 6.19
2.36 2.02 6.24 5.58 4.20 8.75 5.20 5.81 3.79 9.69
3.05 9.59 7.69 6.22 6.46 6.51 8.70 3.45 7.36 3.93
8.55 7.86 5.08 1.15 7.81 2.12 5.75 4.61 6.55 8.96
7.28 1.87 5.01 4.32 1.88 7.49 9.14 5.33 8.70 2.99
1.21 1.04 3.29 6.04 2.86 9.91 5.42 9.20 8.87 4.13
4.37 7.07 5.48 9.23 1.43 3.78 1.26 3.66 7.18 6.23
5.53 4.33 3.28 4.16 6.19 1.32 6.55 2.81 9.74 3.90
3.64 3.64 1.36 4.57 4.70 9.57 1.98 3.56 4.71 2.73
8.92 9.96 5.21 8.34 1.40 1.50 1.42 9.40 5.19 4.70
2.05 7.64 5.25 3.49 9.36 9.03 2.74 5.22 9.16 3.38
7.36 1.60 8.67 4.94 6.15 2.35 9.94 7.40 8.45 4.03
2.64 9.84 3.60 6.96 7.01 4.47 1.43 3.89 1.23 1.91
4.80 4.63 7.11 4.07 6.41 3.86 7.27 1.69 7.21 8.00
6.46 4.16 3.60 7.87 3.38 8.58 4.33 1.64 7.59 8.01
8.92 6.25 6.42 3.11 4.26 7.22 2.21 9.37 5.50 5.17
9.00 2.41 5.48 2.39 6.98 2.11 3.00 9.33 5.62 2.95
7.24 4.48 8.55 4.14 7.75 1.68 8.85 7.99 9.32 6.11
9.14 9.50 4.20 1.46 3.31 3.14 2.86 8.39 1.33 3.37
3.68 7.83 8.56 8.38 4.14 1.80 7.91 5.52 1.61 1.76
9.73 3.26 8.69 1.84 2.58 3.28 3.04 4.25 4.39 6.79
3.98 7.20 8.06 4.39 9.40 9.46 6.80 7.42 5.21 5.89
7.94 1.89 4.17 6.66 4.56 6.93 6.72 9.81 4.82 4.19
3.68 4.45 4.13 5.58 3.75 3.51 9.57 1.18 7.95 6.93
3.73 3.43 4.36 3.66 7.80 8.79 8.75 4.78 4.63 3.78
9.79 2.38 5.07 6.57 2.12 5.47 7.98 4.70 4.10 5.33
1.61 3.23 4.20 8.07 5.63 3.30 3.91 4.12 6.28 1.18
4.46 3.36 1.11 7.85 5.16 6.48 8.89 6.96 7.23 1.61
3.02 7.77 8.45 6.21 3.40 7.07 1.93 5.89 2.30 1.01
4.47 3.95 4.68 1.70 2.60 8.94 4.09 9.29 7.09 5.81
7.88 1.99 7.75 2.70 2.44 3.04 9.61 2.59 4.57 7.53
2.39 6.99 7.79 5.89 3.64 1.70 7.46 7.19 3.57 7.51
2.01 1.73 8.85 6.33 4.77 1.20 3.68 2.28 5.94 5.01
2.64 2.05 9.88 3.33 6.25 2.99 8.14 1.76 4.25 7.87
8.33 1.30 7.64 5.07 6.16 7.23 8.01 8.03 2.79 3.84
9.15 9.24 3.76 3.80 6.44 1.79 7.25 2.64 9.16 7.44
9.36 8.14 3.42 4.76 1.16 2.04 3.68 1.62 3.60 8.26
5.81 9.31 4.76 9.44 1.34 5.92 8.00 3.85 5.92 7.47
5.36 8.63 8.24 9.08 3.60 2.59 2.38 1.41 2.21 4.26
4.07 4.69 8.04 4.42 4.73 2.78 2.72 7.37 1.07 1.94
6.10 9.16 9.86 3.21 8.34 2.20 3.63 5.45 1.35 3.10
7.39 9.62 4.34 5.86 3.22 4.50 2.30 2.38 2.80 3.42
6.99 5.24 9.77 8.39 3.54 5.33 9.33 4.86 8.11 1.50
1.18 5.55 2.92 7.48 7.20 7.65 8.04 7.14 8.60 6.03
7.19 1.78 9.58 7.95 2.44 9.73 2.46 2.41 2.86 2.24
4.99 8.43 2.53 1.24 2.30 3.46 2.96 7.27 6.06 5.24
5.62 9.99 8.81 1.97 2.89 9.86 4.56 7.02 3.70 8.05
7.87 3.16 4.86 6.73 7.96 6.72 2.64 8.87 5.82 7.85
2.96 5.87 3.23 9.88 8.04 9.20 5.89 2.41 2.20 4.66
7.12 2.20 5.57 6.48 8.03 2.09 5.68 2.18 9.04 9.25
1.89 5.29 9.31 9.54 8.02 1.41 1.62 4.07 9.29 7.93
6.55 5.40 9.71 7.25 4.90 4.57 8.27 2.59 7.77 2.61
2.13 8.19 2.29 4.65 1.48 4.27 5.63 5.02 4.13 5.80
6.22 5.24 8.94 3.07 5.16 6.83 3.08 3.37 9.47 1.90
4.33 1.42 6.37 8.97 3.41 5.68 6.33 6.12 9.39 2.83
3.57 4.03 7.03 1.65 4.72 1.30 4.04 7.56 6.56 9.97
8.43 5.26 9.05 9.49 3.41 7.75 3.60 1.21 3.01 6.61
6.47 1.30 5.47 4.59 2.33 8.83 4.39 9.02 2.95 7.90
8.43 9.99 3.59 3.41 2.75 6.97 8.88 8.19 2.63 1.56
4.17 5.27 8.40 8.98 2.48 5.85 8.41 6.52 2.28 4.87
2.50 3.20 5.89 7.38 9.84 5.46 6.84 5.19 9.20 4.91
7.73 9.67 6.25 2.92 7.35 5.30 2.09 2.46 8.71 6.80
6.42 5.82 6.19 2.30 3.49 4.86 9.14 6.50 9.21 9.68
4.77 2.95 1.17 8.71 2.05 5.43 4.37 2.86 4.59 6.02
6.50 2.94 4.11 2.00 1.91 5.96 4.25 4.20 6.73 1.98
1.70 2.85 4.61 4.21 3.15 3.11 3.56 6.07 4.42 4.94
2.57 6.69 8.41 4.21 4.04 2.46 5.53 5.12 2.58 4.93
4.07 2.27 6.80 3.04 7.64 9.70 5.81 8.82 9.70 9.74
8.05 4.03 3.45 8.57 6.64 5.25 7.26 1.45 6.89 3.55
7.79 6.40 4.19 1.40 5.82 5.59 5.99 6.40 8.94 6.40
4.00 6.67 3.48 8.50 2.27 1.79 2.15 5.63 3.85 4.71
3.43 3.11 7.64 3.71 3.42 4.16 5.92 3.28 2.89 5.12
7.47 7.15 5.25 9.84 8.82 9.54 9.42 7.50 4.57 1.96
4.07 9.09 9.93 1.36 2.99 2.15 6.11 5.98 9.90 2.33
9.16 6.07 4.23 7.92 5.39 1.53 1.34 6.46 1.58 7.94
4.67 1.57 1.13 8.54 5.56 9.32 7.77 7.11 8.03 1.10
9.39 4.62 1.02 9.02 7.30 6.03 4.67 4.97 1.10 5.92
7.86 4.23 9.20 3.15 5.55 1.05 3.78 8.30 2.28 8.16
7.12 9.26 8.58 1.64 5.74 1.24 7.07 8.13 6.97 8.32
7.05 4.80 1.71 7.28 3.08 4.88 7.35 9.28 1.12 2.15
5.34 5.75 1.73 4.36 1.51 6.45 7.51 2.64 4.41 1.37
8.36 6.64 6.55 4.30 7.80 2.99 7.75 2.01 8.07 3.16
1.29 8.01 8.57 3.83 5.84 7.08 3.00 2.05 4.21 7.66
6.01 7.39 9.07 4.93 6.07 7.01 1.31 4.65 2.61 7.71
5.73 8.83 3.32 5.72 1.21 3.88 7.80 8.34 3.99 1.42
5.49 1.72 7.76 5.87 3.61 6.45 1.43 4.80 5.17 9.68
8.62 3.74 2.91 9.68 6.37 8.04 8.32 1.46 5.61 1.61
7.40 4.82 1.22 4.87 6.05 1.31 2.73 6.47 1.23 4.14
1.49 7.13 8.17 9.24 1.21 5.20 1.55 2.52 7.89 9.30
4.78 6.33 9.48 8.28 2.19 3.41 9.56 6.01 6.46 1.67
5.65 7.09 7.06 5.00 1.30 5.88 3.62 1.62 8.52 3.90
7.07 9.09 8.05 7.09 8.88 1.63 5.70 2.48 5.94 4.56
3.75 9.85 7.20 4.19 6.58 7.58 3.18 3.67 3.85 2.56
2.68 5.99 6.06 2.45 2.04 1.66 9.96 9.15 1.26 4.29
8.57 4.25 1.55 5.23 3.82 9.75 6.98 4.85 9.65 6.45
9.59 7.58 2.32 7.32 2.53 6.23 2.03 8.87 1.53 9.02
6.33 8.20 2.79 2.39 6.96 7.96 8.88 5.28 3.55 3.88
9.28 3.93 9.91 8.94 4.08 9.22 8.87 5.20 6.03 8.94
3.28 6.90 2.87 2.68 3.91 1.22 8.68 3.87 6.43 4.63
5.50 2.00 9.52 1.25 6.76 2.20 7.07 8.00 3.01 6.66
2.65 1.36 2.65 7.31 8.87 6.83 6.35 3.50 9.28 5.86
8.40 1.75 5.38 3.92 3.42 4.14 2.01 5.42 5.72 8.80
8.19 6.87 2.04 3.60 1.61 6.35 8.75 9.74 6.20 3.10
6.81 3.65 9.27 1.44 6.74 1.80 2.18 2.80 9.00 4.59
1.14 6.36 2.35 6.75 7.89 7.68 5.62 3.66 2.18 5.86
3.76 7.45 6.83 9.97 5.90 1.64 9.28 4.00 7.70 3.87
6.42 3.93 9.19 2.31 5.76 2.55 5.85 7.42 3.71 9.83
4.00 5.15 6.17 2.61 8.79 3.26 4.22 4.05 9.97 2.50
7.14 9.39 1.59 4.38 6.42 1.02 4.69 9.68 7.30 3.84
7.72 7.19 3.97 7.46 9.80 4.68 8.33 2.06 3.41 1.96
4.12 5.17 6.58 9.03 8.38 2.15 9.79 6.91 6.43 2.48
9.11 5.85 2.92 3.48 8.48 4.78 5.52 4.30 5.80 4.56
7.02 8.12 5.56 4.70 4.11 7.15 3.91 8.07 9.03 2.34
2.16 6.21 5.08 7.63 1.10 6.77 3.59 4.81 4.17 8.70
3.95 5.06 8.15 1.49 2.87 4.28 9.78 8.26 8.82 8.64
6.27 3.54 2.93 2.76 2.63 7.01 6.16 9.40 2.67 9.95
8.31 5.65 4.84 6.06 7.80 5.16 4.78 2.67 8.30 7.68
3.15 7.94 2.33 7.66 7.39 9.01 4.80 9.99 1.13 2.24
8.17 2.64 1.01 9.47 9.70 4.63 3.57 3.27 1.30 1.99
6.44 8.48 7.52 5.93 9.55 4.04 7.48 2.84 4.83 6.12
5.94 5.89 1.31 5.68 9.61 2.39 8.83 3.70 3.15 6.73
5.58 5.94 9.01 4.54 4.73 5.11 2.66 4.05 8.19 9.41
3.44 2.81 6.82 3.82 7.70 3.04 1.99 8.25 1.91 5.68
1.06 5.91 8.80 1.18 9.59 5.59 1.80 9.25 6.90 5.82
2.23 8.91 5.49 8.41 9.58 2.57 5.17 3.73 4.14 5.82
1.74 3.53 7.80 9.07 7.96 7.88 2.46 1.53 8.64 6.58
4.80 7.26 7.58 5.83 3.96 6.24 9.52 9.71 1.30 5.35
9.60 8.04 9.47 3.28 9.89 3.81 6.47 4.37 4.27 1.05
2.54 1.71 2.74 3.68 3.17 4.27 9.70 5.47 6.95 9.50
8.78 5.04 5.45 3.65 8.28 4.21 3.46 2.23 2.44 9.02
9.25 6.16 7.45 1.07 2.79 6.53 8.27 5.70 5.31 5.22
1.96 4.53 2.85 6.88 8.19 5.27 6.63 9.12 4.81 9.57
2.81 2.01 2.48 4.71 3.36 7.51 5.11 5.82 3.48 3.16
1.27 1.05 6.99 3.49 6.57 6.80 3.01 5.68 9.63 3.90
8.21 6.30 3.94 6.73 7.98 8.59 8.63 4.78 8.32 2.79
6.00 4.94 7.54 4.69 8.12 4.40 1.51 3.85 2.21 8.75
2.24 5.41 5.96 7.41 9.44 8.30 4.44 4.23 1.71 6.90
5.75 3.80 4.96 3.07 9.99 3.82 6.43 1.07 6.16 9.14
9.10 9.40 3.73 7.31 6.75 2.16 1.85 6.06 9.50 8.34
6.49 2.87 4.40 7.36 5.09 5.01 1.74 8.31 5.35 4.48
9.88 3.32 2.46 5.86 6.81 3.97 8.31 9.11 4.79 6.98
3.27 7.43 8.13 1.08 5.28 3.25 2.12 4.51 2.67 9.39
5.51 6.57 1.93 9.46 6.93 8.06 4.64 7.29 1.58 2.63
8.61 7.02 2.61 4.62 6.99 2.61 4.31 2.89 8.97 1.80
8.65 7.22 3.25 4.91 1.34 7.07 3.62 1.35 9.16 9.92
3.35 9.14 9.73 6.82 6.90 7.00 9.10 7.67 4.03 2.48
9.65 1.44 5.16 2.16 5.37 7.09 7.83 4.77 8.18 6.17
5.37 7.45 4.07 9.95 7.72 9.93 6.73 5.96 3.14 7.11
6.58 8.30 5.17 6.21 9.39 5.07 9.83 4.92 1.74 5.50
6.20 8.83 8.39 2.94 4.27 3.67 1.30 4.99 1.53 3.84
7.43 2.16 7.99 2.02 2.57 4.69 1.06 8.68 5.29 7.39
2.14 2.97 7.01 8.09 4.80 4.21 7.20 1.73 1.36 6.93
3.38 8.43 2.34 6.34 8.25 5.27 5.49 6.19 9.71 6.44
2.98 9.41 6.86 1.81 2.79 4.74 4.05 2.47 4.52 6.34
8.62 9.58 7.24 6.44 7.97 9.45 6.82 5.57 7.63 5.28
3.10 3.00 3.66 6.98 4.83 9.13 4.34 3.90 3.93 9.38
4.21 8.14 3.72 3.47 5.48 4.81 1.43 2.80 1.48 7.74
4.13 5.28 5.82 3.11 2.74 6.36 2.35 1.55 1.91 2.44
6.64 9.78 1.51 9.33 2.72 9.53 7.71 2.46 8.13 7.67
4.08 6.13 6.82 9.02 9.90 4.33 6.15 1.39 9.05 1.93
8.69 8.52 6.28 1.10 8.82 3.73 9.90 6.64 3.21 7.65
6.46 1.25 6.78 8.99 6.36 6.15 7.97 7.66 3.16 4.64
3.92 7.52 2.65 8.50 2.84 1.40 2.19 4.96 2.80 7.41
4.78 1.57 5.17 4.60 4.57 3.77 6.39 3.69 5.29 3.65
5.11 9.27 6.17 7.60 8.51 1.26 8.64 5.12 4.97 3.75
8.90 3.31 4.74 6.59 5.38 6.75 4.79 4.97 2.38 8.33
8.72 8.47 8.72 9.07 3.14 6.87 4.01 2.81 4.40 8.10
1.75 4.59 9.67 8.61 9.92 6.52 1.28 1.59 9.15 3.50
1.82 1.93 2.15 6.10 6.01 5.01 8.33 9.73 8.70 8.99
2.52 3.83 2.08 1.09 2.29 3.16 6.67 3.33 4.72 9.54
9.65 2.32 2.19 7.77 8.74 9.63 5.40 8.46 1.45 2.55
4.62 4.26 8.11 8.22 7.71 2.83 2.90 3.01 3.09 6.97
3.55 5.60 9.84 1.84 1.46 7.60 6.08 5.69 2.56 2.18
6.62 6.35 8.63 2.77 1.35 7.52 2.92 8.09 2.04 7.50
6.28 3.85 5.59 7.31 9.50 2.16 2.73 3.92 5.15 3.52
6.46 8.87 7.72 8.78 7.30 7.44 2.11 3.08 7.30 2.94
9.28 7.46 7.31 7.05 5.42 9.12 8.11 5.52 7.19 5.30
2.72 4.52 8.22 6.09 4.60 1.33 4.81 2.22 9.16 2.56
9.45 4.32 5.13 4.05 7.14 3.34 2.60 7.92 8.76 3.37
1.32 1.58 2.35 7.04 3.44 7.48 4.65 8.98 1.50 7.73
1.92 7.05 7.74 8.13 9.01 2.90 9.63 4.95 5.73 8.72
7.66 8.99 9.65 3.65 1.35 5.90 6.93 6.82 5.61 9.16
8.69 7.27 9.00 4.97 7.08 7.79 1.43 8.86 3.48 4.11
1.60 5.69 7.04 6.98 3.83 3.61 1.06 2.16 1.13 3.78
6.55 5.65 1.98 3.93 5.90 4.60 2.34 6.87 4.43 3.50
8.97 9.03 2.74 6.46 6.53 6.48 5.94 3.38 9.47 2.00
7.16 2.92 9.55 9.40 3.86 4.44 1.27 6.05 7.34 6.11
1.12 9.13 4.57 6.46 1.89 9.19 2.28 6.53 8.38 8.07
9.69 5.98 2.82 6.74 3.70 6.67 7.11 1.96 1.60 1.76
2.98 8.17 2.36 2.27 6.98 7.78 7.46 9.69 3.64 3.49
8.94 5.09 3.22 1.17 3.38 6.76 8.20 1.48 9.46 5.15
6.99 9.22 5.52 8.02 5.10 7.55 3.79 9.26 8.18 4.15
2.71 1.87 2.49 4.96 8.65 5.06 9.79 9.82 9.50 2.59
5.52 4.61 9.05 3.13 2.87 7.32 9.72 7.23 4.22 5.86
4.17 5.46 8.23 4.01 2.37 3.41 1.27 4.86 3.87 5.85
8.06 1.20 2.63 1.66 2.57 6.38 5.96 2.52 7.10 6.28
1.03 6.22 7.28 7.34 1.96 5.17 3.32 7.18 6.17 1.08
2.57 4.25 2.52 7.85 3.30 6.21 7.43 3.29 3.86 6.90
1.98 1.59 5.58 2.62 5.01 3.03 1.49 3.91 4.02 3.91
9.89 5.69 9.55 2.14 5.39 9.70 9.78 6.43 2.68 1.03
5.41 6.56 9.52 7.01 4.28 7.06 8.48 2.75 9.23 9.35
1.50 8.99 4.76 8.25 6.22 5.37 1.26 2.77 9.44 6.41
9.23 7.05 1.34 1.68 6.05 8.70 4.12 4.32 6.62 7.03
7.01 4.11 2.50 2.66 7.16 8.39 3.88 6.54 7.88 7.76
2.21 1.79 3.07 3.23 9.29 3.39 1.54 2.39 9.19 3.48
3.63 2.09 3.87 3.76 7.90 6.57 4.81 9.49 5.21 4.57
4.38 1.23 6.32 5.17 1.83 4.87 5.84 7.39 6.41 1.66
4.88 5.50 3.87 9.64 9.85 7.76 6.39 7.85 1.03 6.82
5.63 9.16 7.27 3.20 7.70 8.29 1.71 6.20 1.46 7.74
2.10 1.52 3.17 9.26 3.11 2.08 5.20 3.12 7.14 6.59
6.21 8.44 1.50 8.45 8.94 3.62 5.15 9.39 3.99 3.01
3.98 2.94 7.51 3.47 6.29 4.49 4.89 9.03 1.07 9.56
3.30 8.84 3.76 3.92 3.12 8.51 4.74 5.28 5.09 4.84
4.23 9.03 2.72 5.39 7.56 5.87 4.60 9.12 6.24 3.01
7.42 7.57 8.10 9.85 2.81 9.59 4.89 7.62 3.57 3.36
3.22 1.91 3.56 3.32 4.88 9.23 9.31 4.97 8.41 6.84
7.77 7.00 4.71 6.65 6.53 8.03 9.98 7.38 5.29 1.01
4.97 3.03 1.12 1.45 9.68 3.65 1.14 9.71 1.60 6.68
6.56 3.51 4.53 9.88 2.54 2.24 7.05 5.23 4.10 2.48
6.88 4.91 4.84 2.46 3.72 7.51 4.94 3.29 1.86 7.59
2.49 4.09 8.96 5.30 6.82 7.28 7.83 5.02 3.94 4.35
1.60 1.95 6.03 8.07 2.34 5.24 2.18 5.94 5.06 2.82
1.99 6.36 8.42 6.59 4.16 8.95 4.98 5.67 9.04 5.71
1.59 1.47 8.67 2.13 9.72 7.59 5.62 5.72 1.54 1.59
8.54 1.56 4.78 8.41 4.29 5.69 5.19 7.27 6.70 4.19
8.85 6.86 5.46 6.72 1.31 4.61 9.61 2.64 8.33 4.27
4.02 9.95 2.31 5.83 5.64 4.87 6.09 2.17 9.81 4.22
2.06 7.74 4.07 9.56 4.26 9.83 8.14 3.33 9.90 5.44
2.32 4.58 6.19 7.26 3.17 4.61 5.41 3.70 7.79 3.95
6.77 9.30 4.78 7.78 5.22 4.00 3.83 4.66 5.03 8.74
3.89 6.61 3.99 5.73 2.57 9.07 4.33 1.92 1.60 2.59
1.18 6.30 6.96 4.07 1.85 9.63 3.60 4.07 3.19 2.89
2.93 5.12 1.25 2.02 3.91 5.55 8.40 1.25 3.42 8.56
3.75 3.52 6.11 4.56 9.98 2.16 6.44 3.99 8.44 7.49
9.05 1.54 5.03 7.70 6.78 9.67 2.07 3.68 1.24 2.05
6.33 2.72 6.07 1.66 5.30 2.58 2.45 7.47 3.05 2.68
1.49 4.30 2.51 4.45 6.62 7.54 5.28 2.67 6.62 3.59
3.40 2.57 8.14 6.13 9.17 3.54 2.25 6.20 9.06 7.31
6.87 9.57 1.88 9.76 4.49 6.05 5.09 1.67 2.42 5.10
4.23 1.90 5.60 5.58 5.83 1.06 7.10 5.36 7.48 5.16
5.25 1.68 4.70 3.21 5.69 6.14 8.38 8.38 3.32 3.27
7.40 4.24 5.13 3.30 3.93 9.04 3.91 6.33 9.54 4.02
1.03 5.04 8.60 3.76 9.45 5.93 4.37 6.34 8.09 6.29
2.60 1.07 1.85 2.17 1.71 8.37 9.28 7.80 4.35 8.57
9.37 7.47 9.68 5.91 7.68 4.78 3.34 4.97 2.94 7.20
5.57 6.34 6.36 4.12 6.73 1.40 2.36 8.84 5.49 8.26
9.49 9.82 4.99 5.57 9.05 7.89 9.05 5.94 2.56 7.06
2.40 4.34 5.09 7.75 2.13 1.95 2.25 6.08 9.67 6.43
4.96 9.59 2.95 2.10 8.21 6.59 1.30 3.07 1.81 3.18
7.40 6.97 7.12 6.14 6.92 6.15 9.53 6.92 5.38 4.89
7.55 2.29 3.48 2.52 2.99 8.07 5.00 7.14 9.13 1.14
4.22 6.15 6.87 6.95 2.60 4.90 4.72 8.44 8.63 3.79
5.14 7.08 1.24 1.75 3.01 6.90 1.09 3.95 2.43 5.15
7.78 3.75 7.37 2.17 5.59 2.18 4.59 2.62 7.06 3.39
3.05 9.62 9.00 1.95 3.42 2.78 5.62 8.50 9.75 5.22
6.64 6.08 1.16 2.50 5.59 1.43 3.42 6.43 6.87 4.37
5.16 1.71 2.35 4.24 4.97 6.39 3.74 6.92 7.92 9.05
7.52 6.23 6.03 4.85 4.66 3.25 8.44 6.54 4.62 8.50
7.13 2.33 1.05 5.95 1.46 5.85 1.59 7.81 1.17 8.20
6.03 4.66 7.65 2.82 6.00 7.66 3.44 8.38 1.05 9.02
4.19 2.06 7.88 8.26 6.28 7.62 9.87 4.55 8.31 3.09
2.35 9.82 1.84 1.70 8.70 9.03 1.73 6.36 5.16 3.95
8.87 4.55 8.73 2.21 7.25 3.73 5.38 8.51 5.83 6.72
3.01 4.74 1.86 8.52 9.66 2.30 1.58 9.18 7.55 7.24
8.82 4.38 3.07 5.10 9.88 4.46 7.02 7.65 2.55 1.14
4.57 8.65 6.65 6.45 7.84 6.88 3.49 5.49 3.22 8.55
5.28 8.11 3.89 2.96 1.19 6.78 7.06 9.71 1.19 4.31
9.59 4.13 3.36 3.78 4.01 8.06 5.21 2.07 7.66 9.97
6.49 8.57 7.52 7.60 4.89 7.99 6.48 4.18 9.12 9.27
2.65 5.99 7.77 7.37 5.33 9.48 8.56 9.72 9.27 9.88
1.71 8.83 9.11 2.33 9.71 8.17 7.19 4.58 1.24 8.71
8.97 3.57 3.76 6.52 2.45 1.75 1.62 1.05 4.74 1.32
7.76 7.43 6.52 3.28 5.64 7.22 3.22 3.44 1.93 7.37
9.51 6.39 4.04 2.52 7.78 8.59 9.47 6.43 2.84 4.55
9.52 9.48 4.79 1.10 8.83 4.81 7.69 3.68 7.24 8.06
1.07 2.70 5.54 4.36 2.15 5.03 4.98 8.22 8.33 3.62
3.61 1.43 1.48 6.00 7.11 2.15 9.78 8.67 5.62 2.68
8.37 3.06 7.12 5.49 5.10 7.31 7.03 4.76 6.60 2.65
1.02 8.69 7.14 6.65 8.86 8.73 6.89 9.57 4.62 5.88
6.04 8.91 3.19 4.70 1.08 4.88 1.40 3.32 2.19 6.82
8.53 4.23 8.83 3.74 7.45 9.88 7.02 2.56 7.27 8.47
6.75 4.09 2.19 1.83 4.89 8.07 1.52 5.21 9.94 1.78
1.74 6.82 8.38 6.20 5.18 6.14 5.86 2.01 5.69 9.83
6.07 1.88 7.35 6.11 7.71 2.90 8.82 3.82 8.43 1.09
1.05 9.28 9.63 8.89 6.43 1.00 5.93 1.70 3.35 2.68
4.70 5.33 9.33 3.15 8.05 9.39 5.89 6.28 2.33 2.04
2.91 6.22 9.77 6.65 5.84 5.46 2.08 4.74 8.42 2.94
8.79 4.63 8.30 8.95 5.60 7.91 9.80 2.03 9.71 1.61
7.43 7.03 3.18 5.63 1.22 1.43 1.29 7.18 3.60 5.39
4.96 8.44 3.93 5.91 6.60 6.66 6.88 3.63 9.21 1.24
1.44 4.62 8.57 8.83 1.66 7.57 4.20 5.16 7.63 3.47
9.85 9.42 7.84 1.51 1.37 7.96 3.84 6.11 6.78 4.01
2.95 4.34 2.62 8.62 6.06 8.25 7.41 6.31 6.23 6.47
1.08 7.35 9.11 7.07 5.62 5.96 5.17 5.19 3.42 5.39
2.92 8.96 7.42 2.80 6.25 3.77 8.66 4.71 7.64 2.90
3.67 9.50 4.86 4.41 9.52 6.35 7.95 6.66 3.66 6.54
7.80 2.55 4.58 4.21 5.56 8.83 7.45 2.62 1.78 6.39
8.15 6.47 1.31 9.51 8.08 3.15 5.78 5.93 7.84 2.89
4.77 6.27 3.36 2.05 8.66 3.22 1.80 6.72 3.36 2.58
6.84 4.68 2.40 1.87 1.96 3.74 8.79 6.06 1.10 3.97
9.60 5.57 5.01 9.85 1.53 7.16 9.03 4.81 6.22 7.06
3.82 6.36 3.30 4.93 1.12 4.96 3.32 4.82 6.89 8.94
1.36 7.56 8.33 7.26 5.59 1.63 6.77 2.81 1.12 3.15
6.88 6.57 6.89 9.30 8.68 6.23 4.67 9.97 3.77 5.10
1.75 8.43 7.72 4.33 3.80 4.40 4.52 7.04 6.70 4.40
1.44 2.22 7.64 7.42 8.63 7.20 6.39 3.48 2.49 8.33
3.55 9.03 7.86 8.03 8.78 2.13 9.39 2.60 4.52 1.27
9.46 3.59 7.37 1.18 2.49 6.72 6.61 5.32 5.25 5.48
3.25 6.72 1.96 4.41 4.33 6.89 2.46 5.62 4.43 1.25
9.34 8.74 7.72 3.93 4.66 7.31 2.99 9.12 8.77 9.77
6.77 7.99 8.93 8.34 6.54 3.24 8.29 9.93 3.44 2.20
9.24 7.42 1.79 8.88 7.93 9.44 6.29 9.73 1.17 8.51
7.57 1.75 7.26 2.63 5.30 3.94 6.20 9.34 3.88 6.36
9.58 2.60 6.60 9.56 5.29 9.36 3.58 8.80 3.17 9.22
6.42 4.22 7.70 8.94 5.43 4.90 3.68 2.03 9.79 6.88
9.81 2.65 2.13 4.07 1.49 7.58 6.17 6.85 5.48 5.55
3.65 9.49 5.23 3.26 1.19 2.69 2.35 6.43 1.27 2.50
5.37 9.73 6.10 5.43 9.34 7.26 5.42 3.61 7.98 4.94
7.95 5.91 5.39 5.96 4.32 6.87 9.21 9.69 5.41 1.74
5.37 8.57 5.24 8.02 1.74 4.33 9.65 9.35 6.13 2.56
3.50 2.89 5.49 3.35 8.56 4.05 2.00 2.01 4.05 2.18
1.06 1.18 5.45 4.73 6.92 7.38 8.28 5.16 6.27 7.70
2.14 2.44 3.44 3.73 4.99 6.38 1.74 2.48 2.12 2.36
8.17 5.57 4.44 3.31 6.55 5.58 7.14 3.94 3.31 9.74
9.01 8.84 5.60 7.04 4.15 2.91 3.60 4.47 8.86 8.23
6.82 3.28 5.41 8.53 3.43 9.65 1.10 5.73 4.86 8.78
7.30 5.90 5.81 7.83 6.98 6.17 4.97 7.36 6.21 9.08
3.00 3.49 5.88 3.25 1.37 3.38 5.73 1.53 6.41 8.10
7.79 7.47 3.00 6.40 3.73 5.97 8.68 7.63 8.66 6.14
4.47 6.69 3.83 3.60 3.16 9.50 8.62 1.57 3.78 6.13
9.46 4.16 5.92 6.83 2.98 5.53 6.06 5.32 5.37 9.10
1.41 5.95 8.85 2.04 4.30 7.61 9.52 3.76 4.70 5.34
1.18 2.04 6.88 3.71 6.83 1.93 2.76 5.80 1.46 9.45
7.00 5.12 6.22 3.73 8.16 2.20 5.51 6.28 9.40 5.01
9.40 8.42 3.99 5.14 3.40 7.89 2.03 4.52 2.95 9.09
9.22 2.52 3.94 4.20 9.48 1.26 8.15 6.75 2.77 5.46
4.05 9.12 5.32 2.13 5.03 7.26 4.29 1.85 8.75 9.38
6.18 3.31 2.40 4.36 8.84 3.81 1.47 8.71 5.08 1.52
4.93 2.18 6.00 7.08 1.96 6.85 2.44 9.46 4.93 3.12
9.71 8.97 1.76 1.04 2.24 8.53 5.34 9.55 5.14 4.38
4.40 5.24 4.10 9.57 4.40 6.11 1.28 7.38 8.44 8.71
6.12 9.35 8.22 3.11 2.01 8.00 3.47 3.51 8.58 7.96
6.52 8.52 4.72 9.96 6.01 7.61 5.97 2.83 2.01 6.81
3.18 4.27 2.25 5.08 5.76 5.78 4.11 6.71 5.33 7.29
2.54 4.94 9.09 5.46 2.74 2.45 4.18 1.03 6.28 1.46
2.99 6.42 4.41 8.09 3.34 1.67 2.32 7.97 2.85 3.08
7.96 6.39 7.91 5.76 7.65 8.74 1.15 2.77 4.66 9.73
1.91 8.50 6.96 8.39 4.12 5.60 5.46 6.12 9.63 8.74
6.06 3.40 6.54 2.44 1.21 3.69 7.50 1.03 2.33 4.45
4.08 3.35 3.07 4.65 6.88 2.47 6.38 1.91 7.80 1.84
9.06 9.83 6.14 5.88 5.92 8.25 1.73 8.68 8.24 4.30
5.19 1.74 1.43 1.18 4.59 1.23 8.18 6.51 8.58 4.28
8.31 3.18 1.96 7.25 5.88 9.69 2.28 7.50 3.83 7.15
1.83 5.09 4.56 8.95 1.55 5.06 6.01 3.19 3.78 1.62
8.59 1.18 4.84 2.18 2.50 7.06 1.64 9.60 4.91 2.00
5.73 9.01 7.53 1.50 8.69 1.59 4.41 7.79 7.69 2.30
1.47 7.92 9.62 4.76 5.92 9.57 5.92 1.65 1.71 6.80
5.72 6.55 4.30 8.98 3.45 7.93 9.36 1.88 2.08 6.29
2.63 8.59 6.74 6.61 4.72 3.59 6.41 1.65 3.73 3.06
9.15 3.52 3.95 8.00 6.76 3.15 4.75 2.53 8.66 1.67
2.27 9.39 4.09 2.89 3.18 6.68 9.74 1.80 1.24 5.46
2.11 1.45 8.78 5.85 2.62 8.63 3.16 6.35 6.88 5.54
1.59 1.70 9.45 5.61 2.47 6.08 4.93 8.43 5.10 1.35
1.94 5.25 4.10 4.33 1.58 7.33 8.81 2.26 3.50 7.69
5.69 1.38 6.13 2.51 6.77 7.82 9.86 4.58 4.62 8.06
5.47 6.81 6.39 7.18 5.51 5.69 9.20 3.90 7.16 2.76
5.05 9.59 9.03 6.83 9.16 7.83 7.31 9.25 4.52 1.38
6.28 3.56 6.11 8.57 1.76 8.01 8.32 3.89 7.62 2.37
3.14 1.30 5.07 1.32 2.51 3.24 6.13 5.60 2.60 1.55
6.75 8.64 9.18 8.27 2.08 6.88 4.87 7.56 5.46 1.47
6.62 9.06 9.30 6.08 6.83 3.89 7.57 1.10 3.88 2.10
2.67 5.95 1.36 1.93 3.94 6.51 9.44 6.07 3.46 5.64
1.18 7.59 5.58 9.88 6.61 7.79 3.07 7.07 1.24 5.20
8.34 2.06 4.80 4.77 7.35 6.69 1.73 1.50 9.22 5.35
2.96 6.17 2.53 7.70 5.06 6.93 3.13 2.66 2.28 6.07
4.32 8.94 5.64 2.12 5.00 4.46 8.96 9.34 4.44 2.58
2.72 3.90 6.96 9.73 9.51 1.66 6.35 6.17 5.77 9.31
8.18 2.26 7.19 9.53 9.93 1.47 4.06 2.53 7.95 8.20
4.06 5.58 1.88 3.54 9.13 6.04 8.31 8.21 7.46 8.66
4.56 4.86 1.38 7.56 5.42 5.13 7.37 8.49 4.05 4.53
7.40 1.08 5.64 6.48 6.68 8.47 4.03 4.39 2.71 8.85
6.87 8.18 3.59 5.70 1.46 1.14 8.58 7.02 9.44 8.31
3.13 9.21 5.79 5.65 5.41 7.96 3.93 8.18 1.08 1.48
2.87 8.27 1.56 7.96 2.42 1.02 5.99 2.44 2.77 8.66
6.32 2.12 9.24 1.23 9.81 6.77 4.18 8.68 1.93 8.24
4.13 8.58 5.77 3.22 7.27 8.54 6.72 9.64 1.14 3.18
7.53 3.53 5.44 7.02 7.74 3.70 3.89 7.08 7.44 4.89
1.60 6.42 2.32 7.77 4.55 5.64 8.80 7.26 9.56 1.65
8.02 7.07 3.52 6.41 2.88 9.33 3.79 1.74 3.34 3.95
7.05 3.06 9.18 4.17 2.31 6.27 3.70 4.72 8.42 7.45
2.06 6.48 5.26 2.99 5.06 5.83 6.67 7.87 6.34 6.37
5.06 2.10 8.41 6.82 5.76 9.52 3.79 5.33 3.02 1.17
1.72 4.64 7.66 6.84 4.10 3.24 2.16 8.32 6.91 4.50
3.36 6.18 8.88 6.03 5.19 5.42 5.55 8.06 3.44 3.62
7.25 2.37 4.43 6.45 5.71 2.82 6.56 7.75 9.78 7.23
4.01 1.80 5.77 9.93 7.73 9.39 7.46 3.57 9.83 6.76
6.15 8.92 2.84 4.97 3.34 5.69 9.72 5.73 3.65 8.74
4.15 2.41 6.77 3.65 5.47 1.55 3.78 4.03 8.31 5.15
2.55 4.07 9.81 4.73 7.43 3.08 6.49 9.34 3.09 2.79
2.64 6.78 6.45 7.39 1.13 4.92 9.84 5.49 6.42 5.93
1.10 7.94 8.26 6.99 4.11 2.77 4.60 2.95 8.13 9.75
9.38 5.03 5.80 2.89 2.81 7.88 5.79 7.54 5.59 8.17
3.41 2.38 6.67 6.50 5.83 2.19 2.43 2.62 2.42 9.52
9.09 3.99 5.80 2.31 1.10 7.10 4.70 2.72 7.36 5.72
4.21 1.16 2.77 3.07 4.17 6.66 9.13 6.70 4.34 5.95
5.77 7.19 2.11 8.95 6.56 8.37 4.90 2.83 6.81 9.01
5.64 9.41 7.26 1.43 9.68 7.17 4.73 7.88 7.97 6.58
9.80 4.27 2.69 2.62 5.00 7.65 1.12 5.31 1.05 7.04
6.66 5.72 1.57 7.83 7.78 9.65 7.15 1.48 2.10 9.76
1.63 6.82 4.70 2.11 4.76 4.35 9.50 5.00 8.04 8.73
1.89 6.26 1.12 5.79 4.90 1.42 7.54 9.57 4.64 1.76
7.56 8.79 3.74 1.39 2.73 2.67 9.06 1.29 8.90 6.53
2.92 6.97 2.39 4.90 1.88 5.61 2.30 2.38 7.28 6.39
5.13 9.97 6.62 5.11 9.97 6.31 9.25 2.73 3.93 1.79
2.41 6.50 4.59 1.51 6.74 5.25 5.09 5.44 1.30 5.86
1.94 7.19 6.47 7.95 6.23 1.24 4.19 6.06 9.46 5.60
5.80 5.35 1.52 1.11 3.40 8.81 4.31 2.20 3.79 9.63
9.76 7.00 7.56 7.24 4.73 2.71 6.88 2.49 2.81 9.34
8.27 8.84 3.59 2.99 3.99 1.11 4.66 8.59 4.39 4.27
1.62 7.80 6.07 4.67 2.34 1.26 6.12 7.37 9.49 4.92
5.37 3.32 1.06 2.33 7.42 2.16 1.20 5.67 1.37 4.94
8.97 5.54 4.01 1.08 5.85 8.21 8.84 5.86 2.94 6.14
7.23 1.29 2.68 7.93 4.38 7.02 9.55 1.06 7.01 3.72
2.21 7.89 9.21 5.69 1.54 7.64 8.73 1.36 8.06 2.46
5.35 1.16 3.49 6.31 8.62 6.31 1.71 2.00 5.85 6.71
2.49 5.20 5.52 6.29 3.33 6.51 5.53 2.42 4.04 8.95
1.57 6.57 2.30 2.49 6.27 5.88 8.80 7.41 6.83 1.19
3.41 1.04 6.90 1.11 4.25 6.18 6.09 3.72 6.24 3.11
5.20 4.51 2.19 8.47 4.94 2.01 4.78 5.45 6.35 2.45
1.45 3.36 9.71 6.87 6.07 8.29 5.76 6.27 7.16 8.75
3.51 3.53 8.79 5.10 8.70 5.52 3.33 3.01 4.10 3.75
3.57 3.61 7.19 8.90 1.45 3.71 6.86 4.27 7.04 4.81
6.45 2.49 9.94 1.82 5.32 5.62 8.63 7.14 8.74 6.63
1.49 5.32 8.61 9.00 8.59 1.77 7.05 5.34 3.57 6.73
4.52 3.58 8.08 6.22 2.25 6.86 3.95 1.54 9.48 8.39
7.20 3.18 3.98 3.89 6.57 2.52 4.23 4.48 2.71 1.16
1.25 7.15 8.68 6.62 7.90 7.75 7.44 1.98 9.02 5.73
9.56 5.66 1.56 5.88 5.31 2.66 7.14 1.35 3.95 6.79
2.82 4.39 6.75 3.21 2.40 5.45 6.11 8.85 2.69 8.47
9.54 3.01 7.26 8.23 4.30 1.42 3.72 4.21 3.93 1.02
1.32 7.68 6.64 7.10 7.45 8.84 4.70 3.42 3.01 1.24
8.82 2.62 6.13 5.12 7.45 7.44 6.63 9.13 8.34 3.25
3.59 2.46 9.91 7.05 1.17 9.13 7.65 4.59 3.69 1.16
6.51 3.43 8.42 2.72 1.03 1.65 8.97 7.91 7.77 5.82
8.64 4.78 9.08 8.94 2.68 1.91 9.61 6.92 2.12 7.06
9.29 6.50 2.30 5.12 9.06 7.07 7.99 7.09 7.01 9.90
3.64 3.73 8.40 9.11 6.41 2.21 1.66 8.69 4.40 5.49
5.66 7.18 8.62 4.01 5.97 1.12 7.48 2.08 2.63 5.68
9.45 5.06 7.27 3.49 3.00 8.65 9.12 1.45 2.19 1.72
6.05 6.21 5.77 5.09 3.09 4.06 2.63 3.65 2.98 2.20
5.94 8.10 3.61 7.56 6.16 1.81 4.03 4.70 8.61 5.21
1.02 8.46 5.44 4.47 1.44 7.72 6.66 4.94 5.42 6.56
1.33 8.25 2.48 2.61 3.33 7.92 1.76 2.08 4.29 3.12
6.43 8.26 8.64 1.30 7.68 1.04 4.89 5.88 2.76 4.52
9.79 8.44 9.34 1.55 2.04 1.38 8.45 6.55 2.01 9.60
2.66 9.51 3.18 3.30 6.11 9.66 5.48 2.20 5.79 4.78
2.47 4.03 8.41 3.59 5.16 7.49 4.93 6.17 3.37 8.17
7.20 1.50 2.75 5.55 3.80 8.27 5.83 4.49 1.70 3.45
9.67 8.59 5.90 5.72 4.29 7.45 4.56 7.82 9.81 6.62
3.19 1.22 4.69 2.85 6.48 4.08 1.29 7.93 6.84 9.85
1.37 5.69 4.90 7.13 3.02 6.48 4.15 6.18 3.56 6.20
2.93 5.35 5.37 9.96 2.54 1.13 9.10 2.72 8.70 5.94
1.96 1.35 2.54 5.72 5.20 1.07 3.16 4.78 6.85 1.32
1.11 8.82 7.57 4.81 2.70 7.09 8.49 3.34 1.46 5.39
9.33 4.89 5.08 8.59 9.88 6.39 3.84 5.94 7.07 4.52
1.36 8.73 4.31 9.49 9.16 7.76 3.96 5.85 9.62 6.45
1.05 4.96 4.33 2.08 9.92 7.99 7.94 6.44 6.32 5.86
3.75 9.61 4.41 6.23 5.44 4.74 5.62 4.64 5.45 9.22
2.17 3.96 4.82 9.96 9.36 6.11 1.17 9.54 8.57 6.73
2.62 5.78 2.86 6.49 4.88 9.65 3.88 8.94 7.91 3.85
1.95 1.66 1.95 5.60 6.75 7.44 2.05 3.28 4.34 7.99
3.25 8.31 7.10 9.93 7.19 9.76 4.69 4.87 2.28 7.58
5.64 2.92 6.56 5.82 5.97 9.95 9.99 7.04 4.76 8.95
9.61 7.28 4.07 6.30 8.65 2.54 3.16 4.26 8.07 2.70
2.80 8.47 5.56 6.00 8.94 2.54 6.59 2.20 8.63 5.90
5.44 8.28 1.43 7.06 2.05 7.77 7.12 6.97 1.36 3.34
7.83 1.13 7.33 1.29 7.46 4.99 8.77 2.04 1.97 7.48
2.28 1.38 1.63 3.46 1.92 5.26 7.02 6.88 4.54 6.46
1.49 3.37 9.23 5.89 8.72 5.75 7.30 3.51 1.21 1.64
4.93 2.11 4.74 2.96 6.21 3.90 3.52 9.42 2.51 5.13
2.50 7.69 7.75 3.86 5.02 1.71 4.31 1.54 1.38 3.26
2.76 5.74 2.71 7.54 1.41 5.54 3.10 4.65 1.69 2.14
7.63 1.74 1.51 6.24 7.78 1.08 8.90 1.60 9.85 6.65
5.16 6.51 4.09 7.71 8.65 9.45 1.50 6.80 2.81 8.88
1.11 6.73 7.93 3.60 7.19 9.34 7.23 7.87 2.77 1.47
1.81 7.17 8.89 8.00 2.52 6.60 3.45 7.67 9.95 7.05
5.31 3.64 5.38 3.94 3.94 6.27 1.84 3.50 8.57 3.40
4.00 7.54 9.60 6.41 3.98 7.85 5.91 3.02 1.73 8.41
5.56 2.11 5.71 7.12 9.67 3.56 5.22 3.16 7.16 2.54
1.20 7.26 2.98 7.62 8.05 3.33 7.42 5.93 7.65 7.92
7.18 3.81 8.12 9.51 4.27 9.05 7.85 1.25 8.94 2.41
4.07 1.68 8.02 6.65 8.55 7.99 4.18 4.75 7.49 9.84
8.56 3.95 5.50 4.97 2.20 7.16 5.80 6.86 8.09 4.11
4.06 8.47 3.05 5.72 1.94 6.96 2.86 6.50 4.80 2.43
5.19 2.06 4.85 4.39 2.81 5.24 7.03 5.47 1.97 1.16
6.29 6.06 7.22 9.85 9.28 5.06 7.50 3.57 2.27 3.30
6.65 4.41 9.56 1.91 6.29 7.81 9.87 3.83 2.52 8.10
2.98 2.50 8.26 5.38 3.99 5.11 1.49 7.33 4.52 2.48
7.36 8.57 2.28 9.97 9.19 7.16 6.01 7.12 4.72 9.69
5.31 3.18 9.12 2.05 7.84 5.92 4.17 1.79 7.35 5.37
1.34 3.18 8.41 3.91 4.43 9.47 6.99 6.42 7.12 4.68
2.40 8.40 6.48 4.07 6.43 4.55 9.56 8.79 3.52 8.83
9.47 8.01 6.98 6.92 6.29 5.51 3.29 7.94 6.99 8.23
3.13 3.47 7.64 5.29 8.21 8.24 8.70 1.79 5.73 1.54
2.73 6.28 9.41 9.71 3.63 9.90 5.85 2.08 3.27 8.48
9.40 3.22 1.25 8.64 9.94 5.45 7.45 4.10 1.12 7.90
2.48 6.01 6.17 1.38 3.23 8.02 2.66 3.29 2.67 6.64
2.02 6.47 7.85 4.04 1.14 2.84 6.48 8.90 8.00 1.86
8.75 4.86 8.67 9.31 4.81 2.36 2.59 6.20 5.66 9.81
2.35 2.30 2.84 4.93 8.09 6.92 8.21 6.38 1.96 8.47
7.48 9.48 2.01 4.80 3.71 3.81 2.37 3.98 4.40 2.82
5.64 6.44 1.34 1.99 4.77 9.73 7.92 7.65 1.31 7.35
3.79 2.54 4.33 8.37 4.77 6.02 9.49 4.25 6.64 1.13
7.48 2.91 3.89 9.66 3.62 4.85 5.82 7.14 8.35 9.35
1.88 9.14 5.51 4.47 7.25 5.53 3.05 1.82 8.33 1.99
4.94 8.10 1.90 9.41 7.65 6.35 4.63 3.00 2.72 5.21
7.77 2.23 3.06 6.74 3.25 1.03 1.07 5.77 7.47 2.85
2.90 9.48 5.85 3.26 1.25 3.70 3.70 9.23 7.66 2.90
3.09 2.42 7.29 4.23 4.36 6.02 1.73 6.05 7.11 7.54
5.04 8.01 7.74 9.52 7.67 1.55 5.13 7.11 8.38 9.85
8.60 7.29 7.35 4.63 9.89 6.66 6.87 4.58 7.08 2.46
1.48 7.01 1.41 2.09 7.85 2.28 4.51 8.15 6.03 6.36
6.61 9.97 6.93 6.25 9.20 3.01 3.34 1.79 9.99 4.42
4.67 9.12 5.82 2.30 4.29 7.39 4.43 8.72 9.63 4.20
4.97 8.00 6.60 6.58 2.34 2.14 1.11 2.54 2.90 8.07
7.00 3.65 4.57 7.43 2.20 3.43 1.57 4.84 3.51 7.22
2.24 3.05 3.25 4.95 1.87 5.25 5.62 6.90 7.19 8.16
6.58 5.71 1.05 6.72 6.75 7.58 2.62 3.89 8.66 3.41
1.32 3.54 6.69 7.08 3.01 6.90 2.62 8.06 2.73 7.57
5.28 4.96 3.10 9.84 8.72 3.90 4.52 3.59 3.75 5.78
4.62 8.24 2.97 8.35 5.01 6.68 1.37 2.62 2.20 3.63
9.19 1.12 3.00 7.45 6.87 2.71 6.29 2.98 5.88 5.58
1.47 8.04 8.00 1.26 3.40 1.73 7.89 3.20 9.00 9.23
4.44 7.53 6.84 3.73 3.98 3.48 5.45 9.87 3.76 4.61
8.93 2.92 2.43 2.07 5.01 3.22 7.43 6.94 2.60 7.46
9.83 9.39 2.86 7.66 6.75 3.90 8.02 9.73 4.84 3.89
1.26 7.44 2.27 9.96 6.24 4.02 6.09 7.75 6.53 4.10
5.49 6.68 4.92 7.40 8.61 3.97 6.59 5.53 6.88 1.71
8.75 9.67 8.71 6.10 2.77 4.36 8.94 9.31 8.16 6.79
3.25 2.48 1.06 3.64 5.82 2.33 5.39 7.40 9.92 9.51
1.27 6.85 9.28 2.34 3.93 1.45 3.95 8.90 3.69 3.57
2.48 7.71 1.94 3.81 2.80 7.82 2.99 1.59 2.65 9.37
3.07 6.01 5.46 7.24 7.59 5.39 6.90 6.74 6.57 1.51
5.61 6.51 2.28 5.87 8.74 9.27 7.72 6.57 1.01 1.45
2.62 7.37 8.13 5.77 3.92 7.71 2.15 9.45 2.04 2.72
7.80 8.53 4.38 4.93 5.32 4.52 4.31 7.09 7.98 3.24
8.28 9.94 3.54 7.72 4.23 9.00 9.94 4.87 3.31 4.80
9.52 4.85 1.74 3.50 7.12 3.66 1.39 3.75 8.51 8.53
7.60 9.97 7.16 6.77 4.76 6.36 2.47 8.95 1.57 3.38
8.87 9.79 8.80 2.21 8.21 6.82 8.85 6.57 2.94 6.89
4.88 5.67 4.32 6.42 2.69 4.20 6.34 6.46 7.69 2.64
7.88 6.13 7.54 3.52 6.48 5.95 5.53 4.12 2.74 3.16
8.06 3.53 4.13 1.49 2.34 3.79 1.11 4.87 8.66 4.92
4.91 4.96 1.69 8.53 6.39 8.86 8.74 7.30 6.66 4.88
1.02 2.03 5.25 4.19 4.41 2.58 5.49 3.61 7.42 1.51
1.70 5.22 7.03 6.24 1.05 8.05 7.43 8.59 6.32 7.42
9.48 4.00 5.85 2.27 5.79 7.18 1.12 3.36 6.38 8.34
6.37 9.11 4.25 3.46 8.45 2.36 8.15 7.65 2.58 7.32
9.35 2.34 7.70 2.86 1.65 1.81 2.17 6.41 7.43 8.00
6.29 6.61 3.27 2.95 2.31 1.54 7.64 5.79 7.09 3.94
8.70 3.14 1.68 3.32 4.60 1.48 9.63 9.32 1.35 3.25
9.31 5.56 1.95 6.55 4.21 7.61 2.04 5.00 3.81 8.48
5.59 6.85 4.54 4.39 7.36 9.21 3.78 4.37 6.80 8.80
4.08 9.38 2.01 5.15 3.79 8.23 6.98 9.22 1.48 5.89
5.74 5.22 8.13 3.80 2.20 7.54 4.31 5.18 5.71 6.20
5.86 8.55 7.09 4.71 9.96 9.86 3.20 4.85 4.41 8.88
8.90 7.87 8.78 9.76 2.90 5.31 2.63 8.78 5.79 8.10
2.44 5.98 9.38 8.26 8.62 5.25 6.83 1.21 5.55 2.40
4.31 4.38 9.35 5.27 8.57 2.29 9.32 1.66 4.11 8.90
2.68 6.62 7.16 1.53 4.33 9.52 3.75 5.06 6.99 2.55
9.80 7.21 4.95 1.15 5.09 4.79 6.55 6.71 2.79 1.49
7.00 9.31 6.75 6.20 8.81 6.05 2.29 6.89 6.73 3.06
9.85 2.50 4.03 8.21 4.43 3.04 8.95 5.72 7.88 5.71
1.63 3.82 9.05 5.36 4.51 2.55 6.58 8.84 4.13 1.15
4.74 5.75 3.54 1.05 7.76 1.65 2.09 6.25 9.04 9.17
8.30 9.53 2.83 8.88 9.34 5.38 6.91 8.30 3.23 9.23
7.13 3.34 5.41 3.02 7.20 8.35 3.91 4.90 2.73 4.50
1.83 3.70 6.62 1.31 6.35 1.61 7.89 6.42 2.19 1.58
4.15 7.86 5.65 4.70 8.17 1.15 7.13 1.60 8.57 1.73
7.35 5.61 6.97 3.89 4.35 2.76 5.95 4.85 7.80 4.97
5.93 4.14 5.03 8.46 9.54 5.76 3.77 9.35 1.68 2.25
8.78 1.60 1.52 2.51 4.97 5.03 5.25 3.79 1.19 5.47
7.56 9.82 9.11 8.33 5.11 2.18 4.30 5.38 2.07 4.51
7.78 3.66 4.39 2.18 3.18 6.77 1.68 8.88 6.59 2.25
6.25 7.97 3.33 6.76 8.62 2.56 3.29 3.97 5.62 9.94
7.62 3.93 1.80 4.88 5.04 8.77 2.25 6.18 9.38 7.04
3.71 6.73 9.59 9.11 5.99 1.76 8.54 8.04 1.33 5.42
3.69 5.23 6.16 3.93 4.20 5.25 3.43 8.23 1.85 1.04
1.70 5.38 3.82 3.34 3.19 1.65 4.83 8.52 1.64 9.85
2.42 1.46 7.93 7.28 3.56 3.59 4.92 4.18 1.37 1.90
9.43 8.69 4.19 4.24 9.95 2.39 3.37 6.60 3.62 8.00
3.32 7.83 4.96 9.31 9.09 1.56 3.51 5.08 3.24 9.78
1.26 6.49 1.54 9.05 7.94 5.03 1.94 5.09 7.10 3.72
8.41 3.17 9.18 4.48 4.12 5.52 2.06 6.60 3.94 4.44
2.80 6.29 6.22 4.04 8.64 4.08 9.81 3.78 7.81 1.52
1.29 5.82 8.93 9.99 5.38 7.51 8.98 9.53 5.97 5.45
4.61 2.70 6.47 8.78 1.01 7.78 8.18 3.01 8.61 8.54
9.53 9.10 6.99 7.33 9.37 8.87 2.85 5.45 1.46 7.55
2.51 3.45 4.11 1.18 3.15 4.83 7.26 8.81 9.76 7.32
2.64 1.31 9.28 9.18 8.28 9.11 2.23 1.28 6.11 4.83
1.93 2.58 6.65 3.34 1.01 6.92 9.76 9.96 7.20 7.22
4.18 1.31 4.43 1.90 2.93 5.38 3.89 8.41 1.97 4.99
7.34 4.25 7.58 5.26 2.99 2.94 4.33 2.22 5.67 9.12
1.64 2.94 2.39 5.66 9.12 2.83 6.41 6.83 1.03 9.39
2.56 2.71 2.62 2.46 2.05 7.28 7.04 5.34 3.12 3.94
1.85 3.82 7.49 2.23 6.88 7.06 1.72 5.15 9.01 3.05
2.87 2.11 7.25 2.53 1.40 5.18 3.62 6.42 1.78 6.89
5.05 7.10 1.80 8.67 3.26 1.53 5.96 6.59 3.40 2.03
8.69 4.27 3.94 6.36 7.50 4.53 7.92 2.48 9.09 9.30
9.62 1.99 7.13 2.09 6.11 3.30 3.56 2.84 8.44 4.36
8.66 1.19 6.03 3.19 3.24 9.68 2.83 5.26 5.77 4.26
6.50 9.45 7.51 1.68 8.69 4.09 2.04 5.70 3.15 3.72
3.54 3.10 3.96 3.26 7.32 3.91 6.37 4.68 1.80 3.48
3.22 4.19 4.47 8.64 4.18 3.20 2.54 8.27 8.11 6.12
8.88 4.19 9.81 1.64 4.59 6.29 9.76 2.76 2.37 4.15
8.43 4.14 8.87 7.56 4.27 9.91 3.02 8.97 6.75 2.23
9.95 3.82 9.81 6.95 6.86 5.85 1.09 5.80 4.63 7.94
4.14 3.60 4.26 7.15 1.72 7.82 5.93 5.40 9.58 4.89
1.25 9.28 6.78 1.21 7.91 8.61 6.04 6.65 4.95 2.32
1.79 4.05 3.68 6.61 8.47 3.64 5.34 2.15 1.59 6.83
8.75 1.41 7.91 8.10 7.48 8.54 5.56 9.71 8.66 1.58
3.68 2.39 8.09 3.21 9.96 9.12 1.98 5.83 6.05 7.16
5.96 6.42 6.38 5.62 3.17 1.43 5.95 2.86 9.70 7.50
3.01 1.72 7.79 1.37 6.22 4.30 2.40 1.30 9.62 9.33
1.78 4.39 6.59 1.37 1.28 8.42 9.81 5.92 7.17 9.29
2.82 6.47 2.56 1.12 3.06 5.87 2.30 2.28 1.04 5.51
9.68 7.24 3.47 1.01 7.68 9.15 4.47 7.67 9.81 5.81
8.28 3.82 6.75 2.26 9.16 5.79 3.17 6.06 9.20 5.95
6.86 8.43 4.88 4.23 2.51 7.97 7.41 3.92 7.87 1.83
8.11 9.03 6.42 1.15 9.19 9.14 5.37 2.76 4.49 3.21
4.86 1.23 8.55 2.99 6.34 5.16 2.53 1.37 9.55 6.25
5.47 9.00 3.56 1.17 7.72 2.73 6.23 1.43 1.80 3.37
8.66 3.58 9.23 3.50 8.62 5.07 1.30 2.99 2.23 5.21
6.11 5.30 2.09 9.47 9.71 2.49 2.33 7.74 2.30 1.22
5.08 6.44 3.59 5.10 4.71 3.62 3.88 2.58 3.91 4.43
7.16 9.21 6.43 3.45 1.02 5.16 2.06 6.39 5.67 4.44
6.27 8.73 5.35 5.08 2.45 3.91 7.22 9.80 7.84 3.94
2.87 5.02 8.72 6.73 7.04 9.65 4.16 4.34 5.43 5.73
4.73 4.06 3.92 2.09 6.43 1.74 2.16 8.10 4.95 8.08
3.56 6.48 5.33 9.41 8.25 6.26 3.63 5.52 2.27 7.78
8.37 4.55 9.67 1.56 1.16 1.50 2.28 9.99 7.59 3.54
6.35 5.47 3.77 7.59 1.95 6.69 5.56 4.57 6.87 4.53
2.01 3.83 8.34 2.47 7.38 7.05 5.99 5.85 4.56 6.43
6.90 8.54 4.68 5.33 7.11 1.11 6.71 2.22 6.18 1.43
5.30 2.09 5.19 2.94 1.78 7.36 3.57 7.33 9.19 5.54
5.94 9.10 3.81 2.86 6.18 7.77 4.91 3.88 1.74 8.48
3.79 6.47 4.86 6.14 6.20 9.62 6.38 6.33 3.63 2.24
1.37 6.72 9.16 8.32 8.43 6.29 2.30 6.50 3.76 9.02
3.58 8.18 8.28 6.50 8.71 2.54 3.80 5.17 9.89 4.66
8.54 2.06 2.06 7.76 2.60 5.89 6.43 6.96 2.85 3.18
9.41 5.75 6.60 2.49 2.23 2.90 5.94 7.67 7.77 2.42
7.38 9.75 1.23 9.59 7.24 8.41 6.94 9.40 3.26 1.49
1.75 7.32 5.22 5.83 4.39 9.23 8.91 7.90 4.90 6.36
1.62 7.77 9.09 9.12 9.07 4.95 1.87 6.72 5.73 1.47
1.47 3.65 4.74 2.71 8.95 2.18 8.95 3.33 1.26 2.28
9.99 4.56 9.27 5.95 4.76 2.64 1.15 1.52 1.73 1.85

Demandas:
1 0 0 0 0 0
0 0 1 0 0 0
0 0 0 0 1 0
0 0 0 1 0 0
0 0 1 0 0 0
0 0 1 0 0 0
0 0 0 0 1 0
0 0 1 0 0 0
0 0 0 0 0 1
0 0 0 0 1 0
0 0 0 0 1 0
0 0 1 0 0 0
0 0 0 0 0 1
1 0 0 0 0 0
0 0 1 0 0 0
0 0 0 0 0 1
0 0 0 1 0 0
0 0 0 0 1 0
0 0 0 0 0 1
0 1 0 0 0 0
0 0 0 0 1 0
1 0 0 0 0 0
0 1 0 0 0 0
0 0 1 0 0 0
0 0 0 0 1 0
1 0 0 0 0 0
0 0 0 0 1 0
0 0 0 0 0 1
1 0 0 0 0 0
1 0 0 0 0 0
0 0 0 0 0 1
1 0 0 0 0 0
0 0 1 0 0 0
1 0 0 0 0 0
0 0 0 0 1 0
0 0 0 0 1 0
0 0 0 1 0 0
0 0 0 0 0 1
0 0 0 1 0 0
0 0 0 1 0 0
0 0 0 0 1 0
0 0 0 0 1 0
1 0 0 0 0 0
0 0 1 0 0 0
0 1 0 0 0 0
0 0 0 0 1 0
1 0 0 0 0 0
0 0 0 1 0 0
0 0 0 1 0 0
0 0 0 0 1 0
0 0 0 0 0 1
0 1 0 0 0 0
0 1 0 0 0 0
0 0 1 0 0 0
1 0 0 0 0 0
0 0 1 0 0 0
0 0 0 1 0 0
0 1 0 0 0 0
0 0 1 0 0 0
0 0 0 1 0 0
0 1 0 0 0 0
0 0 0 0 0 1
0 1 0 0 0 0
0 1 0 0 0 0
0 0 0 0 0 1
0 0 0 0 1 0
1 0 0 0 0 0
0 0 0 1 0 0
1 0 0 0 0 0
0 0 0 0 1 0
0 0 0 0 0 1
0 0 0 0 0 1
0 0 0 0 0 1
0 0 0 1 0 0
0 0 0 0 0 1
0 1 0 0 0 0
0 0 1 0 0 0
0 0 1 0 0 0
0 1 0 0 0 0
0 0 0 0 0 1
1 0 0 0 0 0
0 0 0 0 1 0
0 1 0 0 0 0
0 0 0 0 1 0
0 0 1 0 0 0
0 0 0 0 0 1
0 0 0 0 0 1
0 0 0 0 0 1
0 1 0 0 0 0
0 0 1 0 0 0
0 0 0 1 0 0
0 0 0 1 0 0
0 0 1 0 0 0
0 0 1 0 0 0
0 0 0 0 0 1
0 0 0 0 1 0
0 0 0 0 1 0
0 0 1 0 0 0
0 1 0 0 0 0
1 0 0 0 0 0
0 0 0 0 0 1
0 0 0 0 0 1
0 0 0 1 0 0
0 0 1 0 0 0
0 0 0 1 0 0
0 0 1 0 0 0
0 1 0 0 0 0
0 0 0 0 0 1
0 0 0 0 0 1
0 1 0 0 0 0
1 0 0 0 0 0
0 1 0 0 0 0
1 0 0 0 0 0
0 0 0 0 0 1
0 0 0 0 0 1
1 0 0 0 0 0
0 0 0 0 0 1
0 1 0 0 0 0
0 0 1 0 0 0
0 1 0 0 0 0
0 0 0 0 0 1
0 0 1 0 0 0
0 0 1 0 0 0
0 0 0 0 0 1
1 0 0 0 0 0
1 0 0 0 0 0
0 0 0 1 0 0
0 0 1 0 0 0
0 0 0 0 1 0
0 0 1 0 0 0
0 0 0 1 0 0
0 0 1 0 0 0
0 0 1 0 0 0
0 0 0 0 0 1
0 0 1 0 0 0
0 0 1 0 0 0
0 0 0 0 1 0
0 0 0 1 0 0
0 0 0 1 0 0
0 1 0 0 0 0
0 0 0 0 0 1
0 1 0 0 0 0
0 0 0 1 0 0
0 1 0 0 0 0
0 0 0 0 1 0
1 0 0 0 0 0
0 0 0 0 1 0
0 0 0 1 0 0
1 0 0 0 0 0
0 0 0 0 0 1
0 0 0 0 0 1
0 1 0 0 0 0
0 0 0 0 1 0
0 0 1 0 0 0
0 1 0 0 0 0
1 0 0 0 0 0
0 0 1 0 0 0
0 1 0 0 0 0
0 0 0 1 0 0
0 0 0 0 0 1
1 0 0 0 0 0
1 0 0 0 0 0
1 0 0 0 0 0
0 0 0 0 1 0
0 0 0 1 0 0
1 0 0 0 0 0
1 0 0 0 0 0
0 1 0 0 0 0
0 0 0 1 0 0
0 1 0 0 0 0
0 0 0 0 1 0
0 0 1 0 0 0
1 0 0 0 0 0
0 0 1 0 0 0
0 0 0 1 0 0
0 0 0 1 0 0
0 0 1 0 0 0
0 0 0 0 1 0
0 0 0 0 1 0
0 0 0 1 0 0
0 0 0 0 0 1
0 0 0 0 1 0
0 0 0 1 0 0
0 0 0 0 1 0
0 0 0 0 1 0
0 0 0 1 0 0
0 0 0 1 0 0
0 0 0 1 0 0
0 1 0 0 0 0
1 0 0 0 0 0
0 0 0 0 0 1
0 1 0 0 0 0
0 0 0 1 0 0
0 0 0 1 0 0
0 0 0 0 1 0
0 1 0 0 0 0
0 0 0 0 1 0
0 0 0 0 0 1
1 0 0 0 0 0
0 0 0 0 1 0
0 1 0 0 0 0
1 0 0 0 0 0
1 0 0 0 0 0
0 0 0 0 0 1
0 0 0 0 0 1
0 0 0 1 0 0
0 1 0 0 0 0
1 0 0 0 0 0
0 0 1 0 0 0
0 0 0 0 0 1
0 1 0 0 0 0
0 0 0 0 0 1
0 0 0 0 0 1
0 0 0 0 0 1
1 0 0 0 0 0
0 0 1 0 0 0
1 0 0 0 0 0
0 0 0 0 1 0
1 0 0 0 0 0
0 0 0 0 0 1
1 0 0 0 0 0
0 0 0 0 1 0
0 0 0 1 0 0
0 0 0 1 0 0
0 0 0 0 0 1
1 0 0 0 0 0
0 0 0 0 1 0
1 0 0 0 0 0
1 0 0 0 0 0
0 0 0 0 0 1
0 0 0 0 0 1
0 0 1 0 0 0
1 0 0 0 0 0
0 0 0 0 0 1
1 0 0 0 0 0
0 1 0 0 0 0
0 0 0 1 0 0
1 0 0 0 0 0
0 0 1 0 0 0
0 0 0 1 0 0
0 0 0 1 0 0
1 0 0 0 0 0
0 0 0 0 0 1
1 0 0 0 0 0
0 0 0 0 0 1
0 0 0 1 0 0
0 0 1 0 0 0
0 0 0 0 0 1
0 0 0 0 1 0
0 0 0 0 0 1
0 0 0 1 0 0
0 0 0 1 0 0
0 0 0 0 1 0
1 0 0 0 0 0
0 0 0 1 0 0
0 0 0 0 0 1
0 1 0 0 0 0
1 0 0 0 0 0
0 0 0 0 0 1
0 0 0 0 0 1
0 0 0 0 0 1
0 0 1 0 0 0
0 0 0 1 0 0
0 0 0 0 1 0
0 0 0 0 0 1
0 0 0 1 0 0
0 0 0 0 1 0
0 0 0 0 1 0
0 1 0 0 0 0
0 0 0 0 0 1
0 0 1 0 0 0
0 0 0 1 0 0
0 0 0 0 1 0
0 0 1 0 0 0
0 1 0 0 0 0
0 0 0 0 0 1
0 1 0 0 0 0
0 0 0 1 0 0
0 0 0 1 0 0
0 0 0 1 0 0
0 0 0 0 1 0
0 0 1 0 0 0
0 0 0 0 0 1
1 0 0 0 0 0
0 1 0 0 0 0
0 0 0 0 1 0
0 0 0 1 0 0
0 1 0 0 0 0
0 0 0 1 0 0
0 0 0 1 0 0
0 0 1 0 0 0
1 0 0 0 0 0
0 0 0 1 0 0
0 1 0 0 0 0
1 0 0 0 0 0
0 1 0 0 0 0
0 0 1 0 0 0
0 0 0 0 0 1
0 0 1 0 0 0
0 0 0 0 0 1
0 0 1 0 0 0
1 0 0 0 0 0
1 0 0 0 0 0
0 0 0 0 1 0
0 0 0 0 1 0
0 0 0 0 0 1
0 0 0 0 0 1
1 0 0 0 0 0
0 0 0 0 1 0
0 0 1 0 0 0
0 1 0 0 0 0
0 0 0 0 0 1
0 0 1 0 0 0
0 0 0 0 0 1
0 0 0 0 1 0
1 0 0 0 0 0
0 1 0 0 0 0
0 1 0 0 0 0
0 0 0 0 0 1
1 0 0 0 0 0
1 0 0 0 0 0
0 0 0 1 0 0
0 0 1 0 0 0
0 0 0 0 0 1
0 0 0 1 0 0
1 0 0 0 0 0
0 0 0 0 1 0
0 0 0 0 1 0
0 1 0 0 0 0
0 0 0 1 0 0
0 0 0 0 1 0
0 1 0 0 0 0
0 0 0 1 0 0
1 0 0 0 0 0
0 0 0 1 0 0
1 0 0 0 0 0
0 0 0 1 0 0
0 0 1 0 0 0
0 1 0 0 0 0
1 0 0 0 0 0
0 0 0 0 0 1
0 1 0 0 0 0
0 0 0 0 0 1
0 0 1 0 0 0
0 0 0 0 1 0
0 0 0 0 1 0
0 0 1 0 0 0
0 0 0 0 1 0
0 0 0 0 1 0
0 0 0 1 0 0
0 1 0 0 0 0
0 0 1 0 0 0
0 1 0 0 0 0
0 0 0 1 0 0
0 0 0 0 1 0
0 0 0 0 1 0
0 0 0 0 0 1
0 0 0 1 0 0
0 0 1 0 0 0
0 0 1 0 0 0
0 0 0 1 0 0
0 0 0 1 0 0
1 0 0 0 0 0
0 1 0 0 0 0
0 1 0 0 0 0
0 0 0 0 0 1
0 1 0 0 0 0
0 0 0 1 0 0
0 0 1 0 0 0
0 1 0 0 0 0
0 1 0 0 0 0
1 0 0 0 0 0
0 0 0 1 0 0
1 0 0 0 0 0
0 1 0 0 0 0
0 1 0 0 0 0
0 0 1 0 0 0
0 0 1 0 0 0
0 0 0 1 0 0
0 0 0 0 1 0
0 0 1 0 0 0
1 0 0 0 0 0
0 0 0 0 1 0
0 1 0 0 0 0
0 0 0 0 0 1
0 1 0 0 0 0
0 1 0 0 0 0
0 0 1 0 0 0
0 1 0 0 0 0
0 0 0 1 0 0
0 0 0 0 1 0
0 0 0 0 1 0
0 1 0 0 0 0
0 0 0 0 1 0
1 0 0 0 0 0
0 0 0 0 1 0
1 0 0 0 0 0
0 0 0 0 1 0
0 0 0 0 0 1
0 1 0 0 0 0
0 0 0 1 0 0
0 0 0 0 1 0
0 1 0 0 0 0
0 1 0 0 0 0
0 0 0 0 0 1
0 0 0 1 0 0
0 0 0 0 0 1
0 0 0 0 1 0
0 0 0 1 0 0
1 0 0 0 0 0
0 0 1 0 0 0
0 1 0 0 0 0
0 0 0 0 1 0
0 0 0 0 1 0
0 0 0 0 1 0
0 0 0 0 1 0
0 0 1 0 0 0
1 0 0 0 0 0
0 0 0 0 0 1
0 0 0 0 0 1
0 0 0 0 1 0
1 0 0 0 0 0
0 0 0 0 1 0
1 0 0 0 0 0
0 0 0 0 1 0
0 0 1 0 0 0
0 0 0 0 1 0
0 0 0 0 0 1
0 0 0 0 0 1
0 0 0 0 1 0
0 0 1 0 0 0
0 0 0 0 1 0
0 0 0 0 1 0
0 0 0 0 1 0
0 0 0 0 1 0
0 0 0 0 1 0
0 0 0 0 1 0
0 1 0 0 0 0
0 0 0 0 1 0
0 1 0 0 0 0
0 0 0 0 1 0
1 0 0 0 0 0
1 0 0 0 0 0
0 0 0 0 1 0
1 0 0 0 0 0
0 0 1 0 0 0
0 0 0 0 1 0
0 0 0 0 1 0
0 0 0 0 1 0
0 1 0 0 0 0
1 0 0 0 0 0
0 0 0 1 0 0
0 0 0 0 0 1
0 1 0 0 0 0
0 0 0 0 0 1
0 0 1 0 0 0
0 0 0 0 1 0
0 0 0 1 0 0
0 0 1 0 0 0
0 0 0 1 0 0
0 0 0 0 1 0
0 0 0 0 0 1
0 0 1 0 0 0
0 0 0 0 1 0
0 0 0 1 0 0
0 0 1 0 0 0
0 1 0 0 0 0
0 0 0 0 1 0
0 1 0 0 0 0
0 0 1 0 0 0
0 1 0 0 0 0
0 0 0 1 0 0
0 0 1 0 0 0
0 1 0 0 0 0
0 0 0 0 1 0
0 1 0 0 0 0
0 0 0 1 0 0
0 0 1 0 0 0
0 1 0 0 0 0
0 1 0 0 0 0
0 0 1 0 0 0
0 0 0 0 0 1
1 0 0 0 0 0
0 0 0 0 1 0
0 0 0 1 0 0
0 1 0 0 0 0
0 0 0 1 0 0
1 0 0 0 0 0
0 0 1 0 0 0
0 0 0 0 1 0
0 0 0 0 0 1
0 0 0 1 0 0
0 0 0 0 0 1
0 0 1 0 0 0
0 0 0 1 0 0
0 0 0 1 0 0
0 0 0 0 0 1
0 0 0 0 1 0
0 0 0 0 0 1
1 0 0 0 0 0
1 0 0 0 0 0
0 0 0 0 0 1
0 0 0 0 1 0
0 0 0 1 0 0
0 0 0 0 0 1
0 0 0 0 1 0
0 0 0 0 1 0
0 0 0 1 0 0
0 0 1 0 0 0
0 0 0 0 0 1
0 0 1 0 0 0
0 0 0 0 0 1
0 0 0 1 0 0
0 0 0 0 0 1
0 1 0 0 0 0
0 0 0 0 1 0
0 0 1 0 0 0
0 0 0 0 0 1
0 0 0 0 0 1
0 0 0 0 1 0
0 0 0 0 0 1
0 1 0 0 0 0
0 0 0 0 0 1
0 1 0 0 0 0
0 1 0 0 0 0
1 0 0 0 0 0
0 0 0 1 0 0
0 0 0 0 0 1
1 0 0 0 0 0
0 0 1 0 0 0
0 1 0 0 0 0
0 1 0 0 0 0
0 0 0 0 1 0
0 0 0 0 0 1
0 0 1 0 0 0
0 0 1 0 0 0
0 0 0 0 1 0
0 1 0 0 0 0
1 0 0 0 0 0
0 0 0 1 0 0
0 0 0 0 0 1
0 0 0 1 0 0
0 0 0 0 1 0
1 0 0 0 0 0
0 0 0 1 0 0
0 0 0 0 0 1
1 0 0 0 0 0
0 0 1 0 0 0
0 0 0 0 1 0
0 1 0 0 0 0
0 0 1 0 0 0
0 1 0 0 0 0
0 0 1 0 0 0
0 0 0 0 0 1
0 1 0 0 0 0
0 0 0 0 1 0
0 0 1 0 0 0
0 0 0 0 0 1
1 0 0 0 0 0
0 1 0 0 0 0
0 0 0 0 1 0
0 0 0 0 0 1
0 0 0 0 1 0
0 0 0 0 1 0
0 0 1 0 0 0
0 0 0 0 0 1
0 0 1 0 0 0
1 0 0 0 0 0
0 0 0 0 0 1
0 1 0 0 0 0
0 0 0 1 0 0
0 0 0 1 0 0
0 1 0 0 0 0
0 0 1 0 0 0
0 0 0 0 0 1
0 0 0 0 1 0
0 1 0 0 0 0
0 0 1 0 0 0
0 0 1 0 0 0
0 0 0 0 0 1
0 0 0 1 0 0
0 0 0 1 0 0
0 0 0 0 1 0
0 0 1 0 0 0
0 0 0 0 0 1
0 0 0 1 0 0
1 0 0 0 0 0
0 0 0 1 0 0
0 0 0 0 0 1
0 0 0 1 0 0
1 0 0 0 0 0
0 0 1 0 0 0
0 0 0 0 0 1
0 0 0 0 1 0
0 0 0 0 0 1
0 0 0 0 1 0
0 0 0 1 0 0
0 1 0 0 0 0
0 0 0 0 0 1
0 0 0 1 0 0
0 0 0 0 0 1
0 0 1 0 0 0
0 0 0 0 1 0
0 0 0 0 0 1
0 0 0 0 0 1
0 0 0 0 0 1
0 0 1 0 0 0
0 0 0 1 0 0
0 0 0 0 0 1
1 0 0 0 0 0
0 0 0 0 0 1
0 0 0 0 0 1
0 0 0 0 0 1
0 0 0 0 1 0
1 0 0 0 0 0
0 1 0 0 0 0
0 0 1 0 0 0
0 0 0 0 0 1
0 0 0 0 0 1
0 1 0 0 0 0
0 0 0 1 0 0
0 0 0 0 1 0
0 1 0 0 0 0
0 1 0 0 0 0
0 0 0 0 0 1
0 1 0 0 0 0
1 0 0 0 0 0
0 0 0 0 0 1
1 0 0 0 0 0
0 0 1 0 0 0
0 0 0 0 0 1
0 0 0 1 0 0
0 0 0 1 0 0
0 0 1 0 0 0
0 0 1 0 0 0
0 0 0 0 1 0
1 0 0 0 0 0
1 0 0 0 0 0
0 0 0 1 0 0
0 0 1 0 0 0
1 0 0 0 0 0
0 1 0 0 0 0
0 0 0 0 0 1
0 0 1 0 0 0
0 1 0 0 0 0
0 0 0 1 0 0
0 1 0 0 0 0
0 0 0 1 0 0
1 0 0 0 0 0
0 0 0 0 0 1
0 0 0 0 0 1
0 0 0 0 1 0
0 0 1 0 0 0
0 0 0 0 1 0
0 0 1 0 0 0
0 0 0 0 1 0
1 0 0 0 0 0
0 1 0 0 0 0
0 0 0 0 1 0
0 0 0 0 1 0
0 0 0 0 0 1
0 1 0 0 0 0
0 1 0 0 0 0
0 0 0 1 0 0
0 0 0 0 1 0
0 0 0 1 0 0
0 0 0 1 0 0
1 0 0 0 0 0
0 0 1 0 0 0
0 1 0 0 0 0
0 0 0 0 0 1
0 0 0 0 0 1
0 1 0 0 0 0
0 0 0 0 0 1
0 0 1 0 0 0
0 0 0 0 1 0
0 1 0 0 0 0
0 0 1 0 0 0
0 0 0 0 1 0
0 0 0 0 1 0
0 1 0 0 0 0
0 0 0 0 1 0
0 0 0 0 1 0
0 1 0 0 0 0
0 0 0 0 1 0
0 0 0 1 0 0
1 0 0 0 0 0
0 1 0 0 0 0
0 0 0 1 0 0
1 0 0 0 0 0
0 0 0 0 1 0
0 0 0 0 0 1
0 0 0 0 1 0
0 0 0 0 1 0
0 0 1 0 0 0
1 0 0 0 0 0
0 0 0 0 1 0
0 0 0 1 0 0
0 0 0 1 0 0
0 1 0 0 0 0
1 0 0 0 0 0
0 0 1 0 0 0
0 0 1 0 0 0
1 0 0 0 0 0
0 0 0 0 0 1
1 0 0 0 0 0
1 0 0 0 0 0
0 0 1 0 0 0
0 0 0 1 0 0
0 1 0 0 0 0
0 1 0 0 0 0
0 0 0 1 0 0
0 0 0 0 0 1
0 0 0 0 0 1
0 0 1 0 0 0
1 0 0 0 0 0
0 0 0 0 0 1
0 1 0 0 0 0
0 0 1 0 0 0
0 0 0 0 1 0
1 0 0 0 0 0
0 0 0 1 0 0
0 1 0 0 0 0
1 0 0 0 0 0
0 0 0 0 1 0
0 0 0 0 1 0
0 0 1 0 0 0
0 1 0 0 0 0
0 0 1 0 0 0
0 1 0 0 0 0
0 0 0 0 1 0
0 1 0 0 0 0
0 0 0 1 0 0
0 0 0 0 1 0
0 0 0 0 0 1
0 1 0 0 0 0
0 0 0 0 0 1
0 0 0 0 1 0
0 1 0 0 0 0
1 0 0 0 0 0
0 0 0 0 0 1
1 0 0 0 0 0
1 0 0 0 0 0
0 0 0 0 1 0
0 0 0 0 1 0
0 0 0 0 1 0
0 0 0 1 0 0
0 1 0 0 0 0
0 1 0 0 0 0
0 0 0 0 1 0
0 0 0 0 1 0
0 0 0 0 0 1
0 0 0 1 0 0
0 0 1 0 0 0
1 0 0 0 0 0
1 0 0 0 0 0
1 0 0 0 0 0
0 0 0 0 0 1
0 0 0 0 0 1
0 0 0 0 0 1
0 0 0 0 1 0
0 1 0 0 0 0
0 0 0 0 1 0
0 0 0 0 1 0
0 0 1 0 0 0
1 0 0 0 0 0
0 0 1 0 0 0
0 0 1 0 0 0
0 0 0 1 0 0
0 1 0 0 0 0
0 1 0 0 0 0
0 0 0 0 0 1
0 1 0 0 0 0
0 0 0 1 0 0
0 0 0 0 1 0
1 0 0 0 0 0
0 0 0 1 0 0
0 0 1 0 0 0
0 0 1 0 0 0
0 0 0 1 0 0
0 0 0 0 0 1
0 1 0 0 0 0
0 0 0 0 0 1
0 0 0 1 0 0
1 0 0 0 0 0
0 0 0 1 0 0
0 1 0 0 0 0
0 0 0 0 0 1
0 0 0 1 0 0
0 0 0 0 0 1
1 0 0 0 0 0
0 0 1 0 0 0
0 0 1 0 0 0
0 1 0 0 0 0
0 0 1 0 0 0
0 0 1 0 0 0
0 0 0 0 1 0
0 0 0 0 1 0
0 1 0 0 0 0
0 0 0 1 0 0
1 0 0 0 0 0
0 0 0 1 0 0
0 0 0 0 0 1
1 0 0 0 0 0
0 0 0 0 0 1
0 0 0 1 0 0
1 0 0 0 0 0
1 0 0 0 0 0
0 1 0 0 0 0
0 0 1 0 0 0
1 0 0 0 0 0
0 1 0 0 0 0
1 0 0 0 0 0
0 0 0 0 1 0
0 1 0 0 0 0
0 0 0 0 0 1
0 0 1 0 0 0
0 0 0 0 1 0
0 0 0 1 0 0
1 0 0 0 0 0
0 1 0 0 0 0
0 0 0 0 0 1
0 0 1 0 0 0
0 0 0 0 1 0
0 0 0 0 0 1
0 1 0 0 0 0
0 0 1 0 0 0
0 1 0 0 0 0
0 0 1 0 0 0
1 0 0 0 0 0
0 0 0 0 0 1
0 0 0 0 1 0
0 0 0 0 1 0
0 0 0 0 0 1
0 0 1 0 0 0
0 1 0 0 0 0
0 0 0 0 1 0
0 0 0 1 0 0
1 0 0 0 0 0
1 0 0 0 0 0
1 0 0 0 0 0
0 1 0 0 0 0
0 0 1 0 0 0
1 0 0 0 0 0
0 0 1 0 0 0
1 0 0 0 0 0
1 0 0 0 0 0
0 0 1 0 0 0
0 0 0 1 0 0
0 0 0 1 0 0
0 0 0 0 1 0
0 0 1 0 0 0
0 1 0 0 0 0
0 0 0 0 0 1
0 0 0 0 0 1
0 0 1 0 0 0
0 0 1 0 0 0
1 0 0 0 0 0
0 1 0 0 0 0
0 0 0 1 0 0
0 0 1 0 0 0
0 0 0 0 0 1
0 0 1 0 0 0
0 0 0 0 0 1
0 1 0 0 0 0
0 0 1 0 0 0
0 0 0 0 1 0
1 0 0 0 0 0
0 0 0 0 0 1
0 0 0 1 0 0
0 1 0 0 0 0
0 0 0 1 0 0
0 0 1 0 0 0
1 0 0 0 0 0
1 0 0 0 0 0
0 1 0 0 0 0
1 0 0 0 0 0
0 0 0 0 1 0
0 1 0 0 0 0
0 0 1 0 0 0
0 0 1 0 0 0
1 0 0 0 0 0
0 0 0 1 0 0
0 0 0 0 1 0
0 0 0 0 0 1
0 1 0 0 0 0
0 1 0 0 0 0
0 0 0 0 0 1
0 0 0 1 0 0
0 0 0 1 0 0
0 0 1 0 0 0
0 0 0 0 1 0
0 0 0 0 1 0
0 0 0 0 1 0
0 1 0 0 0 0
0 1 0 0 0 0
0 0 0 0 1 0
0 0 0 1 0 0
1 0 0 0 0 0
0 0 0 1 0 0
0 0 0 0 1 0
1 0 0 0 0 0
0 0 0 0 0 1
0 1 0 0 0 0
0 0 1 0 0 0
0 0 0 0 1 0
0 0 1 0 0 0
0 0 0 0 1 0
0 0 1 0 0 0
0 1 0 0 0 0
0 0 0 1 0 0
0 1 0 0 0 0
0 0 0 0 1 0
0 0 0 0 0 1
0 0 0 1 0 0
1 0 0 0 0 0
0 0 0 0 0 1
0 0 0 0 0 1
1 0 0 0 0 0
1 0 0 0 0 0
0 0 0 0 0 1
1 0 0 0 0 0
1 0 0 0 0 0
0 0 1 0 0 0
0 0 0 0 1 0
0 1 0 0 0 0
0 0 0 1 0 0
0 0 0 1 0 0
0 0 0 0 0 1
1 0 0 0 0 0
0 1 0 0 0 0
0 1 0 0 0 0
0 0 0 0 0 1
1 0 0 0 0 0
0 0 0 0 1 0
0 0 0 1 0 0
0 1 0 0 0 0
0 0 0 1 0 0
0 0 1 0 0 0
0 1 0 0 0 0
0 0 0 0 1 0
0 0 0 0 1 0
0 1 0 0 0 0
1 0 0 0 0 0
1 0 0 0 0 0
0 1 0 0 0 0
0 0 1 0 0 0
0 0 0 1 0 0
0 0 0 1 0 0
0 0 1 0 0 0
0 1 0 0 0 0
0 1 0 0 0 0
0 0 1 0 0 0
1 0 0 0 0 0
0 0 0 1 0 0
1 0 0 0 0 0
0 0 0 0 1 0
0 0 0 1 0 0
0 0 0 0 1 0
1 0 0 0 0 0
0 0 0 1 0 0
0 1 0 0 0 0
0 0 0 0 1 0
0 0 0 0 0 1
0 0 1 0 0 0
1 0 0 0 0 0
0 0 0 0 1 0
0 0 0 0 0 1
0 0 0 0 1 0
0 0 1 0 0 0
0 0 0 0 0 1
0 0 0 0 1 0
0 0 0 1 0 0
0 0 0 0 1 0
0 0 0 0 0 1
0 0 0 1 0 0
0 0 0 1 0 0
0 0 0 0 0 1
0 0 0 1 0 0
0 0 0 0 1 0
0 0 0 0 0 1
0 1 0 0 0 0
0 0 0 0 1 0
0 0 0 1 0 0
0 0 0 0 1 0
0 0 0 0 1 0
0 0 1 0 0 0
1 0 0 0 0 0
0 0 0 0 1 0
0 1 0 0 0 0
0 0 0 1 0 0
0 0 0 0 0 1
0 0 1 0 0 0
0 0 1 0 0 0
0 1 0 0 0 0
1 0 0 0 0 0
0 0 0 0 1 0
0 0 0 0 1 0
0 0 0 1 0 0
0 0 0 0 0 1

Capacidades:
32 25 57 48 59 57
34 25 38 25 47 57
36 52 50 20 29 33
21 29 33 26 43 42
40 21 37 49 55 34
32 29 59 38 41 39
54 38 46 53 52 41
58 22 51 34 32 28
25 41 47 41 43 55
42 45 25 29 22 47
