m: 1000
n: 10
p: 6

Distancias:
6.09 1.63 2.62 9.29 8.67 5.71 9.19 5.37 8.83 8.33
9.68 4.97 8.27 4.55 3.22 6.55 3.16 9.27 5.13 5.87
9.18 8.62 3.83 4.97 3.90 7.48 6.87 5.59 5.88 4.68
5.01 4.17 8.80 7.09 9.88 4.43 4.83 8.97 5.60 5.97
9.14 4.86 9.32 4.62 9.14 7.49 3.42 9.29 9.52 3.16
6.33 8.86 2.44 7.22 6.98 6.74 3.05 7.91 9.28 6.48
9.04 9.94 6.13 7.61 8.70 5.74 8.47 7.86 9.30 8.81
2.31 9.18 4.02 4.53 6.07 2.84 8.19 1.85 2.93 1.96
9.52 6.34 2.87 2.80 1.98 3.62 1.31 4.58 6.27 4.55
1.06 2.87 3.31 9.49 5.62 7.39 2.51 8.31 8.65 7.42
9.45 4.06 6.80 3.85 3.26 7.43 8.47 5.71 5.36 1.58
6.28 7.66 1.69 4.64 5.56 9.55 4.89 7.88 2.74 5.59
2.48 9.82 3.63 6.20 8.05 7.82 1.78 5.81 3.85 2.12
6.65 2.40 9.40 3.86 4.27 4.71 6.17 5.13 9.13 7.54
1.23 8.16 1.84 3.62 1.18 9.49 7.33 8.48 5.62 5.39
8.83 6.50 4.74 2.04 1.69 1.16 4.89 5.26 2.85 6.24
3.70 6.62 6.10 8.85 4.75 8.87 3.04 5.45 3.79 9.86
7.96 1.45 9.55 1.03 6.82 2.64 2.74 2.18 7.54 1.23
1.45 9.32 4.69 5.12 4.91 2.30 2.81 4.98 4.10 5.37
5.79 7.14 5.91 9.47 3.47 8.05 4.59 1.77 4.59 1.05
7.77 4.99 9.03 8.40 2.74 7.66 5.60 7.97 6.16 5.73
1.37 5.70 3.26 6.30 8.25 2.50 8.94 5.04 6.99 6.77
1.90 6.97 2.38 4.02 2.92 5.95 6.03 7.26 4.94 5.27
8.15 2.14 3.81 8.73 2.04 9.07 6.72 2.93 1.45 9.75
4.44 4.76 1.85 4.57 3.36 7.60 7.06 1.68 1.31 2.07
5.68 4.39 6.57 6.41 8.36 7.62 5.25 7.81 6.95 7.45
7.19 9.04 1.33 5.40 9.72 6.89 1.35 6.45 9.21 8.28
6.10 6.30 5.34 8.74 2.21 5.83 4.21 1.61 1.35 6.80
8.51 6.94 6.44 8.36 3.96 1.84 9.94 9.67 3.19 4.32
4.71 8.39 9.85 7.19 1.93 1.57 9.06 3.91 3.47 6.53
7.87 8.18 8.85 4.87 5.89 2.84 6.02 5.70 6.80 8.62
6.45 2.30 4.89 9.66 9.39 4.59 5.93 4.15 8.69 8.09
9.10 6.20 6.77 2.06 7.52 2.39 3.23 2.07 9.87 3.68
2.45 4.32 8.14 5.11 7.10 9.14 7.86 7.80 2.88 7.24
4.54 1.69 2.60 6.06 7.65 3.43 6.51 8.89 8.14 3.00
8.19 2.40 9.96 2.39 6.28 1.89 9.17 7.35 6.04 4.08
4.49 1.98 9.72 3.21 4.99 1.40 1.67 3.38 1.49 5.89
5.45 5.48 7.98 8.30 8.94 1.09 9.33 4.76 7.24 9.93
4.49 7.97 3.23 3.27 2.21 4.19 1.75 3.68 3.70 4.83
7.57 6.22 9.13 9.77 2.07 3.16 7.89 3.52 7.96 7.00
8.17 5.57 8.97 1.07 4.73 4.50 9.52 3.05 5.07 9.51
2.95 8.45 9.81 7.51 5.89 2.97 1.19 2.54 9.24 6.61
4.91 9.10 4.10 8.42 7.22 4.77 7.22 4.31 8.11 9.82
1.25 4.30 2.36 7.22 9.08 1.47 1.00 7.35 2.79 9.07
5.61 7.25 9.73 2.68 6.57 3.91 8.61 4.20 6.73 5.75
1.41 1.84 2.34 7.35 4.24 5.23 4.34 7.24 4.88 8.07
9.85 7.37 9.99 5.63 3.66 9.54 4.70 3.32 6.60 6.64
3.46 2.07 6.40 4.75 2.25 1.89 2.37 1.12 2.64 6.79
2.90 4.53 9.65 1.17 1.23 9.08 6.72 4.77 1.61 3.75
7.07 1.29 6.35 1.99 2.65 1.92 3.54 7.46 4.29 7.15
4.76 7.41 2.22 1.43 2.18 3.79 1.48 8.59 8.60 7.02
2.70 3.02 4.61 5.54 7.55 7.88 2.35 9.00 5.40 9.05
8.12 2.14 9.47 8.58 2.49 4.16 3.77 9.44 8.45 6.72
8.26 1.32 4.20 9.92 7.84 4.20 8.30 9.10 2.62 2.59
1.08 6.22 6.09 8.43 3.57 7.25 7.22 1.12 2.38 4.08
7.37 1.95 7.12 3.92 1.91 8.71 1.66 9.77 8.65 8.51
6.15 6.78 5.00 4.08 6.48 2.39 4.36 9.02 9.83 8.26
3.21 3.79 7.21 2.18 2.03 6.36 6.59 4.95 2.99 9.95
7.54 7.30 8.92 7.82 6.65 3.04 6.19 3.37 8.21 2.19
4.14 9.47 9.06 1.23 1.32 4.46 1.63 5.14 9.07 7.88
7.28 8.26 3.83 2.93 2.41 4.51 1.71 2.81 6.76 1.54
3.48 8.20 8.71 4.08 6.92 8.07 6.26 7.05 4.89 7.39
2.74 3.56 7.67 8.78 8.06 7.63 7.63 6.16 8.87 6.05
7.89 3.21 4.11 7.57 6.28 1.73 6.12 6.93 9.68 8.98
3.48 4.61 4.02 5.33 8.32 8.13 2.25 3.18 6.04 9.76
2.06 4.56 7.97 7.40 9.93 7.07 1.10 2.78 9.05 4.49
2.52 5.61 3.92 6.59 7.30 5.95 7.08 5.24 8.05 3.25
9.92 6.30 7.80 6.40 6.47 2.65 7.43 6.27 2.47 5.53
6.24 6.48 6.47 1.36 7.71 4.54 6.63 9.47 4.78 6.04
5.54 1.23 6.63 1.39 4.84 4.06 4.82 4.13 5.04 4.01
5.83 4.44 5.17 4.53 9.66 2.24 3.07 1.35 8.17 2.50
8.44 4.23 5.35 2.70 4.73 7.18 1.37 4.07 4.72 4.65
7.07 5.07 6.76 9.69 7.01 3.72 7.59 3.52 9.06 4.08
9.45 3.06 2.94 9.80 2.12 4.99 6.13 8.61 5.96 5.36
3.60 2.02 5.25 9.48 5.89 6.30 6.85 5.71 7.04 8.22
5.71 1.41 5.36 4.94 5.03 4.08 3.10 9.00 7.79 6.09
6.97 5.95 1.64 4.53 4.46 4.70 7.80 2.02 6.36 3.43
2.69 1.09 3.54 9.53 6.75 5.54 7.15 1.88 5.77 8.61
4.97 6.97 5.46 7.86 5.89 7.55 1.26 7.08 4.94 4.75
4.34 1.06 6.48 2.80 7.47 8.98 7.88 2.50 2.06 3.88
1.52 3.08 9.81 2.61 5.62 5.22 8.90 6.59 2.59 8.64
1.43 1.94 3.97 6.92 2.99 3.11 3.71 8.24 6.96 4.50
2.88 7.06 8.22 9.94 4.51 9.02 7.85 9.49 5.32 6.30
4.92 1.69 4.69 1.45 9.72 8.35 5.53 1.29 8.19 4.73
2.21 8.74 6.22 4.85 8.54 8.78 3.62 1.21 6.67 6.21
3.31 1.43 1.71 7.67 8.90 5.94 1.56 9.28 6.35 6.50
2.96 1.83 3.01 5.04 2.52 5.55 7.33 3.84 4.99 2.97
3.06 4.26 8.43 5.64 6.55 7.35 7.03 9.84 2.45 2.46
2.06 6.30 3.45 1.30 5.20 2.73 4.27 8.52 6.65 9.18
9.25 2.19 8.42 1.34 3.14 4.60 9.06 8.67 9.23 3.07
2.38 2.63 2.83 8.79 2.32 6.45 8.13 9.94 6.49 3.63
8.32 2.82 8.54 2.64 9.99 5.65 2.91 9.75 3.85 1.79
6.22 3.39 4.61 5.57 7.30 7.73 7.87 7.12 7.21 6.78
8.16 4.98 7.70 3.45 9.49 9.66 1.06 6.34 2.83 9.02
6.16 1.17 1.74 1.10 5.22 6.97 2.29 8.87 7.77 5.78
3.77 8.87 2.31 4.58 4.70 2.58 5.35 8.19 4.78 6.40
8.98 2.28 8.99 2.47 7.03 2.76 5.40 5.05 3.03 5.92
1.72 5.48 9.11 3.78 5.64 1.24 7.49 1.59 1.75 4.60
4.63 1.84 5.89 1.78 1.27 4.96 3.19 7.94 2.16 2.83
5.43 2.38 2.60 4.35 7.61 8.07 3.54 7.68 6.25 5.34
2.66 5.96 8.80 9.68 6.14 2.65 4.25 8.43 9.46 5.38
5.52 7.33 6.28 3.22 1.03 6.28 8.51 8.99 2.97 8.22
4.88 3.04 2.33 5.47 5.18 3.10 6.41 9.37 1.83 9.81
8.86 8.36 7.36 3.34 1.98 2.64 3.23 2.61 3.75 6.09
4.32 9.96 3.15 5.98 3.64 4.22 7.96 7.65 7.51 7.36
2.25 4.86 9.86 9.75 8.70 2.68 7.32 5.12 3.11 9.69
1.40 5.61 5.83 7.01 4.54 5.03 9.39 7.57 3.33 5.90
6.44 2.79 1.32 1.20 4.11 3.36 1.92 9.85 5.24 1.09
8.03 3.36 4.04 2.62 8.00 2.54 8.54 2.71 9.06 8.34
4.63 1.15 5.29 7.62 2.67 1.90 6.82 2.25 9.87 3.80
1.48 5.89 5.84 2.23 9.92 3.05 3.72 7.96 9.28 8.82
3.49 1.64 4.93 3.57 5.22 9.65 9.72 5.94 4.87 2.38
7.69 4.39 6.25 9.86 4.85 3.66 7.23 3.18 9.00 5.70
7.28 9.15 8.41 7.05 3.58 6.60 3.11 6.58 7.45 3.40
8.33 2.14 7.85 2.80 5.73 2.72 2.04 8.82 7.94 4.80
9.77 8.09 7.32 8.01 7.03 3.71 9.81 3.02 5.27 3.29
5.11 2.31 1.57 7.95 4.68 9.64 2.91 6.29 4.80 2.51
2.99 1.88 1.28 3.88 1.40 6.78 2.01 9.24 3.95 5.97
3.46 3.40 4.78 7.74 7.48 1.43 3.09 4.10 3.20 6.56
3.33 8.61 7.18 3.71 2.41 3.05 3.53 1.69 3.70 2.01
8.70 6.00 1.01 5.88 3.31 1.17 8.42 7.72 1.14 1.46
6.13 4.06 5.75 3.11 9.46 3.80 3.14 2.69 5.81 2.28
5.22 8.86 3.50 8.48 3.87 5.41 4.37 3.92 7.85 4.03
6.46 5.16 5.12 4.40 1.28 3.30 6.61 4.44 4.45 5.00
5.86 8.51 3.02 1.31 9.34 5.42 9.09 4.35 1.42 2.80
4.28 3.02 3.93 6.81 6.98 1.02 7.70 8.83 3.66 9.25
3.01 4.27 2.89 2.64 7.98 8.38 3.67 5.50 2.34 7.43
7.36 6.46 5.89 3.08 8.84 1.80 9.21 9.94 5.48 9.74
4.13 8.07 5.70 3.38 5.30 4.04 3.48 3.66 9.08 5.12
1.65 8.89 9.91 9.98 3.37 4.01 2.36 3.38 8.47 8.02
5.58 1.66 8.01 1.52 7.61 6.64 4.79 9.08 9.02 5.02
3.78 1.93 2.85 2.02 7.10 3.91 4.79 2.98 8.98 3.02
7.25 4.67 2.49 8.54 6.29 4.87 6.93 2.38 9.54 9.56
1.44 7.01 3.06 4.22 8.68 5.61 7.99 8.26 9.57 9.31
7.31 4.34 6.43 8.75 1.02 9.46 8.34 7.08 9.28 7.43
9.19 6.72 5.83 7.93 2.96 4.55 4.06 8.52 9.04 1.19
4.85 1.54 3.64 5.85 7.54 4.10 2.02 5.14 2.12 6.27
8.74 9.97 1.85 1.95 8.49 6.51 4.65 6.47 6.27 6.55
6.25 3.56 7.36 6.50 7.42 4.57 3.05 5.65 9.73 1.66
9.61 4.07 5.44 3.55 6.67 6.59 1.29 9.06 8.91 6.01
8.59 9.99 6.79 2.57 1.93 2.92 6.73 7.42 1.13 9.19
7.53 6.93 8.24 9.59 6.86 9.29 7.90 7.23 9.94 3.01
5.32 6.30 7.19 6.54 9.56 5.59 4.67 8.29 1.51 4.39
4.78 6.72 2.92 8.79 1.00 8.77 3.62 9.13 7.13 9.95
5.58 2.02 1.29 1.22 4.95 3.09 7.65 2.11 9.03 5.72
2.12 8.48 1.34 1.93 8.52 6.15 9.61 4.57 2.55 8.70
5.44 9.23 1.03 8.44 4.46 7.17 8.85 3.09 4.10 2.01
8.85 4.45 5.27 7.58 1.05 6.25 4.89 6.63 3.64 5.70
5.10 2.02 1.10 6.64 2.73 1.83 9.92 4.99 5.22 2.69
6.56 9.55 7.61 5.26 3.51 6.02 1.98 1.25 4.83 3.75
6.57 2.70 1.29 9.31 9.09 4.62 6.63 3.49 4.25 1.91
2.93 1.35 3.13 3.15 5.76 7.21 1.76 8.28 6.44 6.70
9.70 7.33 5.48 7.52 7.83 7.44 4.89 7.98 9.46 8.69
3.61 2.41 5.91 7.06 5.75 1.97 5.57 3.83 8.26 9.66
5.63 8.16 6.94 5.40 6.97 4.12 3.17 7.00 9.29 9.00
3.62 9.76 4.96 8.26 1.75 7.63 3.69 2.90 7.10 6.70
7.75 5.02 1.39 5.85 2.47 7.31 6.22 5.49 6.76 1.53
7.19 5.15 4.63 6.13 6.05 8.14 2.40 4.57 3.35 9.38
9.68 1.85 4.04 8.30 2.42 9.65 6.44 4.18 4.68 8.94
2.26 9.65 2.71 1.50 1.74 7.10 7.03 8.96 4.84 5.64
4.76 4.78 7.51 6.15 2.68 1.32 7.19 1.05 3.62 7.95
1.03 1.31 1.98 3.99 3.05 6.93 8.39 8.73 4.25 7.40
6.66 2.35 6.03 6.87 2.14 1.93 4.86 4.95 6.47 7.26
8.67 8.15 5.12 1.73 7.02 2.79 1.67 1.71 8.37 3.35
7.62 2.12 7.54 3.68 6.50 9.80 9.00 3.29 9.76 8.84
6.88 9.77 4.70 6.44 9.84 5.28 8.73 2.99 4.02 7.23
8.35 3.68 1.30 7.81 3.27 9.57 4.17 8.37 4.16 2.14
2.50 5.18 7.08 8.12 4.71 3.83 2.98 4.20 4.22 7.08
3.68 7.66 8.13 1.22 3.71 8.26 8.65 6.88 3.34 8.90
4.17 8.91 1.99 6.16 6.54 5.32 2.09 4.47 9.59 9.62
9.51 8.19 3.56 7.63 6.81 5.59 7.66 1.41 2.44 4.50
9.44 3.90 4.96 9.43 4.36 3.96 7.00 6.61 1.69 7.82
2.59 1.96 7.76 8.26 3.78 9.99 3.23 8.43 8.46 8.41
9.97 1.40 6.85 8.63 2.27 5.06 3.22 2.97 6.81 3.45
8.16 3.73 8.61 4.22 2.08 3.13 2.83 1.36 5.02 5.01
4.72 3.64 6.06 8.83 5.19 1.53 9.04 6.83 8.89 9.67
9.70 9.57 7.32 3.48 9.14 5.97 8.82 6.22 5.47 3.23
7.35 6.45 5.07 9.80 8.34 6.18 7.51 5.05 4.47 8.52
7.76 9.28 1.85 6.46 1.57 9.17 7.87 7.01 4.35 7.49
9.61 6.51 1.84 2.14 9.94 2.34 5.46 3.84 1.46 4.42
2.32 9.72 3.65 1.45 3.45 5.04 6.00 6.35 3.06 4.83
7.59 3.33 9.00 6.67 4.88 2.11 2.82 2.78 2.50 2.62
1.34 4.69 6.84 3.24 2.68 9.93 8.00 9.02 7.43 6.11
6.53 1.02 5.55 7.18 3.18 5.28 2.56 4.41 2.26 5.30
8.78 7.31 9.95 7.14 6.76 8.13 6.17 1.02 8.78 2.54
7.22 9.35 6.08 6.77 4.74 5.30 5.85 4.73 7.04 5.88
2.00 5.62 2.67 8.08 5.65 6.17 5.57 5.15 3.01 9.96
7.67 9.89 5.08 9.03 4.62 4.80 5.59 2.44 4.73 7.38
2.24 7.67 5.41 4.06 5.09 5.89 5.39 9.09 8.01 6.95
1.45 6.83 4.86 4.42 5.49 1.97 4.88 9.98 5.89 8.24
5.49 1.58 3.12 8.16 6.24 9.41 5.96 8.17 6.94 9.90
9.73 4.24 3.72 1.50 5.59 9.47 9.80 6.48 7.57 8.80
4.36 2.34 2.93 5.15 8.08 4.46 5.18 5.50 7.96 9.73
4.82 7.41 3.08 6.27 6.61 8.65 2.69 3.55 6.28 2.49
2.56 1.28 1.40 1.35 4.50 9.77 4.60 9.67 5.84 9.00
1.17 6.89 9.53 8.99 3.55 8.38 3.33 8.48 6.88 7.19
7.71 6.17 1.97 6.49 8.70 3.19 9.84 5.38 8.59 1.63
7.00 3.77 5.90 8.12 7.26 5.51 8.45 9.29 9.36 8.49
2.18 5.21 7.05 2.19 9.88 6.60 3.73 1.56 5.94 7.12
6.74 6.31 1.22 4.59 9.63 5.02 3.46 3.76 4.69 5.29
2.10 6.26 2.82 4.42 6.19 4.06 4.20 4.00 9.28 4.25
5.52 2.85 7.44 5.09 8.55 9.05 2.81 3.55 4.12 3.34
9.96 9.75 6.81 4.74 2.03 5.49 7.69 3.14 2.16 8.85
9.81 2.96 3.70 2.39 8.86 4.99 9.34 9.47 4.73 4.82
5.63 9.39 3.62 4.69 4.44 5.20 9.85 1.08 6.06 6.57
9.53 3.14 6.34 4.43 2.51 6.50 9.62 7.80 6.22 8.69
7.13 2.83 6.74 5.74 2.42 4.49 4.43 6.56 6.50 4.74
2.46 4.45 1.10 2.95 3.10 6.60 1.72 3.15 1.61 5.90
7.01 5.12 1.44 8.95 7.86 7.87 7.45 1.35 8.26 4.54
7.78 3.06 3.43 2.75 4.64 8.33 2.20 6.91 5.82 8.73
1.32 9.39 7.21 9.42 1.21 5.59 7.61 3.63 9.42 4.51
5.28 9.75 6.34 8.01 4.68 2.06 4.19 1.30 2.79 4.73
2.08 1.57 2.39 6.53 5.43 2.03 7.53 7.11 6.60 3.63
8.16 5.22 3.59 1.46 2.64 5.01 6.90 2.70 9.99 2.30
2.49 2.89 4.97 5.54 4.57 4.90 9.90 1.52 6.56 2.42
1.86 2.46 4.59 3.85 3.86 6.80 1.71 1.51 2.48 7.22
3.43 8.76 7.11 6.72 3.90 1.06 8.76 6.62 8.41 2.04
6.33 8.90 9.84 4.72 8.42 1.11 6.72 7.13 4.75 9.03
2.47 2.51 3.25 2.73 8.15 4.57 6.77 6.08 4.97 3.99
9.40 9.26 5.16 9.96 7.69 8.89 5.45 4.29 2.06 3.08
2.90 2.68 5.07 5.25 5.98 7.52 2.90 7.94 4.37 8.87
2.11 4.56 3.89 9.72 4.61 7.92 8.95 5.84 8.52 5.35
8.65 4.32 8.74 5.23 4.68 4.62 8.16 8.94 1.97 6.04
4.53 4.18 8.99 9.05 6.68 5.40 1.67 9.08 1.70 6.28
5.03 4.62 4.43 6.61 4.23 1.26 9.11 8.07 4.80 2.31
1.45 2.97 1.56 3.68 3.10 5.92 1.99 6.55 6.95 3.65
8.82 8.36 1.41 8.76 6.04 5.27 8.45 4.01 4.89 2.71
5.62 3.01 7.00 7.31 4.62 4.47 9.76 2.59 3.75 5.75
2.63 7.98 8.60 5.28 7.46 8.52 5.48 2.99 7.83 7.40
5.05 5.65 9.25 9.37 3.53 7.63 5.35 6.02 9.59 5.65
1.16 8.12 5.45 2.77 6.90 3.02 2.55 3.04 3.62 2.25
8.32 1.91 7.69 9.80 4.24 3.46 6.25 3.47 7.45 6.51
6.18 7.87 9.24 9.91 8.76 8.65 1.80 7.09 4.31 6.10
3.74 8.73 2.46 4.93 3.89 8.21 1.10 2.75 4.47 4.38
4.26 9.80 5.95 2.15 4.71 6.56 2.87 6.32 1.00 5.86
1.30 6.66 8.81 7.48 1.09 1.81 3.09 3.69 1.86 7.16
8.21 3.08 6.74 8.22 8.00 4.31 6.12 5.53 6.21 5.31
3.30 2.66 2.59 4.16 6.62 6.01 8.82 9.00 8.44 5.17
9.61 4.19 4.67 9.79 2.71 1.54 1.57 7.73 8.75 1.92
6.67 7.60 7.81 1.86 8.12 6.29 4.91 5.29 7.37 8.40
7.04 9.29 6.36 9.41 8.22 8.80 7.46 7.06 7.82 1.21
3.35 8.21 9.33 3.93 5.90 3.39 1.08 7.79 4.91 6.42
6.89 8.45 5.41 4.17 7.07 5.96 9.34 5.12 8.59 7.56
4.82 6.35 3.16 1.75 6.44 7.70 9.51 2.86 2.31 6.05
5.53 8.69 4.73 1.20 7.81 7.32 2.20 9.80 6.92 1.28
5.91 2.19 8.49 4.15 4.13 5.62 8.19 4.48 6.14 2.79
2.25 7.81 2.98 6.48 5.21 3.05 5.81 2.45 7.84 7.57
5.20 3.12 4.94 9.10 4.02 8.75 4.54 8.96 2.11 1.79
3.26 6.60 5.78 2.91 3.73 7.80 3.99 1.82 3.38 4.49
8.93 1.77 4.49 2.11 7.43 4.10 6.47 9.10 7.42 9.29
3.04 2.86 2.65 1.16 9.30 1.36 2.87 3.47 1.45 6.49
5.77 7.62 5.19 1.23 6.21 2.30 2.04 5.28 2.90 4.44
3.78 8.48 3.90 3.89 6.61 2.73 5.20 7.85 5.72 1.92
6.94 5.95 4.23 5.21 2.24 7.89 8.27 2.45 2.17 4.58
3.51 2.47 1.39 3.93 8.45 1.76 8.63 5.08 7.18 7.92
6.55 7.21 3.73 9.46 3.24 5.76 3.54 5.92 3.95 5.03
5.78 9.08 3.01 7.03 6.24 1.17 6.87 2.97 7.44 5.24
5.76 1.25 3.38 3.70 1.61 5.59 6.70 8.79 3.06 6.23
8.86 8.21 2.16 4.21 9.32 5.86 6.42 7.73 8.63 5.54
8.36 9.22 8.59 7.16 1.03 7.14 2.61 2.65 6.55 4.47
7.49 4.99 4.87 1.86 3.10 8.01 7.16 1.39 6.75 2.24
3.92 9.21 1.91 8.88 8.94 1.36 8.47 1.67 8.49 2.67
9.11 8.96 3.11 8.48 3.92 3.03 5.30 8.66 2.55 1.03
5.34 2.40 5.94 3.19 4.56 1.59 1.62 7.39 1.31 7.44
2.53 7.67 3.77 6.31 9.37 7.94 2.57 2.14 1.12 8.64
6.36 8.48 4.91 1.37 8.97 8.47 5.74 2.85 4.78 5.05
5.27 3.47 5.50 5.78 3.35 3.99 8.14 4.37 3.01 2.41
1.22 5.23 8.03 9.49 4.46 8.58 5.82 8.76 9.02 6.90
9.28 8.01 3.54 9.45 7.02 3.55 2.15 5.39 1.41 9.17
4.08 6.62 4.57 6.26 8.56 5.19 7.48 3.47 4.44 2.24
2.15 4.02 6.40 8.22 3.75 6.58 5.18 7.15 7.83 8.18
8.30 2.02 5.24 5.21 9.25 8.25 5.30 7.20 6.63 6.54
8.74 7.87 8.12 7.45 2.23 4.66 6.42 8.87 3.70 2.53
2.36 8.01 5.73 7.56 8.63 8.82 4.90 8.98 8.89 3.09
2.62 2.51 8.54 2.58 7.23 3.34 5.06 5.30 9.56 2.88
4.11 6.91 6.02 5.50 1.52 8.74 3.44 1.38 6.51 1.94
3.94 9.63 3.35 6.06 2.17 3.97 8.92 8.61 5.87 5.46
9.32 6.79 5.22 4.40 4.49 5.27 5.90 4.94 3.23 3.79
2.29 1.24 1.57 5.37 6.14 6.98 6.92 8.86 7.61 1.27
6.63 1.95 5.47 7.84 8.11 4.66 5.45 6.84 7.40 1.33
5.17 4.77 5.48 7.67 4.90 3.44 3.59 4.68 1.27 3.83
8.13 3.96 6.85 3.27 4.75 6.86 3.84 9.13 9.52 9.19
5.38 1.42 2.84 7.31 1.79 3.44 7.49 3.81 8.06 1.45
2.81 8.08 9.24 8.25 3.46 4.22 3.49 3.34 4.02 7.86
6.47 1.12 3.53 3.35 2.71 6.66 5.87 6.44 2.15 6.16
1.78 8.95 9.17 3.80 7.38 6.03 7.85 3.20 5.33 6.53
8.10 7.09 9.03 8.42 4.79 5.39 4.73 3.77 8.21 9.77
6.27 2.92 8.01 3.32 1.06 1.29 2.59 7.30 4.65 5.46
9.32 1.15 1.69 4.49 5.50 7.72 3.52 9.51 3.68 9.26
5.42 7.58 7.23 8.16 6.49 5.98 9.49 4.24 6.36 3.67
8.80 8.72 2.89 3.97 9.50 7.83 5.76 1.98 4.23 9.33
1.81 2.59 5.88 8.26 1.51 9.04 5.80 7.53 9.57 6.09
6.16 5.38 6.20 4.20 9.01 2.11 4.96 6.87 6.83 8.19
2.74 4.17 9.17 9.06 8.33 3.84 2.43 9.61 1.07 3.97
3.28 4.61 1.00 2.45 2.30 3.67 9.30 9.61 3.45 3.45
6.55 7.73 5.31 8.04 3.94 8.48 7.40 4.99 3.85 5.92
2.16 8.36 4.12 2.14 2.68 9.58 6.13 7.57 5.28 8.44
5.56 7.41 6.83 7.72 8.89 5.52 7.00 6.17 1.53 4.01
9.03 2.78 8.71 6.70 9.24 2.30 7.79 1.30 3.32 8.67
1.36 5.88 5.48 2.59 3.88 1.25 1.78 1.87 7.83 3.95
5.72 8.54 1.74 8.95 2.60 9.64 5.23 2.84 4.24 5.50
9.00 5.49 2.91 6.89 5.62 5.19 7.23 2.37 8.35 5.82
9.06 1.43 7.95 9.31 3.86 4.31 1.36 8.22 5.26 8.28
5.30 4.92 1.03 1.66 7.59 3.35 9.95 5.44 4.64 9.07
8.06 5.60 7.72 8.40 7.73 3.93 2.29 3.14 8.87 8.31
6.40 1.84 7.01 8.32 6.87 9.65 9.84 4.97 3.23 5.37
1.06 6.72 2.07 1.93 3.10 4.12 4.58 3.98 1.91 6.69
8.35 8.01 8.38 6.01 8.49 5.74 4.54 7.06 2.32 5.68
3.95 5.31 6.26 9.08 4.19 5.40 7.05 9.00 6.34 9.93
9.07 3.30 6.87 8.98 2.26 8.51 1.91 2.91 1.56 6.59
5.41 1.16 4.90 3.02 8.90 8.57 8.67 8.66 2.39 9.37
3.26 7.67 5.87 3.90 2.20 3.27 6.54 6.26 1.68 1.84
7.70 6.40 9.84 6.04 4.81 6.24 5.72 7.05 1.79 2.07
2.16 3.87 4.40 7.26 6.76 9.58 9.25 8.93 3.05 9.35
7.77 8.62 8.65 3.33 7.55 8.19 8.50 3.91 7.60 3.99
8.90 3.01 7.84 8.79 9.54 9.11 1.87 2.64 2.12 4.48
7.92 7.71 3.18 8.40 2.18 1.40 2.37 8.55 4.21 8.47
5.77 4.24 7.26 1.88 9.91 9.57 5.44 7.72 9.66 3.50
3.30 4.71 5.61 5.46 5.19 2.73 6.82 6.05 6.61 3.34
7.69 8.75 7.47 9.44 3.87 1.52 1.78 4.17 6.15 8.42
6.49 2.99 7.55 5.20 5.53 1.49 6.95 8.01 1.90 5.12
8.01 8.55 9.81 4.04 2.06 3.05 6.99 1.11 8.24 8.83
4.02 1.27 7.39 6.84 7.27 8.70 8.28 6.13 4.78 8.67
1.15 2.08 6.16 7.45 5.12 7.04 9.60 4.55 4.70 5.58
6.10 9.56 6.88 2.68 2.03 4.52 7.96 3.41 4.79 4.33
4.51 3.95 4.82 7.09 3.78 6.78 9.85 7.13 9.64 8.00
1.93 7.22 7.71 4.13 6.30 6.58 9.31 3.19 8.30 8.97
1.57 4.52 7.96 4.58 5.08 3.65 8.31 8.03 5.97 4.98
9.02 9.61 9.91 7.39 7.79 5.81 2.41 2.18 1.82 1.58
2.33 1.90 7.42 4.63 6.07 3.47 2.19 2.96 3.35 2.24
1.98 9.11 7.92 4.25 6.62 2.19 9.64 7.36 8.28 5.97
5.09 9.34 7.24 2.65 9.81 7.24 9.12 2.42 7.57 9.54
4.51 3.15 2.76 1.33 7.01 8.35 1.27 6.26 1.10 4.98
9.26 8.19 3.35 6.98 2.95 7.92 9.15 4.32 1.17 9.57
2.81 8.34 5.70 8.88 9.72 4.11 6.44 3.05 3.87 2.81
9.12 6.26 1.19 9.25 3.11 5.15 5.94 1.34 1.90 4.55
9.19 6.02 3.89 2.20 1.57 4.83 3.66 4.55 7.25 4.61
4.16 7.73 4.23 3.04 8.59 1.34 8.72 4.03 9.50 7.21
8.15 8.89 5.82 9.60 1.90 2.25 4.89 3.65 6.55 4.69
7.16 5.24 2.74 2.81 4.54 9.15 5.44 6.32 8.16 9.31
5.63 3.41 8.86 6.24 2.90 4.03 4.85 5.97 9.81 9.85
4.08 6.97 9.83 2.56 5.77 7.55 2.18 9.66 4.03 2.26
8.64 6.00 6.82 9.46 5.11 7.72 2.33 6.27 6.17 4.60
3.41 8.18 8.50 5.50 5.77 1.52 3.96 1.21 6.49 2.38
2.95 4.10 2.73 8.78 7.86 4.21 3.85 3.97 2.01 3.06
7.57 9.75 2.09 2.94 3.51 2.46 2.62 9.26 4.06 3.47
4.20 2.76 6.20 9.09 9.87 4.48 9.65 5.08 6.83 7.53
4.42 8.36 1.41 3.45 6.41 9.88 8.64 6.20 9.07 5.46
3.60 7.96 2.53 7.76 5.80 8.57 1.13 5.67 4.08 7.79
9.14 8.92 2.79 9.54 2.53 5.20 3.03 9.43 3.34 1.33
2.57 6.89 4.23 8.20 3.96 8.91 1.63 1.70 2.20 4.09
7.71 3.34 9.53 4.27 8.28 4.74 9.65 5.21 8.19 1.83
4.30 2.07 5.35 6.12 3.67 9.24 4.48 7.20 8.88 6.11
9.56 4.85 9.58 8.86 2.79 2.99 7.93 1.85 9.25 3.81
9.69 2.67 9.04 5.30 7.76 2.73 7.29 6.88 4.60 1.91
6.94 7.39 4.86 2.59 4.99 6.91 5.17 7.74 4.43 4.34
7.11 6.80 9.39 3.90 2.29 5.59 3.67 6.02 8.14 5.66
4.98 4.49 5.44 6.58 2.13 6.86 4.96 9.94 9.04 9.62
5.35 4.41 3.99 9.49 1.53 6.00 7.55 1.49 5.29 6.05
7.06 8.72 9.63 2.32 3.36 2.13 5.63 8.20 8.72 8.57
4.75 1.91 4.47 2.72 6.71 5.63 7.04 7.80 2.89 5.36
9.49 3.49 9.73 7.61 3.18 4.98 8.44 8.10 1.80 7.88
5.38 1.71 1.48 1.58 7.97 9.94 4.46 7.50 9.54 6.54
7.75 1.37 3.29 9.04 9.84 5.83 9.15 8.79 5.64 3.19
8.05 2.89 2.77 2.04 9.25 3.89 1.85 2.55 3.23 3.51
6.14 2.99 8.94 1.27 7.86 7.92 6.65 5.74 2.37 4.86
2.36 3.93 4.32 1.40 9.43 1.98 1.28 9.93 1.07 9.39
2.77 7.27 3.88 2.76 9.04 5.18 1.29 2.59 5.01 6.75
7.46 3.40 5.91 9.66 3.55 9.72 6.49 5.89 3.37 9.58
6.96 7.76 4.27 8.21 3.17 7.46 4.83 3.33 1.51 9.08
1.96 9.74 6.91 9.31 5.35 4.42 6.89 9.45 1.70 1.47
8.71 3.49 7.37 7.07 1.51 7.92 4.19 2.92 4.45 7.11
6.78 9.30 5.31 7.15 8.32 9.39 9.47 5.73 8.57 3.39
4.21 3.78 3.63 9.97 6.65 2.35 8.62 5.11 1.84 6.57
3.37 6.26 2.63 6.85 7.89 6.12 2.41 9.06 5.56 2.45
2.86 7.38 5.11 4.02 5.03 6.88 1.33 9.75 3.98 3.00
5.09 9.48 8.97 3.06 2.61 9.56 8.55 2.95 8.84 6.27
9.09 9.66 2.86 5.22 1.64 7.21 8.77 5.12 7.82 4.97
2.97 3.54 1.80 6.22 4.21 5.94 2.46 6.21 8.12 7.46
6.88 6.59 6.89 2.72 8.78 8.40 5.97 2.63 3.24 5.85
5.92 2.35 6.24 9.66 6.69 8.11 2.03 6.48 5.44 7.80
7.50 6.70 7.23 6.34 4.92 1.96 2.80 1.93 1.04 1.65
6.57 6.99 3.87 2.49 6.75 9.19 5.58 4.15 7.09 5.37
1.75 1.11 4.93 4.97 6.02 9.90 4.87 6.93 9.62 8.47
2.03 9.71 9.48 4.77 5.12 3.94 7.59 7.66 5.85 6.31
5.01 7.57 4.82 1.41 2.62 2.15 8.32 9.51 9.19 1.02
5.49 4.62 1.11 4.09 8.84 4.35 9.52 6.23 9.53 7.17
9.52 8.64 9.26 8.26 9.03 8.60 4.97 1.89 4.49 9.13
5.97 1.18 8.01 9.79 4.94 4.54 3.69 8.24 2.90 5.81
9.37 4.38 9.27 1.86 7.82 1.68 8.34 9.10 7.99 7.41
1.62 8.29 7.34 7.88 7.10 5.18 3.22 6.28 5.54 4.04
8.74 5.29 7.25 1.86 7.43 1.83 4.23 1.06 4.13 5.23
9.55 2.49 4.72 3.19 8.34 6.21 8.80 7.63 8.27 8.18
5.83 6.11 4.41 3.42 4.49 6.86 4.42 8.75 2.97 7.66
3.27 1.52 9.13 5.46 2.54 8.34 2.92 4.97 9.16 1.12
4.11 8.31 1.99 4.41 4.95 3.78 4.69 7.47 2.42 7.38
7.22 7.72 6.24 1.96 8.00 3.27 6.89 1.77 9.81 4.27
2.39 6.68 9.62 9.06 5.09 3.81 5.19 1.80 7.30 8.41
6.94 8.56 3.06 4.74 7.57 7.89 5.65 4.08 4.65 9.69
6.83 5.94 1.54 8.53 9.96 1.73 7.49 9.79 7.17 5.10
9.82 5.12 4.08 5.10 8.22 7.31 3.46 4.21 8.12 8.33
5.06 3.16 8.55 1.81 7.57 2.23 6.96 9.16 8.50 7.56
9.28 3.25 1.23 1.67 6.63 8.73 2.69 5.09 5.03 5.33
3.39 3.17 9.95 7.13 8.50 5.72 5.13 5.95 9.43 6.46
1.07 3.34 5.21 3.56 1.35 5.93 6.62 4.53 5.76 1.03
4.76 6.54 3.45 7.50 5.35 4.33 4.64 9.41 1.78 4.68
9.13 6.93 8.64 6.93 1.50 7.55 6.02 1.56 2.37 5.95
6.86 4.01 9.58 3.03 9.23 2.52 5.85 9.75 6.30 8.04
8.62 6.06 7.58 7.55 4.29 7.56 2.64 7.00 7.41 2.11
4.54 3.99 5.22 9.04 1.83 5.38 3.85 6.68 3.78 8.01
6.12 9.48 5.64 4.21 9.32 7.08 6.28 8.88 8.16 6.39
6.73 1.65 4.17 4.47 8.70 2.72 2.86 3.00 1.73 7.23
2.68 2.17 2.12 6.81 4.08 8.28 1.43 3.40 1.78 9.27
2.61 8.95 7.55 7.95 7.27 8.35 3.03 2.78 9.01 5.67
9.86 1.24 4.34 1.80 3.48 1.63 1.43 2.85 4.14 1.95
3.05 7.76 6.13 3.56 5.74 6.97 1.07 1.29 1.71 1.64
1.22 5.13 3.13 7.56 6.62 2.74 9.26 9.09 8.81 4.49
6.91 9.49 1.07 9.79 5.88 5.80 5.86 9.35 1.39 1.10
2.27 4.69 9.78 5.33 9.08 8.39 6.88 3.64 1.56 7.69
1.63 9.74 8.81 8.69 2.46 4.63 1.23 8.23 9.80 6.58
6.00 2.93 3.26 3.45 1.66 1.47 7.56 6.79 1.42 3.70
8.98 2.04 9.14 5.16 5.70 6.65 6.08 4.36 9.47 9.23
4.34 9.52 4.69 9.89 7.62 3.07 3.97 6.15 6.80 6.52
3.92 6.47 4.67 4.01 4.59 2.15 8.10 4.77 3.97 3.89
5.03 5.42 1.08 4.07 6.90 3.46 6.51 1.71 3.53 8.51
1.19 5.35 3.61 9.08 4.00 9.92 5.82 9.39 5.57 9.37
9.79 3.45 7.31 6.97 8.95 4.15 9.97 3.85 1.44 3.11
6.80 6.06 1.31 3.06 5.69 9.11 3.99 6.37 7.11 5.81
1.46 1.08 9.93 4.89 4.14 9.92 3.24 2.03 6.66 6.45
1.08 5.91 3.45 2.30 6.39 9.99 3.49 8.82 2.80 9.15
4.43 1.12 8.75 3.78 9.85 2.14 4.25 7.16 6.80 3.98
2.30 5.68 5.18 1.86 9.33 8.72 4.99 8.27 6.30 4.86
6.40 6.06 9.43 7.10 7.07 4.80 7.07 4.32 3.02 2.09
8.25 6.35 7.06 6.49 4.20 3.48 9.43 9.82 5.06 7.95
5.15 3.95 9.93 1.78 1.22 8.72 3.35 4.86 6.63 7.79
6.39 6.57 3.81 8.45 5.19 1.77 6.20 4.28 9.10 5.70
7.51 6.21 4.85 6.27 8.34 8.22 4.48 9.76 4.10 1.91
6.87 7.74 2.11 6.44 2.90 8.14 4.68 3.75 1.20 9.99
8.02 2.58 2.34 1.21 4.92 1.30 9.19 1.02 5.96 3.16
6.73 7.80 5.95 2.71 3.18 2.74 3.25 6.99 6.65 2.02
7.99 2.54 5.13 1.16 3.77 9.46 1.59 9.90 9.53 2.11
3.31 8.53 2.26 5.16 6.61 9.28 3.78 7.28 7.55 1.10
2.10 7.54 7.20 5.38 5.88 9.63 2.77 8.81 7.27 2.40
6.64 6.40 3.33 3.27 6.44 9.15 4.63 2.56 7.50 9.50
6.47 4.75 9.70 6.01 1.64 3.90 7.24 2.34 6.92 1.49
2.34 5.37 5.43 1.13 1.11 3.82 5.10 1.70 2.99 8.92
6.94 6.72 8.02 6.04 2.92 4.97 2.48 8.26 1.41 6.34
2.10 5.95 6.91 5.78 5.44 7.30 3.74 7.03 4.16 1.39
4.23 4.07 7.52 1.21 9.92 4.65 7.17 5.13 5.22 3.03
7.57 5.39 4.29 7.06 6.11 6.49 2.46 8.37 4.68 6.26
6.82 6.78 1.15 8.83 5.62 3.80 2.54 9.26 9.85 4.19
9.30 6.45 7.44 5.65 8.50 8.49 1.41 6.03 1.24 8.56
2.29 2.07 5.66 8.93 4.98 4.58 6.13 4.45 8.21 5.15
2.19 1.67 4.44 4.97 3.43 4.56 3.40 3.75 4.26 1.64
8.40 9.50 9.23 7.20 5.30 4.49 1.20 9.16 4.04 2.23
7.69 1.31 7.44 6.58 9.79 9.31 7.11 2.59 1.99 4.60
7.52 6.25 8.01 8.10 7.92 5.91 1.02 2.95 6.26 3.72
2.29 4.48 7.46 2.98 1.91 7.84 8.87 6.70 2.26 8.96
7.18 1.05 9.18 7.44 8.93 7.01 8.51 5.11 5.60 6.08
8.02 4.52 3.44 6.48 7.10 8.07 7.41 9.44 1.41 2.76
3.65 9.32 8.67 3.67 4.59 4.41 9.78 6.25 6.04 7.94
8.95 6.84 4.74 2.34 1.18 3.75 6.50 6.31 6.97 6.81
5.61 5.21 7.68 5.01 9.09 7.85 3.46 3.70 2.74 3.87
2.29 7.40 9.35 3.82 2.66 2.91 8.10 6.55 1.76 4.79
8.99 3.26 1.55 9.09 7.54 9.56 6.40 4.48 2.90 5.03
2.93 1.08 8.48 5.26 4.52 2.04 1.88 4.09 3.97 6.37
5.33 3.49 8.07 9.92 7.16 9.68 2.14 3.08 4.37 8.84
6.20 6.44 4.64 8.88 1.58 6.48 5.20 1.27 2.05 1.40
1.40 2.50 8.73 4.14 6.55 1.21 6.90 4.99 3.53 8.34
9.84 4.61 2.27 1.59 6.12 2.52 4.28 9.02 6.63 5.98
3.25 2.74 7.46 5.56 8.95 1.96 8.64 4.21 2.58 5.11
7.04 3.39 2.94 5.14 3.29 6.16 1.45 7.37 1.61 2.95
9.98 2.64 8.85 4.93 3.91 3.50 6.07 3.08 3.86 7.43
6.22 7.47 4.89 4.54 3.55 9.34 2.86 8.28 6.88 4.40
9.90 9.14 8.20 9.03 6.80 5.49 8.91 8.86 1.73 3.12
1.57 5.44 6.74 1.57 4.76 4.97 6.68 7.92 8.71 1.44
9.14 7.79 9.25 4.89 7.29 4.27 8.57 7.24 1.00 7.88
1.99 6.80 3.80 7.82 2.83 7.08 9.56 8.30 7.47 3.36
3.65 1.93 8.24 6.73 4.72 6.10 1.75 9.16 9.65 1.31
4.58 2.54 7.07 1.42 2.24 5.93 3.66 5.87 8.46 4.09
9.94 5.65 5.53 3.69 8.40 7.60 5.79 1.18 6.24 3.76
3.51 7.06 9.64 2.67 3.37 7.61 5.84 9.16 9.39 9.42
7.13 8.03 9.64 6.54 5.88 1.83 5.72 9.20 5.33 1.72
1.31 8.38 1.88 5.79 5.68 8.10 4.46 6.51 7.69 9.78
8.65 4.68 4.44 9.73 4.24 1.23 2.31 7.59 4.83 8.04
4.23 1.74 1.05 2.66 6.85 1.74 1.62 3.64 8.86 1.72
5.66 5.89 9.89 6.76 8.48 5.08 8.24 8.98 1.40 8.81
1.29 3.34 7.91 7.89 2.03 5.47 4.64 6.90 8.33 9.80
8.87 8.77 7.64 2.12 8.81 7.03 9.63 9.07 2.76 4.49
5.18 9.57 8.84 1.74 4.37 9.65 4.25 5.62 7.64 5.92
8.25 7.48 7.40 9.91 3.76 9.87 6.01 8.84 6.35 2.24
5.50 9.29 2.24 6.18 3.73 3.33 5.21 2.16 2.39 2.70
8.71 4.00 2.50 2.66 2.63 4.03 3.65 6.23 8.61 8.75
4.44 4.62 5.78 6.69 3.23 7.64 4.01 7.94 5.84 2.16
7.19 3.65 6.74 9.88 8.90 2.22 5.73 8.85 8.75 8.40
7.51 4.22 9.91 9.00 9.96 5.15 2.27 6.05 8.68 4.77
4.35 4.67 7.32 3.59 4.10 9.84 9.94 9.08 5.18 9.89
7.18 5.78 7.04 8.64 5.81 7.23 1.02 2.10 6.88 3.70
1.32 2.21 7.47 5.25 2.73 6.99 9.70 5.01 5.48 6.57
4.19 2.28 1.73 9.49 6.73 4.14 2.72 6.32 5.56 9.43
9.96 4.32 2.07 6.24 7.69 5.39 2.85 8.43 1.87 8.79
7.09 6.43 7.33 6.58 2.84 5.28 2.22 2.92 5.49 1.22
5.53 4.72 4.28 3.14 7.66 4.79 7.95 1.30 4.58 4.30
8.14 3.48 2.62 1.19 7.21 4.02 8.25 1.59 9.97 4.29
8.83 7.15 6.49 4.56 4.76 1.82 8.34 6.36 4.79 7.42
1.03 7.00 7.95 2.96 4.15 3.07 1.82 8.99 1.39 1.70
9.58 8.63 1.33 6.14 1.87 2.39 8.18 3.31 5.62 2.01
8.58 6.51 6.37 8.40 7.43 2.73 7.81 3.23 7.12 5.82
7.34 3.22 4.54 1.56 4.20 4.19 7.56 1.32 1.87 7.07
6.35 9.07 1.11 3.50 9.49 3.46 4.61 6.71 2.34 2.95
9.51 7.51 1.68 6.67 7.24 6.86 1.41 1.48 6.55 4.32
8.15 6.38 8.23 2.78 3.67 1.09 3.58 6.28 3.00 7.90
6.75 5.60 6.75 4.31 8.55 4.60 8.21 4.66 1.35 1.67
9.42 6.85 1.42 8.41 9.26 5.76 7.05 9.24 5.33 3.06
6.93 8.26 2.26 4.04 9.51 2.68 4.42 7.59 2.28 3.69
7.46 4.57 9.42 8.89 8.21 1.71 6.96 5.47 2.99 1.78
3.45 9.49 8.22 6.32 6.86 3.41 3.83 7.03 3.31 3.38
2.35 5.10 4.20 9.72 5.41 4.20 4.94 7.07 6.97 3.64
1.56 5.93 6.74 4.87 3.33 6.10 8.12 3.38 8.26 7.38
5.83 9.98 4.02 7.62 9.40 9.02 7.60 7.26 7.88 8.48
8.51 2.54 4.84 2.71 6.22 9.92 8.41 6.03 2.79 9.34
5.50 3.99 7.17 4.15 7.81 7.97 8.98 4.98 4.20 4.41
8.55 4.70 5.41 6.80 6.30 6.80 8.83 4.70 4.80 7.75
8.13 4.61 4.22 2.14 6.90 5.87 9.25 8.16 3.03 2.46
8.86 8.61 7.43 3.84 6.33 2.08 5.57 9.99 7.94 4.50
4.91 8.31 8.53 7.99 4.64 9.38 6.36 6.42 8.28 3.93
5.67 2.67 8.78 4.77 9.96 7.32 4.39 9.50 3.04 3.19
1.84 9.32 6.24 4.12 7.97 1.30 6.24 2.00 8.57 5.86
4.63 5.14 1.72 7.40 1.85 8.61 3.57 4.88 5.08 5.30
1.32 6.45 5.05 6.53 1.07 3.23 8.97 2.31 9.37 3.77
2.73 7.11 3.27 4.39 1.60 6.20 9.19 2.22 7.32 4.86
6.71 7.19 5.73 5.56 5.42 9.38 7.29 4.84 2.31 5.69
7.06 9.21 3.13 2.17 6.82 3.05 2.14 7.77 9.36 5.09
6.55 5.76 4.99 6.36 6.70 6.62 7.71 9.01 4.74 4.71
7.87 3.13 6.52 1.44 2.61 5.67 1.71 5.39 2.52 2.16
3.67 5.66 4.42 5.94 6.15 7.71 5.87 4.68 1.87 5.71
3.76 1.36 5.95 7.06 2.83 6.52 5.46 4.34 8.53 1.03
6.75 2.81 8.33 9.94 1.57 8.08 1.67 8.25 7.31 8.56
3.32 6.35 6.21 7.91 2.66 9.65 8.41 4.94 1.47 6.18
7.33 3.98 7.34 2.23 8.22 5.14 3.59 7.23 7.93 4.31
4.99 8.78 9.28 6.17 7.80 8.39 1.50 7.03 9.13 5.88
1.74 4.37 4.36 7.39 3.91 7.38 8.79 7.31 2.86 6.42
2.24 5.26 6.82 8.54 2.89 9.72 3.77 9.13 7.91 7.41
5.31 4.47 2.35 5.66 6.74 8.98 6.14 2.93 1.87 9.75
6.93 9.19 6.30 9.04 6.36 6.67 1.48 1.06 8.82 4.11
1.01 5.20 9.97 8.49 5.44 4.27 6.83 4.77 8.84 8.74
4.50 5.46 3.36 3.16 9.92 5.55 7.92 4.09 4.42 6.24
6.66 8.39 5.58 9.79 9.16 2.08 2.69 4.81 4.42 6.76
6.20 1.85 7.53 9.19 4.42 6.94 5.04 9.64 3.38 6.01
5.18 9.46 7.48 9.63 2.30 4.48 6.56 7.53 6.52 1.77
3.89 9.41 4.64 5.39 5.77 8.22 7.64 6.69 5.97 4.18
5.93 4.86 2.88 7.70 5.07 3.31 7.51 3.33 8.08 1.85
9.68 9.63 5.41 9.93 8.47 1.10 1.31 3.72 1.60 6.37
3.31 2.75 1.36 2.57 3.36 8.25 4.91 4.30 8.01 4.44
1.49 5.12 9.72 4.26 3.56 7.94 4.97 1.72 4.24 2.25
1.05 2.92 6.54 8.60 7.55 1.42 2.30 4.74 1.64 8.87
5.99 6.01 8.89 2.77 9.12 3.18 9.12 1.03 7.52 2.18
5.87 8.66 2.88 9.77 9.36 8.42 5.10 6.59 1.09 9.31
2.80 6.60 3.01 8.62 6.69 2.99 1.14 7.86 1.57 9.54
5.11 8.76 8.54 5.04 5.25 5.78 2.31 9.16 9.53 6.63
4.19 8.15 3.11 7.68 9.40 8.55 5.56 3.89 2.43 3.29
4.56 2.25 4.21 2.40 3.47 6.24 1.18 1.46 4.91 4.78
2.16 8.53 8.43 5.40 5.23 8.96 4.65 4.91 2.22 2.62
3.80 6.44 8.26 6.71 8.85 5.20 5.03 2.92 3.56 6.67
3.92 3.55 7.46 3.18 8.11 3.24 2.46 4.08 8.44 5.23
8.53 3.92 2.07 7.77 7.97 2.27 4.13 3.36 3.82 7.66
3.31 5.77 7.22 4.27 8.12 8.98 6.77 3.95 5.08 5.67
5.50 1.84 9.28 2.74 4.98 5.95 8.18 8.37 7.13 3.46
4.53 5.94 6.19 7.31 5.86 8.11 9.98 7.61 4.54 1.77
9.43 1.94 6.80 1.97 2.93 9.95 6.51 9.79 8.73 7.41
1.74 8.16 6.93 6.06 5.35 3.66 8.32 3.11 5.08 8.78
3.92 8.08 7.94 9.51 5.44 5.66 2.99 6.72 9.28 5.78
2.77 7.26 1.60 2.33 9.63 1.99 1.96 2.31 6.96 8.26
7.28 1.14 9.06 7.29 4.37 6.05 7.33 4.55 6.29 9.64
4.39 4.26 7.26 5.76 8.19 8.73 1.56 9.47 2.45 3.00
4.00 1.56 9.91 3.89 3.27 1.94 7.63 4.81 3.21 7.01
5.16 1.04 8.33 2.86 5.48 5.28 4.83 1.15 3.94 9.79
3.02 3.77 7.67 5.37 2.71 8.20 7.49 1.26 2.00 2.28
6.37 3.86 2.65 6.50 4.67 3.82 9.62 3.10 2.17 3.67
2.21 8.97 5.33 9.53 3.70 3.55 1.52 6.11 4.36 4.35
3.35 3.80 3.02 2.71 1.96 8.37 1.74 6.38 1.09 2.12
1.94 3.27 3.25 6.84 1.85 6.71 5.89 4.26 9.37 1.48
7.06 8.14 6.04 7.90 7.51 2.07 5.63 9.97 2.84 3.03
3.07 5.17 7.54 9.24 3.80 2.46 7.39 3.23 5.14 5.73
1.46 2.02 2.62 4.43 1.45 2.93 5.50 6.76 8.09 2.18
9.54 4.76 2.12 9.43 7.53 4.93 4.95 6.11 5.24 6.91
8.73 3.49 5.58 7.83 6.94 1.79 1.11 9.71 5.77 2.19
6.78 4.33 4.27 5.73 8.22 2.91 1.74 5.70 4.04 4.21
6.25 4.64 9.93 6.36 5.02 3.65 1.96 7.95 1.75 5.32
7.66 3.62 1.41 5.50 1.91 1.93 3.17 7.67 1.36 8.65
1.98 7.38 5.93 7.59 3.48 5.52 5.01 5.48 1.28 9.32
1.43 7.67 2.51 3.73 3.83 6.33 4.07 2.93 9.87 3.08
7.51 3.54 2.32 5.42 2.66 5.92 5.93 3.10 7.40 8.03
8.63 8.30 6.22 3.53 7.40 3.74 4.33 6.10 8.25 3.33
8.71 2.42 9.51 7.10 2.09 4.55 3.87 7.21 8.15 9.05
5.09 2.87 7.33 9.04 9.79 4.66 2.60 8.40 1.49 8.56
4.96 2.18 2.92 8.59 2.63 4.41 5.33 2.88 5.86 5.23
4.09 5.82 4.84 4.48 7.50 9.41 6.36 8.60 5.53 2.10
8.50 9.70 5.59 5.27 2.46 9.65 3.51 9.71 6.61 4.76
9.32 6.26 3.51 5.94 2.29 3.60 4.26 7.24 6.82 6.34
7.47 1.11 5.19 9.87 3.64 8.61 1.80 2.99 1.26 1.63
7.02 1.41 6.60 4.21 4.02 1.83 2.16 6.61 5.62 2.21
8.96 1.26 9.05 5.77 6.74 4.67 7.08 8.73 6.02 4.71
5.86 2.81 2.89 9.52 5.22 5.35 5.39 8.06 7.69 8.05
4.36 2.69 4.26 5.90 6.11 5.83 6.78 3.73 1.15 5.59
4.65 3.05 4.41 2.15 1.53 7.80 2.09 9.96 8.59 5.87
7.12 9.05 9.63 7.35 7.35 5.46 5.57 5.83 1.48 2.94
2.61 1.45 7.09 8.09 1.37 3.93 3.81 5.80 5.01 4.46
5.78 7.79 4.66 7.62 7.70 9.38 2.21 9.85 9.81 7.07
2.33 8.46 5.44 8.74 7.30 5.13 5.81 1.50 6.24 5.12
1.95 9.38 7.59 9.61 5.84 1.45 2.11 3.92 5.78 7.82
3.79 9.95 6.41 1.58 7.89 2.55 9.60 3.60 7.18 3.79
2.20 3.89 2.12 2.64 5.83 4.03 9.09 7.63 6.63 1.05
2.18 9.76 7.62 1.21 3.58 7.28 7.14 9.64 6.92 6.45
2.84 7.23 4.55 2.38 4.61 2.03 8.32 9.12 9.65 5.88
5.57 1.34 4.83 3.05 9.05 9.75 1.37 2.45 1.10 4.39
3.76 4.48 3.39 1.48 1.07 3.20 6.89 5.34 9.44 8.61
3.87 1.30 2.15 1.85 7.94 3.63 5.50 2.53 2.35 1.61
2.40 2.77 2.72 1.12 7.81 3.68 1.88 5.20 5.51 3.22
5.88 8.32 1.76 5.72 7.18 3.06 4.82 9.68 3.17 7.61
8.88 2.73 8.12 9.94 9.82 3.96 9.95 5.81 8.20 6.05
2.17 5.56 3.21 2.41 6.68 9.74 4.17 4.24 9.26 3.63
3.39 7.90 9.90 2.12 8.40 6.81 3.32 6.18 6.50 7.15
6.51 9.18 4.27 5.36 4.87 6.70 4.35 4.43 3.01 7.25
6.26 5.66 5.07 3.56 8.23 8.48 6.41 9.50 6.75 6.77
1.60 3.44 9.69 8.08 9.04 9.02 7.67 5.45 5.16 7.16
6.11 6.95 6.12 2.87 5.90 4.25 2.58 5.89 1.46 2.86
7.53 7.54 2.40 7.59 2.96 1.26 5.05 3.48 7.44 9.78
8.62 6.55 9.83 2.25 9.09 3.85 1.52 3.00 2.66 9.55
1.90 3.93 8.50 4.60 1.59 5.68 2.42 2.80 7.46 9.55
3.03 8.64 1.81 7.04 4.19 6.69 9.63 9.15 6.29 3.87
1.25 2.76 8.24 4.33 1.66 2.48 9.26 3.94 2.34 2.92
5.30 6.12 9.64 9.86 7.22 4.62 3.04 4.63 9.68 5.51
9.17 2.19 5.39 4.23 1.76 7.99 3.08 5.56 3.27 1.03
5.36 3.16 2.68 3.67 8.20 8.97 3.48 5.75 6.36 9.17
9.17 6.25 6.40 2.73 6.82 6.90 5.00 1.11 9.50 3.16
5.65 1.74 5.38 3.74 5.12 2.78 9.66 9.66 7.53 4.11
8.21 8.34 2.10 3.22 8.52 9.44 2.31 4.42 4.07 6.08
8.38 1.82 9.06 1.80 1.22 6.02 5.28 9.54 5.03 2.72
4.12 4.31 8.73 1.31 8.27 3.29 1.64 7.55 6.97 4.33
2.75 5.16 6.86 5.87 3.87 7.41 3.54 7.71 8.39 5.45
8.97 8.69 9.47 3.77 5.07 8.03 4.72 8.01 2.85 1.17
9.72 5.82 8.09 8.91 7.07 9.90 4.96 4.72 2.70 5.74
8.51 3.03 8.24 7.66 8.11 8.67 7.11 6.19 9.91 2.36
3.94 1.16 2.31 7.80 4.23 7.86 1.11 1.61 2.98 7.94
5.63 2.28 8.80 1.91 1.43 1.92 7.47 4.46 3.66 4.20
6.29 3.84 8.42 9.51 5.05 4.89 4.00 7.86 6.09 1.09
4.24 8.21 2.59 9.48 6.70 9.72 6.53 1.21 9.31 8.23
2.49 7.45 9.13 1.81 7.04 5.45 2.62 5.44 1.08 3.78
8.74 6.04 9.71 8.05 3.26 7.13 9.58 7.97 3.49 7.57
1.41 4.83 1.77 1.25 2.04 2.05 9.26 5.88 7.81 9.41
5.73 4.40 5.23 3.98 7.28 9.03 3.18 7.48 4.99 1.53
8.60 5.74 3.88 1.31 3.90 6.26 6.74 1.87 1.04 2.12
4.28 9.06 3.55 1.41 1.32 4.62 4.86 2.53 7.25 3.71
8.72 9.16 3.77 7.03 9.05 1.44 9.89 3.73 5.71 5.37
1.26 7.48 4.55 1.01 2.35 9.47 5.83 2.62 9.75 7.86
8.35 2.03 8.85 1.44 3.24 4.16 1.15 2.01 4.66 9.30
3.04 7.29 9.89 7.84 4.68 7.93 7.72 7.39 6.12 5.10
2.73 7.03 5.06 4.31 6.64 6.26 9.50 3.79 8.67 7.88
2.84 7.59 3.51 3.04 2.84 6.88 4.73 9.18 1.13 7.92
7.39 1.94 2.63 3.72 6.47 3.34 6.18 1.86 5.44 9.14
5.02 9.67 2.09 7.41 6.42 8.08 6.70 8.59 7.39 1.51
8.63 8.54 9.30 1.14 9.76 6.12 1.94 3.19 7.87 1.81
4.97 1.35 5.74 8.27 8.20 2.51 7.35 7.03 1.00 4.75
2.72 7.77 3.47 4.63 4.03 8.26 6.48 2.75 8.58 9.95
2.84 3.95 6.64 1.80 7.32 6.80 2.73 3.06 3.71 3.19
3.58 6.60 5.35 7.32 3.53 8.06 3.42 1.77 8.78 8.62
4.33 6.90 5.87 6.22 2.57 6.91 1.91 8.01 9.81 6.50
9.79 2.73 9.33 6.02 4.95 5.24 8.49 9.40 7.38 3.79
6.66 5.63 9.97 2.21 4.19 2.68 2.98 4.32 1.72 9.06
5.00 4.31 8.57 9.18 1.58 2.37 2.38 7.36 6.08 3.70
6.07 3.46 3.69 3.63 3.67 9.75 5.00 5.08 4.66 2.57
4.43 6.65 5.87 5.59 9.55 3.11 6.71 5.43 9.59 8.90
1.61 8.25 6.34 4.07 7.05 8.24 1.90 1.23 2.46 5.34
5.86 9.64 9.20 5.91 8.56 6.08 9.47 4.40 4.51 2.58
3.60 7.69 6.18 3.81 7.97 2.94 6.88 3.81 6.07 8.97
5.60 3.98 7.17 8.89 3.14 2.52 5.67 2.90 5.23 3.13
4.58 1.96 3.01 1.07 1.79 9.59 3.04 5.09 9.10 7.00
2.84 8.35 3.00 5.01 1.71 3.00 9.58 9.05 9.54 1.10
4.45 4.30 9.56 2.82 5.94 7.22 3.30 6.05 7.82 3.60
1.13 4.32 3.28 9.11 8.89 7.42 4.24 8.21 1.54 4.88
2.66 7.69 9.94 6.11 3.76 9.59 1.16 3.02 7.45 8.86
3.03 4.29 1.85 7.54 9.29 7.19 3.06 9.26 1.70 1.22
3.55 5.17 9.33 9.12 5.89 9.54 4.36 7.58 3.67 6.15
7.52 8.74 6.11 1.73 3.25 2.28 1.46 5.38 7.72 1.72
7.25 2.36 7.24 8.18 7.56 2.13 9.79 5.63 5.51 9.79
2.71 7.76 1.94 2.29 5.18 6.86 7.56 3.29 8.91 5.85
1.10 3.79 1.79 5.13 3.38 4.55 8.94 2.31 2.88 1.58
4.49 8.73 4.09 6.71 4.99 4.49 5.41 8.00 5.34 1.83
8.77 2.38 1.71 9.30 6.28 5.02 8.17 9.65 4.59 4.47
9.83 2.17 1.76 2.43 6.23 9.80 2.65 1.83 1.33 7.67
5.40 4.97 1.36 7.01 3.63 8.58 4.56 5.94 2.13 1.26
9.06 7.98 7.41 5.72 5.95 8.10 9.27 7.71 2.48 8.46
1.13 1.84 1.30 5.34 3.83 7.62 4.53 1.98 7.04 8.78
2.90 7.43 6.31 5.55 1.75 5.75 6.36 1.71 5.31 4.91
6.11 9.17 6.56 7.68 3.14 2.62 6.60 4.05 6.90 5.83
3.66 3.93 3.23 6.97 7.43 1.10 4.46 7.12 3.69 1.17
2.99 8.14 4.30 8.09 9.66 5.87 2.06 1.90 1.09 1.74
5.12 2.11 8.50 3.58 3.92 4.80 7.93 2.11 7.20 5.83
6.64 1.57 1.80 3.19 7.03 5.52 6.11 4.09 8.81 5.01
1.67 6.46 7.74 8.68 1.85 9.06 6.19 1.83 8.09 5.96
3.97 7.22 2.74 1.92 9.50 8.20 9.86 9.59 4.32 4.42
4.38 5.23 6.90 7.78 1.27 7.16 6.37 1.70 4.72 1.32
9.78 7.56 9.46 6.36 8.36 7.62 6.34 4.83 4.79 3.42
1.44 4.63 6.71 6.15 4.58 2.14 9.31 7.26 3.47 3.40
2.47 5.83 4.43 1.51 1.39 2.77 9.86 5.92 6.04 2.93
9.69 9.52 2.53 2.19 3.94 5.67 6.29 6.32 3.89 4.90
3.16 4.58 5.37 6.52 6.09 6.53 7.90 4.91 8.72 1.44
3.42 5.67 5.18 2.57 1.49 8.50 1.67 4.90 5.68 8.69
1.26 7.95 8.06 8.83 5.34 5.19 3.98 3.38 4.48 6.40
7.40 4.96 8.00 8.32 5.66 3.97 6.26 1.10 1.55 1.47
6.58 6.83 4.62 4.35 3.75 2.84 9.18 4.35 9.73 5.79
7.56 3.51 5.94 6.59 2.58 5.63 9.38 7.82 9.83 1.77
9.86 8.32 1.63 1.32 4.53 6.45 3.15 5.97 8.63 7.14
1.95 7.10 8.79 8.16 5.03 3.21 6.16 6.88 5.04 7.06
8.01 3.04 9.26 6.25 6.03 8.50 1.88 4.76 2.41 1.44
9.14 8.04 5.31 7.62 8.73 2.38 8.73 9.11 2.57 4.29
5.54 9.84 7.76 1.00 7.29 1.20 8.34 5.76 3.37 4.80
3.16 5.19 1.50 1.12 9.53 2.75 9.64 8.52 4.89 6.18
5.70 8.76 6.73 4.96 9.18 5.69 9.40 7.66 3.82 4.81
2.54 9.73 3.40 9.20 7.61 4.87 6.29 7.06 4.46 2.94
6.33 9.21 4.58 9.64 5.58 5.62 7.82 3.76 8.01 2.22
5.91 1.80 6.04 6.39 3.16 6.60 3.92 2.89 5.65 4.13
3.60 6.73 5.08 8.14 9.40 4.33 7.62 7.69 8.88 4.57
5.73 7.38 4.73 7.57 9.37 4.62 7.33 8.98 8.09 9.81
8.34 8.82 2.73 2.92 4.36 6.12 8.80 8.99 2.75 4.19
8.08 3.10 9.48 7.74 2.53 2.69 6.46 1.27 6.98 2.60
9.89 7.84 4.25 4.32 2.55 3.61 6.87 2.15 7.07 5.53
1.47 5.09 7.42 8.89 6.85 7.04 2.29 7.24 2.02 5.93
1.21 9.09 5.82 7.88 4.00 4.30 5.50 2.28 8.17 8.18
9.74 6.02 9.29 3.63 5.09 9.16 7.15 2.81 8.12 6.23
8.42 3.89 2.75 4.63 8.32 9.01 2.41 8.20 1.07 6.99
1.06 1.09 6.76 9.89 6.31 1.79 1.61 6.74 5.01 4.91
4.66 6.85 5.61 6.95 9.80 1.48 9.54 3.24 9.62 4.72
7.83 1.64 3.39 1.14 7.63 2.14 9.93 7.86 7.31 4.71
7.40 4.39 7.47 6.30 7.33 2.39 6.04 7.18 6.34 7.21
7.65 9.70 1.54 7.67 6.92 7.76 1.32 9.33 2.13 1.50
6.83 2.23 5.01 4.05 7.52 1.99 5.82 1.16 4.74 6.86
6.11 3.58 3.10 8.55 9.88 4.99 6.67 1.43 5.61 4.94
3.18 2.29 1.64 9.36 1.97 3.82 2.18 6.75 5.14 7.94
2.39 4.58 7.28 6.64 5.77 3.28 8.88 1.05 4.29 4.63
2.41 6.48 9.56 8.65 8.88 7.92 1.25 3.15 5.53 3.67
6.81 7.73 1.26 3.48 8.93 8.75 1.14 8.38 8.54 6.05
5.11 1.81 6.35 2.98 5.90 9.80 5.93 8.68 1.36 2.01
1.72 1.00 7.40 5.70 7.82 9.69 1.23 7.97 8.29 8.60
5.53 8.19 7.36 4.78 7.01 1.02 7.77 7.07 8.85 3.28
2.00 9.60 6.31 6.93 1.20 2.12 6.08 5.73 5.82 9.27
1.06 3.85 4.25 7.35 1.57 8.41 3.82 4.97 9.85 9.00
3.59 7.76 1.30 3.76 2.00 8.72 9.78 6.26 7.35 2.83
6.07 6.57 2.47 9.75 2.35 1.71 2.88 6.82 2.82 9.99
8.25 3.05 3.39 1.42 8.16 9.37 9.09 4.99 9.07 4.83
8.94 8.60 2.04 4.92 9.06 5.22 3.81 8.77 5.00 9.98
4.88 9.19 1.07 6.49 4.23 7.09 9.69 2.98 3.14 9.44
1.63 8.57 6.43 7.32 8.71 7.60 1.59 9.47 9.42 8.38
9.05 2.82 3.40 8.39 4.25 3.50 9.54 1.90 6.71 5.51
9.77 6.93 6.37 5.40 8.16 3.22 7.33 1.08 6.68 1.93
3.75 1.37 4.38 1.05 3.53 8.16 5.39 7.35 9.74 9.47
9.94 5.93 3.31 5.83 1.03 9.38 4.57 8.18 5.12 2.83
3.98 5.79 7.99 9.65 9.67 2.70 5.87 9.70 5.58 6.72
9.88 3.95 6.19 9.19 6.30 2.57 5.73 2.54 7.73 7.93
5.80 2.73 6.45 3.52 7.69 3.13 7.17 9.76 7.71 6.32
1.73 9.63 2.92 4.91 6.80 6.16 9.59 6.27 9.50 5.22
2.99 7.97 4.08 1.19 5.88 8.74 5.86 9.72 8.35 7.18
8.60 3.17 3.37 2.22 2.16 8.65 3.83 7.23 3.97 6.10
1.72 3.73 9.80 4.47 7.88 9.10 1.35 8.16 9.47 7.84
3.84 9.17 7.29 7.99 3.53 8.38 2.14 4.51 6.75 2.26
4.30 5.57 4.50 6.06 9.21 4.19 1.93 9.45 6.95 1.96
4.90 1.48 9.52 5.29 1.85 9.70 2.84 4.70 3.24 6.45
8.78 6.11 7.85 1.62 8.26 2.04 7.28 5.84 3.36 9.89
6.65 4.06 7.03 9.95 2.88 3.70 1.37 5.96 5.34 3.34
1.45 1.67 8.01 4.72 2.60 8.50 1.13 7.10 1.95 3.50
5.18 3.66 1.16 3.56 1.06 4.24 2.17 8.23 4.21 7.86
8.67 8.86 5.91 4.33 6.77 2.03 5.74 6.20 8.17 1.67
2.19 3.65 9.66 9.03 2.96 8.02 3.41 5.27 6.96 6.41
4.89 6.65 6.33 8.06 7.31 8.54 9.15 7.26 8.47 9.58
5.04 6.06 2.43 4.49 5.21 7.97 9.24 2.84 4.44 3.62
7.33 6.33 8.00 7.18 1.01 7.44 8.93 4.20 5.07 1.16
9.74 2.05 8.86 3.43 1.64 6.98 3.67 5.28 7.24 9.74
6.60 3.57 8.60 2.19 7.38 5.40 9.54 3.05 2.23 7.23
3.48 6.98 6.02 1.73 6.96 7.32 3.64 9.38 4.24 5.26
7.40 5.17 6.34 9.98 8.97 5.16 4.81 1.95 5.52 7.22
4.26 9.20 3.77 4.73 1.90 2.78 5.53 7.21 9.24 4.95
3.56 7.76 2.47 1.59 6.87 4.64 1.65 1.99 5.48 4.57
9.73 2.25 5.54 5.47 9.12 8.17 3.15 5.07 3.42 7.38
3.52 4.22 8.81 4.58 9.89 9.96 9.83 4.02 3.96 9.10
6.58 4.06 3.23 1.56 6.39 9.74 6.37 3.32 3.42 8.67
4.39 5.10 5.79 1.44 5.61 8.01 8.15 7.63 3.83 7.14
8.69 3.05 6.00 7.78 6.62 4.02 4.01 8.02 6.53 3.57
9.17 4.25 8.03 5.38 6.99 8.80 7.31 9.98 4.39 1.07
5.36 7.41 7.59 8.71 3.12 7.97 2.45 1.31 4.96 3.49
6.26 2.28 8.47 9.50 3.52 2.32 7.76 1.74 5.21 1.92
3.93 8.96 5.73 4.46 2.24 5.51 4.42 9.64 5.49 5.89
4.22 1.68 4.30 1.92 8.34 8.92 4.43 6.76 1.66 8.05
3.57 7.23 5.25 4.12 4.91 5.01 3.68 4.06 8.29 7.25
7.63 7.34 1.10 6.79 7.78 5.64 2.38 1.24 9.82 1.02
6.22 9.22 9.46 4.32 9.15 9.30 3.07 1.36 2.66 1.54
4.17 3.41 2.08 5.87 3.96 6.23 1.12 6.29 6.52 9.77
4.50 7.89 5.69 6.34 9.74 4.33 6.17 6.60 5.90 8.90
5.61 5.54 3.65 2.41 9.35 8.76 2.28 5.24 8.23 5.21
9.58 8.33 8.68 2.20 3.25 8.02 8.90 9.86 2.88 2.16
8.32 2.22 8.11 8.27 1.80 6.80 3.53 5.30 5.66 6.01
5.68 1.72 3.55 7.09 4.23 2.05 2.30 8.61 3.32 7.26
9.94 2.93 4.31 6.86 8.34 7.93 9.52 1.37 3.50 4.81
9.07 8.07 3.88 8.84 7.39 9.76 6.49 6.08 9.43 4.10
3.77 7.99 8.94 2.16 6.22 3.71 3.84 6.22 2.21 6.38
5.84 1.02 5.07 2.25 1.93 8.02 4.89 7.33 4.00 9.94
2.15 9.27 1.88 3.67 5.67 1.71 8.51 9.49 8.07 5.31
1.36 4.98 8.07 3.14 5.16 8.02 8.01 8.97 6.88 7.34
4.49 5.59 7.95 1.24 5.27 8.16 7.87 3.22 6.72 6.54
2.03 9.39 5.44 9.26 8.01 5.91 2.18 1.62 9.77 6.79
4.09 4.70 4.49 8.26 2.20 6.28 4.68 2.83 2.73 5.84
8.79 3.95 6.11 4.36 1.05 4.17 6.81 1.77 6.66 3.94
1.22 7.88 3.93 5.16 8.69 1.66 6.24 9.29 6.58 3.47
7.64 1.67 4.82 7.89 5.23 3.41 4.10 5.17 3.52 3.34
4.03 9.39 3.16 7.07 8.46 2.58 1.55 8.51 8.84 3.42
9.91 6.26 8.41 5.04 3.46 9.22 1.65 8.97 1.76 2.70
4.02 2.62 8.08 6.24 9.86 5.89 3.53 4.70 1.36 2.77
4.93 7.25 2.50 3.92 1.45 4.14 5.12 1.90 9.49 8.18
4.51 4.26 7.26 2.64 3.78 4.96 9.89 3.75 8.46 9.09
8.46 9.86 9.31 8.04 10.00 4.84 7.79 6.21 4.54 2.29
4.27 9.17 7.31 9.72 7.33 9.54 3.19 8.90 4.37 8.79
9.71 5.01 6.97 5.74 2.25 2.25 9.89 6.90 6.94 1.39
3.71 9.42 7.39 3.85 2.69 9.75 8.46 9.18 5.46 6.86
3.81 3.43 5.58 8.86 1.43 9.60 8.00 8.44 3.93 2.02
4.79 2.87 5.36 5.04 3.37 8.80 7.33 7.74 1.12 3.66
6.65 8.52 5.76 1.21 4.09 4.18 6.80 4.12 4.19 6.71
6.35 3.79 1.58 3.45 5.63 4.92 6.01 4.82 2.76 6.54
6.25 5.70 2.09 6.06 8.63 8.57 7.93 7.21 8.12 6.26
1.11 8.63 6.44 1.31 5.02 1.80 6.18 9.85 2.02 7.32
6.28 1.51 2.21 8.46 4.21 9.50 5.92 1.09 8.96 9.58
9.70 9.31 7.33 2.84 9.99 6.47 5.29 5.94 2.39 8.95
9.39 2.36 4.92 2.18 9.55 7.16 8.05 4.76 1.75 8.82
2.22 4.76 9.23 7.88 4.71 7.66 1.99 6.36 2.20 7.19
6.83 6.23 5.69 2.26 5.39 8.87 6.85 1.46 4.91 1.34
4.65 6.53 8.89 5.20 5.83 7.05 1.16 1.17 6.76 1.80
3.32 7.54 2.81 4.23 8.53 1.13 1.68 6.07 3.99 4.46
4.70 5.40 6.50 9.00 3.80 1.14 1.31 6.31 9.70 2.98
4.44 7.78 4.99 2.51 5.24 3.06 4.79 4.70 2.45 9.27
9.13 5.10 5.14 8.37 6.51 6.35 9.74 2.96 1.57 5.29
6.71 2.43 1.65 7.81 9.23 6.86 6.11 6.39 2.01 3.93
5.45 8.83 8.70 8.54 7.83 6.78 6.44 8.08 1.58 2.54
2.78 8.50 4.07 5.01 9.76 4.48 8.93 1.43 7.75 6.16
3.30 2.11 1.96 1.51 4.34 7.38 5.24 7.49 2.66 1.70
2.81 6.77 2.04 9.11 3.14 3.68 4.49 2.65 2.13 6.45
3.86 1.92 7.57 1.05 4.96 6.18 6.34 6.28 4.98 9.18
8.12 5.06 5.18 1.68 8.75 5.68 5.33 2.43 2.18 5.33
5.38 6.01 2.21 7.39 3.26 9.83 6.76 5.81 2.90 7.86
3.86 2.56 4.51 1.51 6.40 5.01 8.67 1.43 9.80 7.01
2.56 7.45 8.72 5.21 3.40 4.59 6.14 4.11 4.56 8.81
6.32 7.28 6.32 2.94 7.78 5.03 6.14 5.13 3.66 4.05
7.12 8.46 3.30 6.38 1.89 5.90 2.39 4.22 1.87 5.66
8.94 4.09 5.62 3.87 7.05 1.90 2.42 2.78 1.49 9.86
7.37 5.79 4.64 5.90 9.27 8.30 7.66 2.05 6.28 5.10
4.89 6.82 5.02 8.24 4.89 8.23 7.71 2.37 1.21 2.90
4.17 1.70 3.93 8.30 4.81 8.21 7.75 9.60 6.52 9.56
5.13 5.72 3.24 8.16 9.98 9.57 8.19 2.09 1.08 1.04
6.10 5.08 5.28 1.78 6.01 8.73 6.17 8.42 8.08 1.48
2.89 6.62 1.09 3.57 4.36 9.14 4.44 7.21 8.16 7.53
1.63 7.58 6.04 4.31 6.09 5.93 1.07 5.71 1.40 4.05
6.67 7.09 5.76 2.37 8.59 9.33 7.26 6.80 4.97 2.68
2.29 5.61 4.92 8.12 4.27 8.57 9.93 6.70 5.57 9.49
4.92 4.65 9.47 7.92 4.84 6.94 6.55 7.16 6.28 9.76
7.41 8.63 2.72 9.94 3.79 7.11 3.79 6.79 8.80 4.18
8.91 3.13 7.37 1.41 4.70 2.64 8.42 8.10 1.17 3.66
5.50 7.78 2.62 4.17 5.25 5.75 2.32 7.56 3.13 8.52
5.94 9.09 6.51 5.81 2.99 1.78 3.41 9.87 7.52 9.31
9.52 5.58 7.46 2.88 8.95 6.27 3.28 2.43 3.66 7.20
6.61 6.68 7.32 5.02 2.13 5.41 2.58 7.17 9.79 8.40
3.47 2.25 6.00 2.34 9.51 7.81 1.08 1.80 8.62 1.26
4.53 3.18 6.15 8.11 9.70 4.01 7.98 2.48 7.00 4.98
2.05 5.41 1.96 8.23 1.84 9.10 5.16 3.82 5.63 3.26
3.46 9.34 9.37 2.52 7.19 7.72 1.99 6.81 1.07 8.17
7.78 1.96 3.46 9.89 1.67 7.36 5.24 6.88 4.10 6.67
5.49 6.82 5.28 5.09 4.00 9.44 5.14 7.67 7.63 7.84
3.82 3.91 4.30 2.77 2.74 3.07 3.13 5.89 8.60 7.30
5.55 2.47 6.92 5.08 7.91 9.71 9.05 5.98 7.98 8.72
5.89 8.50 5.77 2.46 4.67 8.40 5.25 8.56 5.52 8.15
6.45 4.92 2.07 6.58 2.34 1.29 8.57 9.39 8.90 7.09
4.54 6.45 1.30 7.70 9.46 7.22 6.84 9.67 9.99 7.35
9.70 3.64 3.08 5.03 4.67 3.43 6.99 9.08 9.76 3.37
3.25 8.64 6.66 7.96 3.69 5.70 8.57 5.00 1.41 6.63
4.07 5.06 2.05 1.26 2.15 9.29 8.60 9.43 5.19 2.93
2.32 6.12 3.29 4.67 5.60 8.15 7.20 2.79 4.09 5.32
2.37 7.98 6.86 9.72 3.97 5.99 3.73 9.30 9.32 7.39
5.69 6.11 5.52 7.41 7.04 7.15 1.15 3.36 4.17 9.73
7.04 9.34 5.93 1.05 1.83 2.32 7.27 5.71 2.73 3.84
8.70 7.47 6.84 8.06 1.95 4.82 7.37 4.57 4.44 1.23
2.21 3.40 1.03 3.17 9.10 8.57 4.99 2.15 7.20 6.64
5.64 7.77 5.19 1.60 2.13 6.24 9.73 4.37 7.76 5.89
4.67 2.65 6.29 3.07 2.62 1.15 9.38 6.64 9.60 5.17
7.39 7.75 8.22 2.59 10.00 8.85 7.68 8.31 1.96 1.94
8.63 6.31 9.41 6.99 3.88 4.57 7.10 5.55 6.29 1.34
9.40 5.79 9.88 9.64 2.91 6.88 3.45 9.77 7.45 6.96
3.25 4.44 2.95 9.79 1.05 8.33 5.63 3.62 7.71 2.86
2.97 4.05 5.90 6.84 3.89 6.50 6.56 3.57 8.15 7.96
9.56 4.56 8.05 3.43 7.67 5.41 1.45 9.20 9.88 4.64
6.86 2.56 4.79 7.11 4.90 9.15 9.71 7.43 5.56 3.12
2.71 7.22 6.79 8.24 3.76 7.90 4.31 2.57 4.05 4.54
2.89 3.76 5.88 1.18 6.21 7.34 6.03 7.81 5.92 1.51
9.73 9.04 1.62 6.51 6.21 8.58 4.84 7.21 8.07 2.62
3.25 9.96 2.13 5.59 9.34 2.06 8.23 9.63 1.15 1.42
8.32 8.88 2.43 7.60 9.12 5.24 4.89 5.52 9.67 6.75
2.98 8.58 9.06 3.79 8.41 9.21 1.47 5.64 8.54 5.73
3.76 1.84 8.66 9.51 8.88 4.63 9.43 7.80 5.79 1.35
2.02 9.43 9.76 7.78 9.00 2.49 8.39 3.82 6.72 7.40
1.24 5.15 5.02 6.99 5.54 4.80 9.35 3.73 9.98 7.62
5.88 3.63 4.81 3.91 6.10 8.46 2.20 5.41 6.76 7.15
6.28 8.03 9.86 1.87 1.64 9.42 7.38 5.69 2.81 2.29
8.66 6.14 8.70 9.31 3.94 3.12 4.68 8.15 8.39 1.03
4.41 2.97 1.54 8.16 8.41 2.29 8.35 9.28 9.45 5.76
5.44 2.19 9.85 2.20 7.00 6.54 1.99 4.03 6.71 6.90
6.91 5.96 5.76 5.01 4.39 7.62 5.34 3.71 8.68 3.18
6.91 3.55 5.22 8.35 5.99 8.38 9.73 4.42 2.82 7.42
8.95 6.33 9.24 7.95 4.08 7.48 2.00 2.10 4.47 1.28
2.02 6.83 3.43 4.80 9.67 2.01 6.09 6.66 6.83 5.14
2.78 2.78 1.02 4.94 8.49 8.21 8.32 1.32 4.51 3.41
8.52 4.81 1.64 8.10 5.57 3.73 3.53 2.20 6.09 9.92
9.53 1.79 9.20 5.67 5.42 6.24 3.32 8.95 6.32 7.86
3.03 3.35 4.26 9.29 3.41 6.94 4.75 5.94 1.39 4.19
2.99 3.60 6.20 8.34 8.27 2.39 6.02 1.24 9.73 5.82
9.98 6.72 7.47 7.56 8.79 8.47 7.37 7.92 7.93 9.37
4.20 7.49 1.14 4.91 1.96 3.15 8.38 4.22 2.51 4.27
1.40 9.25 6.58 3.48 2.86 8.25 4.71 5.20 1.92 9.00
9.69 3.44 7.64 5.40 5.96 1.14 7.75 2.53 2.27 9.99
3.31 3.83 8.77 5.22 1.82 6.14 3.65 7.62 9.11 7.44
1.82 2.30 9.12 6.22 2.87 6.23 9.87 9.27 8.55 5.92
6.81 4.08 2.63 2.18 4.03 3.25 5.25 3.52 5.68 2.77
5.41 4.57 5.60 8.34 9.51 2.25 8.39 3.64 9.68 8.89
3.19 1.41 4.23 5.32 2.31 1.39 5.72 1.45 9.00 2.41
6.25 2.90 9.54 3.58 2.20 7.09 7.56 3.49 4.91 2.39
3.86 5.42 7.70 9.42 1.52 5.98 1.45 1.98 9.04 6.61
4.27 2.56 6.64 7.43 2.34 9.97 4.76 8.33 8.98 9.29
2.71 7.60 1.93 9.39 9.60 2.83 2.24 7.00 3.26 2.77
1.79 9.98 8.48 3.36 8.42 1.87 2.93 8.36 3.83 7.30
4.69 3.09 3.28 1.19 2.26 5.39 5.11 6.14 2.75 8.37
9.86 3.64 8.57 3.81 3.07 9.78 2.64 9.19 4.79 9.99
5.69 8.03 5.17 7.70 5.47 4.03 3.68 4.23 1.83 7.77
8.92 8.56 4.35 4.19 3.49 8.39 6.06 3.15 8.44 1.50
9.23 9.76 1.10 1.67 1.13 3.69 2.63 8.56 5.99 5.25
2.30 1.97 8.08 4.04 5.64 5.96 3.59 5.46 8.70 4.55
2.08 7.75 4.12 8.48 7.27 2.52 1.68 2.03 8.81 5.43
5.25 7.95 2.88 4.65 3.13 1.30 7.78 9.41 4.46 5.92
1.96 7.87 5.89 5.45 8.56 6.33 1.39 7.54 5.90 6.08
2.48 6.68 4.97 4.46 3.05 7.14 6.81 2.48 7.19 6.45
4.98 3.98 1.04 5.01 2.00 8.90 1.90 8.74 1.56 4.45
4.47 2.69 2.50 2.55 5.75 6.17 2.39 8.74 6.88 7.70
2.88 9.64 5.80 5.90 9.44 2.95 2.16 7.30 9.31 7.27
6.15 1.32 6.46 8.88 8.40 9.94 2.81 5.69 3.42 2.85
1.55 2.27 1.68 4.45 9.21 2.30 1.62 8.77 7.67 2.41
2.69 3.68 8.31 4.87 3.21 2.98 6.67 2.61 8.72 7.74
5.84 1.43 8.36 3.02 8.41 2.79 6.12 4.19 2.45 7.18
3.46 5.98 9.92 8.34 5.32 7.94 1.98 9.00 5.64 3.86
8.97 5.68 3.37 4.25 7.83 3.66 6.88 6.87 1.37 5.49
7.37 5.11 4.61 6.23 3.84 9.95 3.64 9.73 6.42 1.30
3.02 6.37 3.18 2.56 7.12 4.67 7.44 8.43 5.07 9.18
7.13 1.68 4.77 3.52 3.33 5.64 2.02 4.83 9.60 9.57
3.64 6.22 1.01 2.63 4.99 2.00 3.31 8.27 6.05 8.65
8.62 8.82 6.43 3.20 4.82 6.67 3.08 2.70 7.15 3.03
4.57 3.81 3.31 6.06 1.74 2.88 1.05 2.07 2.27 5.40
5.19 5.82 9.51 3.92 1.20 2.35 1.38 3.23 6.15 1.49
1.10 6.57 5.46 8.32 8.98 6.78 5.27 8.15 8.25 8.57
7.99 2.41 5.09 4.97 8.08 6.41 5.35 2.14 3.38 9.68
2.88 9.81 6.64 7.78 2.21 8.87 8.48 9.45 8.54 8.66
9.78 4.32 9.81 9.34 9.45 8.87 3.22 9.89 7.28 8.17
8.81 6.51 5.39 8.36 9.21 5.97 7.87 2.29 7.56 7.95
6.16 2.51 7.41 8.24 6.86 2.74 6.80 1.08 3.69 7.99
7.65 2.88 7.71 6.20 7.47 2.36 5.93 1.92 9.06 3.09
4.11 1.82 4.99 6.73 9.39 6.62 5.71 9.36 1.25 5.34
5.00 7.23 3.94 8.88 2.00 5.83 3.28 9.28 9.90 4.75
6.84 3.97 5.00 4.55 1.35 9.51 9.16 6.38 1.03 1.50
4.62 6.02 7.67 7.53 5.53 6.91 5.65 9.04 2.83 5.74
4.06 6.12 3.67 3.49 8.61 3.90 4.73 9.11 6.96 3.44
9.94 2.35 2.32 8.78 5.45 1.03 2.51 7.08 7.46 8.02
1.15 2.04 4.87 5.67 3.02 6.71 6.48 3.25 1.34 1.83
6.09 9.42 9.06 4.49 7.55 1.43 2.25 7.77 2.06 8.51
2.86 4.07 1.87 9.04 8.78 4.31 9.98 8.05 8.92 1.43
5.66 9.65 9.26 9.70 1.10 4.60 9.27 2.79 2.80 1.42
9.25 9.95 1.19 7.44 3.13 6.11 6.08 5.99 7.08 8.49
3.67 4.69 7.23 7.52 8.08 7.06 9.40 9.24 5.36 2.01
9.50 1.11 4.05 8.78 3.81 1.96 2.93 4.75 1.11 9.98
9.82 4.55 1.29 5.53 6.94 5.03 2.01 1.68 5.22 2.74
5.99 4.26 1.42 7.02 4.78 5.02 5.45 8.98 3.31 7.21
1.39 2.36 5.32 4.55 3.25 6.36 4.97 2.64 6.74 8.38
2.17 8.82 3.22 1.83 7.26 7.07 5.16 1.91 3.09 5.81
7.02 2.90 5.14 1.53 1.79 1.70 5.11 4.73 4.04 3.24
8.26 3.98 4.06 1.12 9.06 1.97 5.55 7.77 2.36 1.15
8.76 4.59 1.54 3.86 5.51 3.31 2.17 9.04 6.83 4.87
7.03 7.55 1.52 3.74 4.00 3.37 1.49 5.72 5.69 8.44
1.05 2.96 7.35 6.80 4.88 2.60 7.83 1.42 9.86 1.32
2.77 1.24 4.04 4.19 5.30 4.74 9.24 9.44 9.87 2.63
6.16 6.41 3.38 7.33 5.64 3.98 9.09 3.25 4.73 1.68
2.47 3.45 7.01 1.06 9.99 3.18 2.14 2.24 6.12 1.12
7.52 3.06 8.89 8.12 9.99 9.80 3.92 8.95 3.03 5.79
4.32 9.27 9.99 4.63 6.83 6.21 9.67 5.11 5.54 9.17
9.71 1.78 8.22 5.99 7.99 8.21 8.61 7.55 8.88 3.62
4.94 9.69 9.84 9.15 5.36 7.36 2.66 9.40 5.71 3.23
7.81 5.65 5.01 3.74 1.66 6.08 3.51 3.64 8.69 6.39
8.95 7.08 3.25 4.59 1.37 1.43 4.74 7.35 2.43 5.99
9.76 5.64 5.49 9.65 3.78 1.24 1.51 7.89 7.27 3.13
4.29 5.47 8.97 6.82 8.42 9.04 6.81 1.64 4.02 5.17

Demandas:
0 0 0 0 1 0
0 0 0 0 0 1
0 0 0 1 0 0
0 1 0 0 0 0
0 0 1 0 0 0
0 0 1 0 0 0
0 0 0 1 0 0
0 0 1 0 0 0
0 1 0 0 0 0
1 0 0 0 0 0
0 0 1 0 0 0
1 0 0 0 0 0
0 1 0 0 0 0
0 0 1 0 0 0
0 0 0 0 0 1
0 0 0 0 1 0
1 0 0 0 0 0
1 0 0 0 0 0
0 0 0 0 0 1
0 0 0 0 0 1
0 0 1 0 0 0
0 1 0 0 0 0
0 0 1 0 0 0
0 0 0 0 0 1
1 0 0 0 0 0
1 0 0 0 0 0
1 0 0 0 0 0
1 0 0 0 0 0
0 0 1 0 0 0
1 0 0 0 0 0
1 0 0 0 0 0
0 0 1 0 0 0
0 0 0 0 1 0
0 0 0 0 0 1
0 0 0 1 0 0
0 0 1 0 0 0
1 0 0 0 0 0
0 0 0 1 0 0
0 1 0 0 0 0
0 0 0 0 1 0
1 0 0 0 0 0
1 0 0 0 0 0
0 0 0 0 1 0
0 0 0 1 0 0
0 0 0 1 0 0
1 0 0 0 0 0
0 0 0 1 0 0
0 0 0 0 0 1
1 0 0 0 0 0
0 0 0 0 0 1
1 0 0 0 0 0
0 0 0 1 0 0
1 0 0 0 0 0
0 0 1 0 0 0
0 1 0 0 0 0
0 0 1 0 0 0
0 0 0 1 0 0
0 0 0 0 0 1
0 0 0 0 0 1
0 0 0 1 0 0
0 1 0 0 0 0
0 0 1 0 0 0
0 0 0 0 0 1
0 0 0 0 0 1
1 0 0 0 0 0
0 0 0 1 0 0
0 0 0 1 0 0
0 0 0 0 1 0
0 0 1 0 0 0
0 1 0 0 0 0
1 0 0 0 0 0
0 1 0 0 0 0
0 1 0 0 0 0
0 1 0 0 0 0
0 0 0 0 1 0
0 0 1 0 0 0
0 0 0 0 1 0
0 0 0 1 0 0
1 0 0 0 0 0
0 0 0 1 0 0
0 0 1 0 0 0
1 0 0 0 0 0
1 0 0 0 0 0
1 0 0 0 0 0
0 1 0 0 0 0
0 0 1 0 0 0
1 0 0 0 0 0
0 0 0 1 0 0
0 1 0 0 0 0
0 0 0 0 1 0
0 0 0 1 0 0
0 0 0 1 0 0
1 0 0 0 0 0
0 0 0 0 0 1
0 0 0 1 0 0
0 0 0 0 0 1
0 0 0 0 0 1
0 0 1 0 0 0
0 0 0 0 1 0
0 1 0 0 0 0
0 0 0 0 1 0
1 0 0 0 0 0
0 0 1 0 0 0
0 0 0 0 0 1
0 0 0 1 0 0
0 1 0 0 0 0
0 0 1 0 0 0
0 1 0 0 0 0
0 0 0 1 0 0
1 0 0 0 0 0
0 0 0 0 1 0
0 0 1 0 0 0
1 0 0 0 0 0
0 0 1 0 0 0
0 0 0 0 1 0
0 0 0 0 1 0
1 0 0 0 0 0
0 0 0 1 0 0
0 0 0 0 0 1
0 0 0 1 0 0
0 0 0 0 1 0
1 0 0 0 0 0
1 0 0 0 0 0
0 0 1 0 0 0
0 0 1 0 0 0
0 0 0 1 0 0
0 0 0 1 0 0
0 0 0 1 0 0
1 0 0 0 0 0
0 1 0 0 0 0
0 1 0 0 0 0
0 0 0 1 0 0
1 0 0 0 0 0
1 0 0 0 0 0
0 0 0 0 1 0
0 0 0 0 0 1
0 1 0 0 0 0
0 1 0 0 0 0
0 0 0 1 0 0
0 0 0 0 0 1
0 1 0 0 0 0
0 0 0 0 1 0
1 0 0 0 0 0
0 0 0 1 0 0
0 0 1 0 0 0
1 0 0 0 0 0
0 0 0 0 1 0
0 0 1 0 0 0
0 0 0 1 0 0
0 0 1 0 0 0
1 0 0 0 0 0
0 1 0 0 0 0
0 0 0 1 0 0
0 1 0 0 0 0
0 0 1 0 0 0
0 0 1 0 0 0
0 1 0 0 0 0
0 0 0 1 0 0
0 0 1 0 0 0
0 0 1 0 0 0
0 0 0 0 0 1
1 0 0 0 0 0
0 0 1 0 0 0
0 1 0 0 0 0
0 0 0 0 1 0
0 0 0 0 1 0
1 0 0 0 0 0
0 0 0 0 0 1
1 0 0 0 0 0
1 0 0 0 0 0
1 0 0 0 0 0
0 0 1 0 0 0
1 0 0 0 0 0
0 0 0 1 0 0
1 0 0 0 0 0
0 1 0 0 0 0
1 0 0 0 0 0
1 0 0 0 0 0
0 0 0 1 0 0
0 0 0 0 1 0
1 0 0 0 0 0
0 1 0 0 0 0
0 1 0 0 0 0
0 0 1 0 0 0
1 0 0 0 0 0
1 0 0 0 0 0
0 0 0 0 1 0
1 0 0 0 0 0
0 0 0 1 0 0
0 0 0 0 1 0
0 0 0 1 0 0
1 0 0 0 0 0
1 0 0 0 0 0
0 1 0 0 0 0
0 0 0 0 0 1
0 1 0 0 0 0
0 0 0 1 0 0
0 0 1 0 0 0
0 0 0 1 0 0
0 0 1 0 0 0
0 0 0 0 1 0
0 0 0 0 1 0
0 1 0 0 0 0
0 0 0 1 0 0
0 0 0 1 0 0
0 0 1 0 0 0
0 0 0 0 1 0
0 0 1 0 0 0
0 0 1 0 0 0
0 0 0 0 1 0
0 0 1 0 0 0
0 1 0 0 0 0
0 0 0 0 1 0
1 0 0 0 0 0
0 0 1 0 0 0
0 0 0 0 0 1
0 0 0 1 0 0
0 0 0 1 0 0
0 0 0 1 0 0
0 0 0 0 0 1
0 1 0 0 0 0
0 0 0 0 0 1
0 0 0 1 0 0
1 0 0 0 0 0
0 0 1 0 0 0
0 1 0 0 0 0
1 0 0 0 0 0
0 0 0 1 0 0
0 0 0 0 1 0
0 1 0 0 0 0
0 0 0 0 1 0
0 0 0 1 0 0
0 0 0 0 1 0
1 0 0 0 0 0
0 0 0 0 0 1
0 1 0 0 0 0
0 0 0 0 0 1
0 0 0 0 1 0
1 0 0 0 0 0
0 1 0 0 0 0
1 0 0 0 0 0
0 1 0 0 0 0
0 0 0 1 0 0
1 0 0 0 0 0
1 0 0 0 0 0
0 1 0 0 0 0
0 0 1 0 0 0
0 0 1 0 0 0
0 0 0 0 1 0
0 0 0 0 0 1
1 0 0 0 0 0
0 0 0 0 0 1
0 0 0 0 0 1
0 0 0 0 0 1
0 1 0 0 0 0
0 0 0 0 1 0
0 0 0 1 0 0
0 1 0 0 0 0
1 0 0 0 0 0
0 0 1 0 0 0
0 0 0 0 0 1
0 0 0 0 0 1
0 1 0 0 0 0
0 0 0 1 0 0
0 0 0 1 0 0
0 0 0 0 1 0
1 0 0 0 0 0
0 1 0 0 0 0
0 0 0 0 0 1
0 0 0 1 0 0
0 1 0 0 0 0
0 0 0 1 0 0
0 0 0 1 0 0
0 0 0 1 0 0
0 1 0 0 0 0
0 0 0 0 0 1
0 0 0 0 1 0
0 0 1 0 0 0
0 0 1 0 0 0
0 0 0 0 0 1
0 0 0 0 1 0
0 0 0 0 0 1
0 0 0 0 0 1
0 0 0 1 0 0
0 0 1 0 0 0
0 0 0 0 0 1
0 0 0 1 0 0
0 0 0 1 0 0
0 0 0 0 0 1
0 1 0 0 0 0
0 0 1 0 0 0
0 0 0 1 0 0
0 0 0 0 0 1
1 0 0 0 0 0
0 0 1 0 0 0
1 0 0 0 0 0
0 0 1 0 0 0
0 0 0 1 0 0
0 0 0 0 1 0
0 0 0 0 0 1
1 0 0 0 0 0
0 1 0 0 0 0
0 1 0 0 0 0
0 0 0 0 1 0
0 0 1 0 0 0
0 1 0 0 0 0
0 0 0 0 1 0
0 0 0 1 0 0
0 0 0 0 1 0
1 0 0 0 0 0
0 1 0 0 0 0
1 0 0 0 0 0
0 1 0 0 0 0
1 0 0 0 0 0
0 1 0 0 0 0
0 0 0 0 0 1
1 0 0 0 0 0
0 0 1 0 0 0
0 0 1 0 0 0
0 0 1 0 0 0
0 0 1 0 0 0
0 0 1 0 0 0
0 0 1 0 0 0
0 0 0 1 0 0
0 0 0 1 0 0
0 0 0 1 0 0
0 0 0 0 1 0
1 0 0 0 0 0
1 0 0 0 0 0
1 0 0 0 0 0
0 0 0 0 0 1
0 0 0 0 1 0
0 0 0 0 0 1
1 0 0 0 0 0
0 0 0 0 1 0
0 0 1 0 0 0
0 0 0 1 0 0
0 0 0 0 1 0
0 0 0 1 0 0
0 0 1 0 0 0
0 0 0 0 0 1
1 0 0 0 0 0
0 1 0 0 0 0
0 0 0 0 1 0
0 0 1 0 0 0
0 0 0 1 0 0
0 0 0 0 1 0
0 0 0 0 0 1
0 0 0 1 0 0
0 0 0 0 0 1
0 1 0 0 0 0
0 0 0 0 1 0
1 0 0 0 0 0
0 0 1 0 0 0
0 0 0 0 0 1
0 0 0 0 0 1
0 0 0 0 1 0
1 0 0 0 0 0
0 0 0 0 0 1
0 1 0 0 0 0
1 0 0 0 0 0
1 0 0 0 0 0
0 0 0 0 1 0
0 0 0 0 0 1
1 0 0 0 0 0
0 0 0 1 0 0
0 0 0 0 1 0
1 0 0 0 0 0
0 0 0 0 0 1
0 1 0 0 0 0
0 0 0 0 0 1
0 0 0 0 1 0
0 0 1 0 0 0
0 0 0 0 0 1
0 0 0 1 0 0
0 0 0 1 0 0
0 0 0 0 0 1
1 0 0 0 0 0
0 1 0 0 0 0
0 0 0 1 0 0
0 0 1 0 0 0
0 0 1 0 0 0
0 1 0 0 0 0
0 0 0 1 0 0
0 0 0 0 0 1
1 0 0 0 0 0
0 0 1 0 0 0
0 1 0 0 0 0
0 0 0 0 0 1
0 0 0 0 1 0
0 0 0 1 0 0
0 0 0 0 1 0
0 1 0 0 0 0
0 0 0 1 0 0
0 0 0 0 1 0
0 0 0 0 1 0
0 0 1 0 0 0
0 0 0 0 1 0
0 0 0 0 1 0
0 0 0 0 1 0
1 0 0 0 0 0
0 0 1 0 0 0
1 0 0 0 0 0
0 0 0 1 0 0
0 1 0 0 0 0
0 0 0 1 0 0
0 0 0 0 0 1
0 0 0 1 0 0
0 0 1 0 0 0
0 1 0 0 0 0
0 0 0 0 1 0
0 0 0 1 0 0
0 1 0 0 0 0
0 0 0 0 1 0
0 0 0 1 0 0
0 0 1 0 0 0
0 0 0 0 1 0
1 0 0 0 0 0
0 1 0 0 0 0
0 1 0 0 0 0
0 0 0 0 0 1
0 0 0 0 0 1
0 1 0 0 0 0
0 0 0 0 0 1
0 1 0 0 0 0
0 1 0 0 0 0
1 0 0 0 0 0
0 1 0 0 0 0
0 0 0 0 1 0
0 0 1 0 0 0
0 0 1 0 0 0
0 0 0 0 0 1
0 0 0 0 0 1
0 0 0 1 0 0
0 0 0 0 1 0
0 0 1 0 0 0
0 0 0 1 0 0
0 1 0 0 0 0
0 0 0 0 1 0
0 0 0 0 1 0
1 0 0 0 0 0
0 1 0 0 0 0
0 0 1 0 0 0
0 0 0 1 0 0
0 0 0 1 0 0
0 1 0 0 0 0
0 0 0 0 0 1
0 1 0 0 0 0
1 0 0 0 0 0
0 1 0 0 0 0
0 0 0 1 0 0
1 0 0 0 0 0
0 1 0 0 0 0
0 1 0 0 0 0
0 0 0 0 1 0
1 0 0 0 0 0
0 0 0 1 0 0
0 1 0 0 0 0
0 0 0 0 1 0
1 0 0 0 0 0
0 1 0 0 0 0
0 0 0 0 1 0
0 0 1 0 0 0
1 0 0 0 0 0
0 1 0 0 0 0
1 0 0 0 0 0
1 0 0 0 0 0
0 0 0 1 0 0
0 0 0 0 0 1
1 0 0 0 0 0
0 1 0 0 0 0
0 0 0 1 0 0
0 1 0 0 0 0
0 0 1 0 0 0
0 0 0 1 0 0
0 1 0 0 0 0
0 0 0 1 0 0
0 0 0 0 0 1
1 0 0 0 0 0
0 0 0 0 0 1
0 0 1 0 0 0
1 0 0 0 0 0
1 0 0 0 0 0
0 0 0 0 0 1
0 1 0 0 0 0
0 0 0 0 0 1
0 0 1 0 0 0
0 0 0 0 0 1
0 0 0 1 0 0
0 1 0 0 0 0
1 0 0 0 0 0
0 0 0 0 0 1
0 0 0 0 1 0
0 0 0 1 0 0
1 0 0 0 0 0
0 0 0 0 0 1
0 1 0 0 0 0
1 0 0 0 0 0
0 0 0 0 1 0
0 0 0 0 0 1
1 0 0 0 0 0
0 0 0 0 0 1
0 0 0 0 1 0
0 0 0 0 1 0
0 0 0 0 0 1
0 0 0 0 1 0
0 0 0 0 1 0
1 0 0 0 0 0
0 0 0 0 1 0
1 0 0 0 0 0
0 1 0 0 0 0
0 0 0 0 0 1
0 0 0 0 1 0
0 0 1 0 0 0
0 0 0 0 1 0
0 0 0 0 1 0
0 1 0 0 0 0
0 1 0 0 0 0
0 0 0 1 0 0
0 0 0 0 1 0
1 0 0 0 0 0
0 0 0 0 1 0
0 0 0 1 0 0
0 0 0 0 0 1
0 0 0 1 0 0
0 0 1 0 0 0
1 0 0 0 0 0
0 0 1 0 0 0
0 0 0 1 0 0
0 1 0 0 0 0
0 1 0 0 0 0
0 0 1 0 0 0
1 0 0 0 0 0
0 1 0 0 0 0
0 0 0 0 1 0
0 1 0 0 0 0
1 0 0 0 0 0
0 0 1 0 0 0
1 0 0 0 0 0
0 0 1 0 0 0
1 0 0 0 0 0
1 0 0 0 0 0
0 1 0 0 0 0
0 0 1 0 0 0
1 0 0 0 0 0
0 0 0 0 1 0
1 0 0 0 0 0
0 0 1 0 0 0
0 0 0 1 0 0
0 0 0 1 0 0
0 0 0 0 1 0
1 0 0 0 0 0
0 0 0 0 0 1
0 1 0 0 0 0
0 1 0 0 0 0
0 0 0 1 0 0
0 0 0 0 1 0
0 0 1 0 0 0
0 0 0 0 0 1
0 0 0 1 0 0
0 0 0 0 0 1
1 0 0 0 0 0
0 0 0 0 1 0
1 0 0 0 0 0
1 0 0 0 0 0
0 0 1 0 0 0
0 0 0 0 0 1
1 0 0 0 0 0
0 0 0 0 0 1
0 1 0 0 0 0
0 0 0 1 0 0
0 0 0 0 0 1
0 0 0 1 0 0
0 0 0 0 1 0
1 0 0 0 0 0
0 0 0 0 1 0
1 0 0 0 0 0
0 0 1 0 0 0
0 1 0 0 0 0
1 0 0 0 0 0
0 0 0 1 0 0
0 0 1 0 0 0
0 0 0 0 0 1
1 0 0 0 0 0
0 0 0 0 1 0
0 0 1 0 0 0
1 0 0 0 0 0
1 0 0 0 0 0
0 0 0 0 0 1
0 0 0 0 1 0
0 0 0 0 0 1
1 0 0 0 0 0
0 0 1 0 0 0
0 0 0 1 0 0
0 1 0 0 0 0
0 0 0 0 0 1
0 0 0 1 0 0
1 0 0 0 0 0
1 0 0 0 0 0
0 0 0 0 0 1
0 0 1 0 0 0
0 0 0 0 0 1
0 0 0 0 1 0
0 0 0 1 0 0
1 0 0 0 0 0
0 0 0 1 0 0
0 0 0 0 1 0
1 0 0 0 0 0
0 1 0 0 0 0
0 0 0 0 0 1
0 0 0 1 0 0
0 0 0 0 0 1
0 1 0 0 0 0
1 0 0 0 0 0
0 0 0 0 1 0
0 1 0 0 0 0
0 0 1 0 0 0
0 0 0 0 0 1
0 1 0 0 0 0
1 0 0 0 0 0
0 0 0 0 1 0
0 0 0 1 0 0
0 0 0 1 0 0
0 0 0 0 0 1
0 0 0 1 0 0
0 0 0 0 1 0
0 0 0 1 0 0
0 0 0 0 0 1
1 0 0 0 0 0
0 0 0 0 1 0
0 1 0 0 0 0
0 1 0 0 0 0
0 0 1 0 0 0
0 0 0 1 0 0
0 1 0 0 0 0
0 0 0 0 0 1
0 0 0 1 0 0
0 0 0 0 0 1
0 0 0 0 0 1
0 1 0 0 0 0
0 1 0 0 0 0
1 0 0 0 0 0
0 0 0 1 0 0
1 0 0 0 0 0
1 0 0 0 0 0
0 0 0 0 1 0
0 0 1 0 0 0
0 0 0 1 0 0
0 0 0 0 1 0
0 0 1 0 0 0
1 0 0 0 0 0
0 0 0 1 0 0
0 0 0 0 1 0
0 0 0 1 0 0
0 0 1 0 0 0
0 0 1 0 0 0
1 0 0 0 0 0
0 0 0 0 0 1
0 1 0 0 0 0
0 0 0 0 0 1
0 0 1 0 0 0
0 0 0 0 0 1
0 0 1 0 0 0
0 1 0 0 0 0
0 0 0 1 0 0
0 0 0 0 1 0
0 0 0 0 0 1
0 0 1 0 0 0
0 0 1 0 0 0
1 0 0 0 0 0
0 0 0 0 1 0
0 0 0 1 0 0
0 0 0 1 0 0
0 0 1 0 0 0
0 0 0 0 0 1
0 1 0 0 0 0
0 0 1 0 0 0
0 0 0 1 0 0
0 0 0 0 1 0
0 0 0 1 0 0
1 0 0 0 0 0
0 0 0 1 0 0
1 0 0 0 0 0
0 0 0 0 1 0
0 1 0 0 0 0
1 0 0 0 0 0
0 1 0 0 0 0
1 0 0 0 0 0
0 1 0 0 0 0
0 0 0 1 0 0
1 0 0 0 0 0
0 0 0 1 0 0
0 1 0 0 0 0
0 0 1 0 0 0
0 0 0 0 1 0
0 0 0 0 0 1
0 0 0 0 1 0
0 0 0 0 0 1
1 0 0 0 0 0
1 0 0 0 0 0
0 0 1 0 0 0
0 0 0 0 0 1
0 1 0 0 0 0
0 1 0 0 0 0
0 0 0 0 0 1
0 0 0 1 0 0
0 0 0 0 1 0
0 0 0 1 0 0
0 0 1 0 0 0
0 1 0 0 0 0
0 1 0 0 0 0
0 1 0 0 0 0
0 0 0 0 1 0
0 0 1 0 0 0
0 0 0 0 1 0
0 0 1 0 0 0
0 0 0 0 1 0
0 0 0 0 0 1
0 0 0 0 0 1
0 0 1 0 0 0
0 0 0 0 1 0
0 0 0 1 0 0
0 1 0 0 0 0
1 0 0 0 0 0
0 0 0 0 1 0
0 0 0 1 0 0
0 0 0 0 0 1
0 0 1 0 0 0
0 0 1 0 0 0
1 0 0 0 0 0
0 0 1 0 0 0
0 0 0 0 1 0
0 0 0 0 1 0
0 0 0 0 1 0
0 1 0 0 0 0
1 0 0 0 0 0
1 0 0 0 0 0
0 0 0 0 1 0
0 0 0 0 1 0
0 0 0 0 0 1
0 1 0 0 0 0
1 0 0 0 0 0
0 0 0 1 0 0
0 0 0 0 1 0
0 0 0 0 1 0
0 0 0 0 0 1
0 0 0 1 0 0
0 1 0 0 0 0
0 0 0 1 0 0
0 0 1 0 0 0
0 1 0 0 0 0
0 0 0 1 0 0
0 0 1 0 0 0
0 1 0 0 0 0
0 0 0 0 0 1
0 0 0 0 0 1
0 0 0 0 1 0
0 0 1 0 0 0
0 0 0 1 0 0
0 0 1 0 0 0
0 0 1 0 0 0
0 1 0 0 0 0
0 0 1 0 0 0
0 0 0 0 0 1
0 0 0 1 0 0
0 0 1 0 0 0
0 0 0 0 0 1
0 0 1 0 0 0
1 0 0 0 0 0
1 0 0 0 0 0
0 0 1 0 0 0
0 0 1 0 0 0
0 0 0 1 0 0
0 0 0 0 0 1
0 0 0 0 0 1
0 1 0 0 0 0
0 0 0 0 0 1
0 1 0 0 0 0
0 0 0 1 0 0
0 0 0 0 0 1
1 0 0 0 0 0
1 0 0 0 0 0
0 0 1 0 0 0
1 0 0 0 0 0
0 0 0 1 0 0
0 0 0 1 0 0
1 0 0 0 0 0
0 0 0 0 1 0
0 0 1 0 0 0
0 1 0 0 0 0
0 0 0 0 0 1
0 1 0 0 0 0
0 1 0 0 0 0
0 0 0 1 0 0
0 0 0 1 0 0
0 0 0 1 0 0
0 0 1 0 0 0
0 0 0 0 1 0
1 0 0 0 0 0
1 0 0 0 0 0
0 0 0 1 0 0
0 1 0 0 0 0
0 0 1 0 0 0
0 1 0 0 0 0
0 0 1 0 0 0
0 0 0 0 0 1
0 1 0 0 0 0
0 0 0 0 0 1
0 0 0 0 1 0
0 0 0 0 1 0
0 1 0 0 0 0
0 0 0 1 0 0
1 0 0 0 0 0
0 0 1 0 0 0
1 0 0 0 0 0
0 0 1 0 0 0
1 0 0 0 0 0
0 0 0 0 1 0
1 0 0 0 0 0
0 0 0 0 0 1
0 0 1 0 0 0
0 0 1 0 0 0
1 0 0 0 0 0
0 0 0 0 1 0
0 0 1 0 0 0
0 0 1 0 0 0
0 1 0 0 0 0
1 0 0 0 0 0
0 0 0 1 0 0
0 0 1 0 0 0
0 0 0 0 1 0
0 0 0 1 0 0
0 0 0 1 0 0
0 0 0 0 1 0
0 1 0 0 0 0
0 0 0 1 0 0
0 0 1 0 0 0
0 0 0 0 1 0
0 0 1 0 0 0
1 0 0 0 0 0
0 1 0 0 0 0
1 0 0 0 0 0
0 0 0 0 1 0
0 0 0 1 0 0
0 0 0 0 1 0
0 0 1 0 0 0
0 0 0 0 1 0
0 0 0 0 0 1
0 0 0 1 0 0
0 0 0 0 1 0
0 0 1 0 0 0
0 1 0 0 0 0
0 0 0 0 1 0
0 0 0 0 0 1
0 0 1 0 0 0
0 0 0 0 1 0
1 0 0 0 0 0
0 0 1 0 0 0
0 0 0 1 0 0
0 0 1 0 0 0
0 0 0 0 1 0
0 0 0 0 0 1
0 0 0 0 1 0
0 0 0 0 1 0
0 0 0 0 1 0
0 0 0 1 0 0
0 0 1 0 0 0
0 0 0 0 0 1
0 0 1 0 0 0
0 0 1 0 0 0
1 0 0 0 0 0
0 0 0 0 0 1
0 0 0 1 0 0
0 1 0 0 0 0
1 0 0 0 0 0
0 0 0 0 0 1
0 0 1 0 0 0
0 0 0 0 0 1
0 0 0 1 0 0
0 0 0 1 0 0
0 0 1 0 0 0
0 0 0 0 1 0
0 1 0 0 0 0
1 0 0 0 0 0
0 1 0 0 0 0
0 0 0 0 1 0
0 0 1 0 0 0
0 0 1 0 0 0
0 0 0 0 1 0
0 0 0 0 1 0
0 0 0 1 0 0
0 0 0 0 1 0
1 0 0 0 0 0
0 0 0 0 0 1
0 0 0 1 0 0
0 0 0 1 0 0
0 0 0 0 0 1
0 0 0 0 0 1
0 0 0 0 0 1
0 1 0 0 0 0
1 0 0 0 0 0
0 0 0 0 0 1
0 0 0 0 0 1
0 1 0 0 0 0
0 1 0 0 0 0
0 1 0 0 0 0
0 0 1 0 0 0
0 1 0 0 0 0
1 0 0 0 0 0
0 1 0 0 0 0
1 0 0 0 0 0
0 0 0 1 0 0
0 0 0 0 1 0
0 0 0 0 0 1
0 0 0 0 0 1
0 0 0 0 0 1
0 0 0 0 1 0
0 0 0 1 0 0
0 0 0 0 0 1
0 0 0 0 0 1
0 0 1 0 0 0
0 0 0 0 1 0
0 1 0 0 0 0
1 0 0 0 0 0
0 0 0 0 1 0
0 0 1 0 0 0
0 0 0 0 0 1
1 0 0 0 0 0
0 0 0 0 1 0
0 0 1 0 0 0
0 0 1 0 0 0
0 0 0 0 1 0
0 0 1 0 0 0
0 0 1 0 0 0
0 1 0 0 0 0
0 0 0 1 0 0
0 0 0 1 0 0
0 0 0 1 0 0
0 0 0 0 1 0
0 0 0 1 0 0
0 0 0 0 1 0
0 0 0 0 1 0
0 1 0 0 0 0
0 0 0 0 1 0
0 0 1 0 0 0
0 0 0 0 0 1
1 0 0 0 0 0
0 1 0 0 0 0
0 0 0 1 0 0
0 1 0 0 0 0
1 0 0 0 0 0
0 0 1 0 0 0
0 0 1 0 0 0
0 1 0 0 0 0
0 0 0 1 0 0
0 0 1 0 0 0
0 1 0 0 0 0
1 0 0 0 0 0
0 0 0 0 0 1
0 0 0 0 0 1
0 1 0 0 0 0
0 0 0 1 0 0
0 0 0 1 0 0
0 0 0 0 1 0
0 1 0 0 0 0
0 0 0 0 1 0
0 0 0 1 0 0
0 0 0 0 0 1
0 0 0 0 1 0
0 0 0 0 1 0
0 0 1 0 0 0
0 0 0 1 0 0
0 0 0 0 1 0
1 0 0 0 0 0
0 0 0 0 1 0
0 0 0 1 0 0
1 0 0 0 0 0
0 0 0 0 0 1
0 0 0 0 1 0
0 0 0 0 1 0
0 0 1 0 0 0
0 0 0 0 0 1
0 0 1 0 0 0
0 0 0 1 0 0
1 0 0 0 0 0
0 0 0 0 1 0
1 0 0 0 0 0
0 0 0 1 0 0
1 0 0 0 0 0
1 0 0 0 0 0
1 0 0 0 0 0
0 0 0 0 1 0
0 0 0 1 0 0
0 0 0 0 1 0
0 0 0 0 1 0
0 0 1 0 0 0
0 0 1 0 0 0
0 1 0 0 0 0
1 0 0 0 0 0
0 0 0 0 0 1

Capacidades:
52 20 53 41 0 33
39 37 44 22 48 33
56 47 34 56 46 57
59 33 0 24 24 51
42 0 48 37 21 36
33 25 58 35 0 38
21 0 0 21 38 58
57 39 42 24 22 33
46 55 49 48 45 32
45 0 52 38 30 24
