m: 500
n: 5
p: 6

Distancias:
6.56 1.78 2.93 5.37 9.78
6.75 9.74 7.08 2.36 9.03
2.19 8.85 3.24 5.13 3.17
5.17 8.47 6.31 1.75 2.43
1.83 7.02 6.16 1.34 8.09
1.07 5.11 2.90 6.47 2.87
1.95 9.29 6.27 3.71 2.88
2.77 7.86 9.55 5.85 2.16
7.39 3.86 9.52 6.20 5.87
8.33 5.42 2.77 5.77 5.47
9.99 3.38 8.28 7.24 3.38
5.92 9.86 9.10 2.45 2.47
1.01 5.31 9.91 6.96 4.11
8.78 7.58 6.10 1.35 1.65
8.34 3.97 9.23 5.21 1.01
7.81 8.53 3.89 8.56 6.36
4.48 3.07 7.49 4.86 1.52
2.37 2.50 5.49 9.83 6.83
8.56 1.25 8.17 1.58 7.18
8.54 1.95 6.22 5.54 1.44
9.55 8.60 7.87 1.31 4.73
9.03 8.65 8.57 3.86 5.78
1.47 9.83 5.73 3.55 4.39
9.30 9.42 4.84 3.00 1.91
4.03 4.95 5.08 6.11 5.98
6.97 8.94 8.92 8.51 7.66
7.61 5.59 9.55 1.13 3.19
9.26 1.89 7.41 1.33 7.61
7.47 2.51 2.08 4.76 5.84
2.95 3.40 6.80 8.91 7.90
4.78 1.40 4.14 4.47 9.63
9.31 1.88 4.66 4.78 7.37
7.36 8.34 6.13 3.66 5.18
4.59 9.10 2.46 5.99 3.49
7.21 3.55 6.42 6.12 7.12
1.39 1.34 7.49 4.52 2.95
1.64 6.82 6.83 5.59 7.33
2.71 2.11 5.06 5.09 6.68
7.36 6.56 9.40 4.57 4.13
9.48 1.68 7.18 6.85 4.38
4.86 9.93 7.50 1.76 1.58
4.36 9.81 9.03 9.93 8.17
6.82 8.25 8.35 8.47 6.42
3.74 9.86 8.38 4.15 2.25
3.72 5.22 7.17 6.03 2.70
7.74 9.74 2.56 6.45 9.94
3.09 1.82 3.92 8.96 1.60
2.08 3.96 4.26 5.47 7.49
3.55 9.66 5.68 7.71 1.42
2.62 5.67 9.14 5.12 9.58
5.99 1.96 5.96 6.94 4.50
3.41 1.08 9.22 8.57 2.74
6.78 1.74 6.07 5.26 5.91
9.19 8.09 9.09 2.70 7.32
7.25 7.46 5.11 8.46 9.97
6.04 7.70 4.61 8.68 2.99
4.67 1.29 2.34 3.83 2.88
8.03 7.80 8.89 8.11 7.34
8.53 7.21 8.17 1.84 1.11
7.41 2.92 3.02 4.68 7.40
8.46 6.62 9.64 2.77 8.04
1.03 3.34 8.63 3.73 1.59
4.96 8.78 6.06 4.42 9.83
6.80 4.42 4.07 8.44 4.54
2.82 2.61 3.59 4.60 8.81
5.78 2.80 7.55 4.01 6.35
1.96 4.92 1.82 6.99 2.68
4.75 5.11 8.05 3.51 6.72
3.14 8.84 5.43 3.70 1.11
3.05 3.29 1.84 6.73 6.35
3.59 7.15 3.33 3.52 3.81
9.26 9.64 6.94 4.81 7.84
6.65 1.05 1.50 9.09 3.54
9.52 9.61 4.18 6.68 4.32
2.02 2.54 3.53 3.94 2.04
3.06 5.68 10.00 5.04 7.46
1.78 9.34 7.76 2.38 1.10
7.58 7.32 7.43 6.47 1.02
5.10 9.85 7.98 2.32 7.01
7.20 1.06 3.73 2.75 5.50
9.58 5.77 1.35 6.04 9.15
1.75 1.38 2.43 5.56 9.99
2.64 7.70 7.73 2.66 8.31
6.68 3.95 2.23 8.18 8.09
5.25 6.68 7.37 9.31 7.61
8.39 4.55 1.20 2.09 9.22
1.12 6.73 8.87 2.95 9.03
5.73 3.16 1.34 9.62 1.65
2.26 3.05 8.06 2.50 3.75
5.95 6.61 5.83 4.45 2.01
3.45 5.14 2.33 1.41 5.14
9.41 6.93 4.05 6.16 9.90
3.90 9.01 2.37 7.38 1.38
4.68 1.29 7.93 6.34 1.77
3.31 8.12 4.43 5.78 3.45
5.08 1.65 7.29 6.74 1.12
2.69 1.10 9.26 9.19 2.13
2.23 5.13 6.74 3.42 6.28
2.17 5.39 9.41 7.49 6.33
2.74 3.98 8.11 5.92 5.21
5.64 2.19 1.45 2.78 4.59
4.99 4.76 6.21 5.45 3.71
4.57 4.21 7.47 5.22 5.03
8.81 5.48 5.00 4.53 2.97
7.81 5.05 1.60 6.32 4.10
3.00 7.80 9.34 7.64 3.39
7.62 3.34 4.80 2.57 6.72
9.07 2.00 5.35 6.66 7.23
4.54 6.98 9.35 4.02 5.83
4.75 8.85 8.65 5.40 5.96
5.52 7.93 6.82 6.64 5.70
8.58 6.90 5.19 8.35 8.23
8.57 4.19 5.08 4.57 1.25
2.74 7.37 2.36 9.58 9.71
8.28 3.41 6.36 6.85 6.92
6.48 4.54 5.42 8.97 2.58
6.33 2.84 1.88 6.40 9.40
8.93 7.69 5.37 5.29 6.12
6.64 5.34 7.21 6.94 7.53
9.24 7.53 5.79 9.58 2.83
2.96 3.82 5.98 8.58 2.96
4.27 7.81 3.04 2.88 2.89
5.00 4.54 4.69 2.46 5.16
8.88 8.68 7.37 7.50 9.66
7.76 2.67 6.69 2.21 5.06
2.46 6.40 5.89 5.19 4.40
2.36 1.72 1.65 7.03 1.40
9.64 3.43 4.55 8.90 4.23
5.96 4.46 1.04 7.72 8.83
9.46 3.53 9.86 3.22 9.82
4.15 2.90 4.22 1.28 1.53
1.62 1.11 4.92 3.36 7.39
3.38 4.96 5.72 5.57 8.83
7.23 7.44 6.88 4.02 9.15
3.68 4.60 3.66 5.82 5.67
6.48 9.56 7.55 6.78 9.44
8.65 5.57 4.86 7.09 4.65
9.50 7.16 8.56 9.75 6.54
8.34 3.71 8.93 6.03 6.12
8.29 5.17 1.01 1.26 4.07
3.06 6.86 8.28 1.86 5.31
5.85 5.98 8.47 6.41 1.55
4.93 4.54 9.66 8.48 8.51
8.37 3.97 8.10 7.76 5.55
2.32 3.66 8.36 6.91 8.18
1.62 6.21 1.90 3.30 1.97
7.16 8.99 9.67 7.25 6.47
1.85 6.12 8.60 4.94 1.83
7.52 5.77 9.60 2.67 6.06
7.54 2.44 5.77 3.61 7.03
1.15 9.01 3.69 2.83 4.76
9.62 9.80 2.80 8.24 6.49
5.96 1.21 2.98 4.04 7.50
8.04 8.27 6.23 9.39 5.63
4.50 7.75 1.70 2.89 7.85
8.69 1.56 6.69 5.19 8.28
3.27 9.94 9.47 6.37 5.87
8.66 4.51 8.63 9.54 9.91
5.72 5.40 2.75 3.27 2.48
4.71 5.90 3.30 9.24 7.58
9.68 5.15 3.34 4.80 7.17
6.88 8.40 5.78 8.67 7.35
6.40 7.68 5.45 5.64 3.91
2.73 2.65 7.25 3.18 1.96
3.76 7.10 5.11 3.67 4.19
2.15 2.42 6.36 7.22 6.55
8.06 1.94 3.47 6.21 3.60
9.75 8.26 3.53 4.61 9.77
6.29 1.31 5.57 7.91 1.04
9.06 6.91 9.96 9.97 6.90
4.88 7.25 6.57 9.11 4.87
2.87 8.01 2.07 8.87 9.95
6.76 1.74 7.36 9.17 2.12
4.36 8.95 6.86 4.80 8.87
6.12 5.29 2.14 5.69 8.33
9.15 3.86 5.75 4.43 8.04
7.97 5.59 9.12 7.51 5.85
6.58 9.43 9.49 1.17 7.34
9.15 3.18 5.33 9.28 9.77
5.43 3.94 8.91 1.48 7.04
2.86 6.30 5.57 1.21 1.68
2.12 3.80 1.91 6.52 4.33
2.24 3.84 3.57 3.05 1.48
9.84 8.59 6.56 3.90 2.39
4.13 5.40 2.89 9.07 2.01
2.54 2.49 2.82 1.38 9.42
3.15 4.79 5.64 9.31 5.86
4.57 7.23 9.01 2.21 7.45
1.54 8.50 5.34 9.04 9.40
3.77 7.68 1.29 8.56 7.46
2.17 9.40 3.64 1.69 1.17
3.84 8.35 1.98 8.42 2.41
6.89 4.29 3.78 9.80 8.29
4.15 3.03 7.80 8.86 4.14
4.51 2.49 6.11 9.78 4.12
6.94 3.62 3.43 1.61 8.21
2.78 4.07 2.78 7.54 4.56
2.12 9.75 1.06 4.55 2.77
7.07 6.60 4.10 9.63 7.69
9.62 3.82 7.99 4.63 8.54
4.52 9.05 1.10 6.70 3.14
4.50 2.27 6.06 4.89 2.51
4.31 3.96 2.22 7.58 4.59
4.13 9.38 2.02 3.72 7.83
8.35 6.57 5.66 5.53 4.34
9.31 4.44 7.64 2.28 8.50
9.73 6.90 3.13 7.64 2.87
1.14 8.67 9.43 1.29 4.70
3.00 6.91 4.58 4.98 2.00
6.19 5.58 8.12 9.23 4.18
3.88 4.79 6.10 6.83 8.65
5.01 7.73 2.81 8.89 5.63
3.67 7.02 7.97 7.81 2.52
5.41 1.73 3.68 6.28 6.32
8.06 2.06 3.37 5.08 9.78
5.81 4.32 2.62 1.21 8.55
7.82 2.53 6.80 9.41 9.11
7.37 8.94 8.52 9.35 9.53
6.73 2.62 5.20 1.18 9.00
8.58 3.64 6.54 4.64 6.60
1.01 6.31 4.97 8.73 2.81
3.06 3.86 8.61 4.78 6.13
8.23 7.24 7.83 9.22 2.18
7.05 1.55 6.09 6.82 7.91
8.05 9.75 5.14 1.87 2.63
2.91 2.47 4.00 4.65 1.22
6.29 7.77 8.56 4.07 6.20
7.68 6.92 3.88 5.45 1.44
7.25 7.57 5.08 7.50 8.30
9.88 7.57 6.52 2.35 9.97
8.40 5.68 7.26 9.61 1.19
6.07 3.71 2.20 7.60 7.39
8.87 6.79 3.43 9.96 7.42
3.33 9.18 9.69 6.18 9.00
7.30 8.35 5.62 5.53 7.54
6.24 1.57 2.83 2.00 7.05
1.25 6.27 9.48 1.48 3.41
6.94 8.77 2.95 4.45 7.92
6.83 4.04 1.08 1.67 7.59
4.40 6.20 9.34 6.21 6.24
6.32 3.07 2.94 1.65 7.25
2.52 3.30 1.26 3.38 2.35
1.18 3.99 7.13 9.79 1.24
9.52 7.20 6.48 9.27 2.12
9.35 4.33 6.34 9.32 4.36
2.92 1.54 2.92 9.43 5.95
3.64 7.25 4.91 5.89 7.23
8.08 6.10 3.54 9.16 3.32
3.91 8.03 9.86 7.26 4.21
5.24 6.37 6.81 4.79 9.31
9.34 6.08 3.30 4.38 2.95
2.52 1.99 3.27 1.14 8.10
1.21 5.18 9.36 8.75 4.23
3.80 8.19 8.73 6.22 7.00
7.94 5.66 5.27 4.47 3.18
7.85 1.33 1.40 4.52 4.28
2.50 8.56 4.09 9.66 7.78
7.82 2.00 9.48 6.42 6.36
7.10 2.76 8.98 2.74 8.71
5.51 5.33 5.02 8.69 2.30
8.42 5.96 3.62 7.42 6.90
2.05 3.67 7.54 6.15 6.79
7.77 5.53 7.73 1.48 5.89
3.78 8.10 1.51 1.84 3.56
5.66 7.88 4.61 8.67 8.36
3.23 9.87 9.12 4.09 8.90
6.51 2.63 2.68 5.34 6.90
7.79 4.62 6.65 7.55 1.22
6.73 4.04 2.41 6.52 5.88
5.22 6.88 8.42 5.58 9.54
6.17 8.90 3.43 2.59 9.05
1.30 4.79 8.57 1.51 5.38
5.94 9.58 1.97 1.27 7.29
4.86 7.56 8.74 4.66 2.70
1.16 3.77 6.27 7.06 4.20
6.27 9.59 5.74 8.44 3.09
9.96 8.57 2.50 2.32 1.91
6.23 4.14 4.90 3.71 4.28
4.59 6.33 7.20 5.68 3.19
7.16 2.55 4.07 2.18 7.70
6.95 6.80 1.96 2.88 2.33
2.96 4.93 9.74 5.01 5.41
3.15 1.21 4.68 2.35 3.31
7.16 7.99 3.96 1.76 1.14
1.77 9.16 9.16 6.97 4.28
1.84 8.34 2.82 7.75 6.52
2.66 5.15 3.22 6.41 3.89
3.45 2.10 8.89 9.91 5.95
9.45 4.95 5.73 7.50 3.67
7.33 8.68 2.87 7.08 5.11
2.32 9.52 8.49 2.75 2.67
5.74 5.16 2.21 5.38 4.47
3.49 2.66 2.44 3.62 8.51
4.72 5.33 7.46 1.88 3.89
1.12 6.55 1.67 9.39 7.34
2.69 1.97 1.07 7.03 9.81
2.46 3.08 5.52 9.15 3.96
6.45 3.89 6.12 2.88 6.11
9.18 6.30 9.78 9.75 8.09
3.84 2.73 9.15 7.35 5.47
7.11 8.06 8.69 4.12 2.85
2.93 1.97 4.74 5.32 6.56
7.55 1.58 5.28 9.08 9.26
9.71 1.92 2.22 7.42 8.91
4.85 7.33 2.99 2.72 5.78
9.35 7.35 9.14 5.68 6.98
2.97 4.04 4.69 6.39 5.33
1.90 9.34 1.78 7.42 3.31
4.71 3.56 9.59 3.42 9.25
1.69 7.62 9.80 4.45 4.21
2.91 3.35 5.64 3.93 6.80
4.58 3.75 4.13 4.34 7.78
3.39 4.13 7.68 2.71 9.49
5.46 4.38 9.51 3.44 3.86
8.53 3.02 2.63 9.18 7.47
2.90 2.55 2.34 7.69 7.46
3.11 6.81 1.68 8.54 2.07
8.62 1.38 9.78 3.75 9.38
4.58 5.23 6.76 9.99 5.22
9.80 7.13 2.83 3.56 7.33
5.42 4.05 9.01 2.96 8.06
9.65 6.26 3.13 4.42 7.71
2.54 5.53 8.34 3.01 4.83
6.50 9.43 5.07 9.63 2.35
8.39 5.11 8.01 3.95 7.46
4.70 7.17 2.12 2.36 2.65
4.10 9.74 1.05 1.35 5.62
6.18 6.57 1.81 4.59 8.97
7.09 5.63 9.66 9.43 5.35
7.00 2.00 8.24 4.43 9.88
5.47 2.18 8.64 6.59 9.65
7.11 4.52 2.67 8.25 3.91
9.93 6.13 4.74 9.81 7.50
9.42 9.65 4.31 7.47 1.75
1.11 9.35 1.31 1.04 7.40
3.82 5.03 8.53 9.99 9.67
9.90 1.18 9.84 3.27 2.42
3.38 9.48 6.67 4.79 7.38
4.32 4.01 1.94 7.42 6.08
1.18 7.87 7.44 3.96 8.60
9.04 3.69 2.17 6.62 6.15
1.95 5.62 6.41 7.25 8.65
2.00 4.30 6.41 7.15 9.27
6.15 6.05 8.89 7.84 6.36
7.48 5.60 1.77 2.93 9.64
7.43 6.46 8.77 9.80 3.43
9.67 9.56 4.23 8.16 3.00
8.21 6.83 6.12 7.86 7.92
7.32 7.76 1.27 8.75 1.51
9.41 9.93 8.24 3.52 8.05
9.66 2.30 8.19 4.24 8.04
3.54 5.59 8.93 8.22 7.54
5.78 6.75 2.63 8.15 8.11
9.15 6.87 5.38 2.04 3.69
9.55 6.43 6.67 5.25 4.67
4.28 9.44 8.52 8.73 6.66
2.88 8.77 7.85 9.01 6.10
5.23 2.50 2.29 4.32 7.19
1.71 2.50 8.33 3.34 1.47
8.40 4.97 2.26 9.84 4.82
5.04 5.43 9.90 5.59 1.64
5.94 4.59 3.95 7.65 6.87
3.19 6.84 3.99 5.15 6.30
9.87 2.99 3.45 3.28 9.26
3.68 5.54 6.84 1.66 3.27
6.41 5.05 2.64 1.18 3.63
3.10 5.04 1.72 8.63 8.22
3.42 4.01 7.80 3.18 3.64
7.29 2.20 9.86 5.53 3.39
2.43 5.18 2.60 4.30 5.75
4.53 3.42 9.85 3.02 8.55
4.28 8.35 4.34 7.18 1.41
4.75 1.74 6.57 6.15 1.31
8.44 8.46 3.99 9.62 7.10
6.28 1.23 2.89 6.84 7.45
1.63 3.12 9.20 9.88 7.00
1.34 6.97 6.18 7.78 5.36
2.56 1.08 2.64 8.33 4.38
3.39 3.62 6.04 9.48 2.52
8.16 4.74 8.68 2.45 5.05
4.29 3.55 5.35 4.03 8.36
4.43 1.22 9.95 8.56 4.39
6.19 6.65 1.43 5.83 2.49
5.53 8.27 1.68 1.44 6.60
2.76 1.65 2.20 4.05 5.73
5.35 1.70 6.78 2.50 7.19
8.68 1.39 1.23 7.47 3.04
2.13 3.21 6.61 3.73 1.48
4.31 3.12 5.68 8.03 1.35
3.92 5.15 8.69 7.13 1.20
4.45 1.04 1.85 4.39 8.57
2.45 2.88 7.22 3.45 6.55
6.64 3.80 8.34 7.17 6.05
1.68 2.35 2.70 7.31 6.46
1.66 7.35 2.57 3.23 8.91
4.06 5.77 1.09 8.69 8.00
5.85 2.70 8.17 1.23 5.20
9.39 4.60 4.24 7.11 8.87
4.51 3.74 5.05 1.75 4.20
4.41 7.67 4.69 2.80 1.44
5.53 9.48 9.27 3.58 1.96
4.18 5.39 5.00 9.99 3.79
7.25 1.48 7.39 1.96 1.86
8.46 5.30 9.91 7.61 5.32
2.57 8.36 9.20 8.46 1.11
7.18 5.83 3.05 7.96 2.75
8.87 3.37 6.17 6.40 6.20
7.14 7.67 7.35 2.49 9.57
1.75 6.19 5.28 6.54 9.19
4.14 4.15 3.91 8.16 7.53
5.12 8.17 6.73 5.95 4.97
4.95 5.95 2.79 6.79 8.04
5.18 8.56 6.41 4.30 5.86
6.44 9.83 7.36 6.84 9.68
3.36 7.18 9.35 7.20 5.30
4.97 4.83 10.00 7.35 5.01
3.38 3.07 6.65 4.88 3.19
1.24 2.91 8.19 1.30 2.08
4.17 6.61 9.35 5.60 7.58
5.11 1.92 9.23 7.89 3.96
6.93 6.16 7.10 2.02 8.94
7.43 7.21 4.75 4.23 3.28
4.67 7.66 8.94 6.63 4.15
8.07 7.29 6.50 5.88 7.33
3.54 8.68 7.74 2.58 4.34
5.65 3.59 9.52 1.19 9.90
6.06 3.28 6.53 3.65 6.26
9.00 1.95 5.82 2.90 4.16
8.13 7.82 1.24 6.86 9.00
6.38 9.76 9.97 5.22 5.34
7.80 6.23 1.07 4.55 8.35
1.34 2.94 9.06 7.23 4.66
8.60 3.14 1.11 8.11 1.18
6.01 2.28 1.62 5.10 8.67
3.50 1.62 4.89 7.16 8.73
7.13 3.01 4.13 9.07 2.14
6.70 7.04 1.31 6.30 5.22
8.55 4.87 2.44 9.49 1.35
9.52 9.34 9.45 3.63 6.10
1.39 2.32 7.01 7.94 3.95
9.34 4.64 1.82 1.50 4.41
4.49 2.93 3.85 3.31 6.59
7.93 2.85 8.80 5.07 1.52
9.15 5.97 9.32 1.30 5.07
9.46 1.07 2.28 9.98 2.84
1.93 9.59 4.99 4.55 3.91
4.35 1.68 2.67 1.48 5.16
3.42 1.76 9.55 6.70 9.62
9.12 7.62 7.25 1.64 7.67
4.86 9.55 9.44 1.61 9.21
9.81 1.36 8.26 8.85 5.10
7.07 4.70 8.19 1.72 2.52
7.88 3.59 6.71 1.40 5.69
2.61 9.46 1.32 2.25 8.84
4.97 6.96 8.04 4.42 4.86
3.09 9.55 2.55 9.17 9.51
7.61 4.91 8.20 8.61 3.79
9.38 7.21 1.81 6.81 2.93
9.72 9.51 1.72 2.67 4.16
9.77 4.99 1.30 3.43 8.30
6.21 5.03 4.83 6.56 7.95
7.54 9.84 9.08 2.52 4.11
5.35 5.81 1.14 5.29 2.99
4.60 3.84 7.23 2.56 5.13
4.37 3.85 8.60 8.62 4.98
5.27 1.48 3.63 8.72 5.08
7.04 9.79 9.89 4.50 6.63
1.20 9.37 9.56 3.96 8.48
1.81 4.03 5.69 8.06 8.28
1.35 7.10 2.49 6.99 5.55
7.99 5.66 2.26 5.83 2.03
8.00 3.55 2.69 3.44 3.18
1.20 4.71 4.82 7.26 8.08
4.57 2.63 6.28 5.03 9.78
6.06 3.30 9.10 8.38 2.60
9.86 5.96 8.56 7.69 6.87
1.39 3.86 7.18 2.74 2.96
7.11 8.10 3.30 2.88 1.18
1.19 1.50 2.23 7.53 3.84
4.40 8.93 4.24 2.53 6.85
8.18 3.68 5.00 9.97 4.77
6.36 1.36 3.23 8.79 2.00
4.14 1.09 2.65 5.16 5.12
3.28 5.13 4.81 6.47 4.78
3.07 1.94 4.55 5.53 3.54
7.37 9.33 9.35 3.78 4.11
7.66 3.04 3.10 4.36 3.71
3.84 4.47 8.02 8.39 4.29
8.99 5.66 1.03 1.17 9.21
4.85 5.99 3.99 1.20 9.56
1.30 3.44 8.67 3.24 8.34
1.22 8.47 6.78 9.65 7.62
1.42 5.46 8.68 5.37 5.56
1.10 9.05 6.06 3.12 5.47
5.44 6.28 5.52 3.94 8.84
6.57 9.87 7.97 4.97 8.91
2.23 1.05 2.36 3.95 5.83
8.28 1.55 5.52 6.50 2.39
3.14 4.82 2.42 8.03 5.11
2.77 4.28 3.66 9.34 4.35

Demandas:
1 0 0 0 0 0
0 0 0 1 0 0
0 0 0 1 0 0
0 0 1 0 0 0
1 0 0 0 0 0
0 0 0 0 0 1
0 0 0 1 0 0
1 0 0 0 0 0
0 0 1 0 0 0
0 0 0 0 1 0
0 0 0 0 1 0
0 0 0 1 0 0
0 1 0 0 0 0
0 0 0 1 0 0
0 1 0 0 0 0
0 0 1 0 0 0
1 0 0 0 0 0
0 1 0 0 0 0
0 0 0 0 1 0
0 0 0 1 0 0
0 1 0 0 0 0
0 0 0 0 0 1
0 0 0 0 0 1
1 0 0 0 0 0
0 0 0 1 0 0
0 0 1 0 0 0
0 0 0 0 0 1
0 0 0 0 0 1
0 0 0 1 0 0
1 0 0 0 0 0
0 0 0 0 0 1
0 1 0 0 0 0
1 0 0 0 0 0
0 0 1 0 0 0
0 0 0 0 1 0
0 0 0 0 1 0
0 0 0 0 1 0
1 0 0 0 0 0
0 0 0 1 0 0
0 0 1 0 0 0
0 1 0 0 0 0
0 1 0 0 0 0
0 0 0 0 1 0
0 0 0 0 0 1
0 0 1 0 0 0
0 0 1 0 0 0
0 1 0 0 0 0
0 0 0 1 0 0
0 0 0 0 0 1
0 0 0 1 0 0
0 0 0 0 0 1
0 0 0 1 0 0
1 0 0 0 0 0
0 0 0 0 1 0
0 0 0 0 0 1
0 0 0 0 1 0
0 0 1 0 0 0
1 0 0 0 0 0
1 0 0 0 0 0
0 0 0 0 1 0
0 1 0 0 0 0
1 0 0 0 0 0
1 0 0 0 0 0
0 0 0 0 0 1
0 0 0 0 0 1
0 0 0 0 1 0
1 0 0 0 0 0
0 0 0 0 0 1
0 0 1 0 0 0
0 0 0 0 0 1
0 1 0 0 0 0
0 0 0 1 0 0
0 0 0 0 0 1
0 0 1 0 0 0
0 0 0 1 0 0
0 0 0 0 1 0
0 0 0 0 1 0
0 0 0 1 0 0
0 1 0 0 0 0
0 0 0 1 0 0
0 0 0 0 1 0
1 0 0 0 0 0
0 0 0 1 0 0
0 0 0 0 0 1
0 0 0 0 0 1
0 0 0 0 1 0
0 0 1 0 0 0
0 0 1 0 0 0
0 0 0 0 1 0
0 0 0 1 0 0
0 0 1 0 0 0
0 0 0 1 0 0
0 0 0 1 0 0
0 0 0 1 0 0
0 1 0 0 0 0
0 0 1 0 0 0
0 0 0 1 0 0
0 0 0 0 0 1
0 0 0 1 0 0
0 0 1 0 0 0
0 0 0 1 0 0
1 0 0 0 0 0
0 0 0 0 0 1
0 1 0 0 0 0
0 1 0 0 0 0
1 0 0 0 0 0
0 0 1 0 0 0
0 0 0 1 0 0
0 0 1 0 0 0
0 0 1 0 0 0
0 1 0 0 0 0
0 0 0 0 0 1
0 0 1 0 0 0
0 0 0 0 0 1
0 0 1 0 0 0
0 0 0 0 1 0
0 1 0 0 0 0
0 0 0 1 0 0
0 0 0 1 0 0
0 0 0 1 0 0
0 0 1 0 0 0
0 0 0 0 1 0
0 0 0 0 0 1
1 0 0 0 0 0
0 0 0 0 0 1
1 0 0 0 0 0
0 0 0 1 0 0
0 0 1 0 0 0
0 0 0 0 0 1
0 0 0 0 0 1
1 0 0 0 0 0
0 1 0 0 0 0
0 0 0 1 0 0
0 1 0 0 0 0
0 0 0 0 1 0
0 1 0 0 0 0
0 1 0 0 0 0
0 0 0 0 0 1
0 0 0 0 1 0
0 1 0 0 0 0
0 0 0 0 1 0
0 0 0 0 1 0
0 1 0 0 0 0
0 1 0 0 0 0
0 0 1 0 0 0
1 0 0 0 0 0
0 0 0 1 0 0
0 1 0 0 0 0
0 0 0 1 0 0
1 0 0 0 0 0
0 0 0 0 0 1
0 0 0 1 0 0
0 0 0 1 0 0
0 0 0 1 0 0
0 0 0 1 0 0
0 1 0 0 0 0
0 0 0 0 1 0
0 1 0 0 0 0
1 0 0 0 0 0
0 0 0 0 1 0
1 0 0 0 0 0
0 0 1 0 0 0
0 0 1 0 0 0
0 0 1 0 0 0
1 0 0 0 0 0
0 1 0 0 0 0
0 0 0 0 1 0
1 0 0 0 0 0
0 0 0 0 0 1
0 1 0 0 0 0
0 0 1 0 0 0
0 1 0 0 0 0
0 0 0 1 0 0
0 0 0 1 0 0
0 0 0 0 0 1
0 1 0 0 0 0
1 0 0 0 0 0
0 0 1 0 0 0
0 0 1 0 0 0
0 0 0 0 0 1
0 0 0 0 0 1
0 0 0 0 0 1
0 0 0 1 0 0
0 0 0 0 0 1
0 0 0 1 0 0
0 0 0 0 1 0
0 1 0 0 0 0
0 0 0 1 0 0
0 0 0 0 1 0
0 0 0 0 1 0
0 0 0 0 1 0
0 0 0 0 0 1
0 0 0 0 1 0
0 0 1 0 0 0
0 0 0 0 0 1
0 1 0 0 0 0
0 0 0 1 0 0
0 0 0 0 0 1
0 0 0 0 0 1
0 0 0 0 0 1
0 0 0 0 0 1
0 1 0 0 0 0
1 0 0 0 0 0
0 0 0 1 0 0
0 0 0 0 1 0
0 0 1 0 0 0
0 0 1 0 0 0
0 0 0 0 0 1
1 0 0 0 0 0
0 0 0 1 0 0
0 1 0 0 0 0
0 0 0 0 1 0
0 1 0 0 0 0
0 0 1 0 0 0
1 0 0 0 0 0
1 0 0 0 0 0
0 0 0 0 1 0
0 0 1 0 0 0
0 0 0 0 0 1
0 0 1 0 0 0
0 0 0 0 0 1
1 0 0 0 0 0
0 1 0 0 0 0
0 0 0 0 1 0
0 0 1 0 0 0
1 0 0 0 0 0
0 0 0 1 0 0
0 0 0 1 0 0
0 0 0 0 1 0
0 1 0 0 0 0
0 0 0 0 0 1
0 1 0 0 0 0
1 0 0 0 0 0
0 0 1 0 0 0
0 0 0 0 1 0
1 0 0 0 0 0
0 1 0 0 0 0
1 0 0 0 0 0
0 0 0 1 0 0
0 0 0 1 0 0
0 1 0 0 0 0
0 1 0 0 0 0
0 0 0 0 0 1
0 0 0 0 0 1
0 0 0 0 0 1
0 0 0 0 1 0
0 0 0 0 0 1
0 0 1 0 0 0
0 0 0 1 0 0
0 0 0 0 0 1
1 0 0 0 0 0
0 0 0 0 0 1
0 0 0 0 1 0
0 0 1 0 0 0
1 0 0 0 0 0
0 0 0 1 0 0
0 0 0 1 0 0
0 0 0 1 0 0
0 0 0 1 0 0
0 0 0 0 1 0
0 1 0 0 0 0
0 0 0 0 0 1
1 0 0 0 0 0
0 0 0 0 1 0
0 0 0 0 1 0
0 1 0 0 0 0
0 0 0 0 1 0
0 0 0 1 0 0
0 1 0 0 0 0
0 0 1 0 0 0
0 0 0 1 0 0
0 0 0 0 1 0
1 0 0 0 0 0
0 0 0 0 1 0
0 0 0 1 0 0
0 1 0 0 0 0
0 0 0 1 0 0
0 0 0 0 1 0
0 0 0 1 0 0
0 0 1 0 0 0
0 0 1 0 0 0
0 1 0 0 0 0
0 0 0 0 1 0
0 0 0 1 0 0
0 0 0 1 0 0
0 0 0 0 1 0
0 0 1 0 0 0
0 0 0 0 1 0
0 0 1 0 0 0
1 0 0 0 0 0
0 1 0 0 0 0
0 0 0 0 0 1
0 0 0 0 0 1
1 0 0 0 0 0
1 0 0 0 0 0
0 0 0 1 0 0
0 0 1 0 0 0
0 1 0 0 0 0
0 0 0 1 0 0
0 0 1 0 0 0
0 0 0 0 0 1
0 0 0 0 0 1
0 0 0 1 0 0
1 0 0 0 0 0
1 0 0 0 0 0
0 0 1 0 0 0
0 0 0 1 0 0
1 0 0 0 0 0
1 0 0 0 0 0
0 1 0 0 0 0
0 0 0 1 0 0
0 1 0 0 0 0
0 0 0 0 1 0
0 0 0 0 1 0
0 0 1 0 0 0
1 0 0 0 0 0
0 1 0 0 0 0
0 0 0 1 0 0
0 0 0 1 0 0
0 1 0 0 0 0
0 0 0 1 0 0
0 0 0 0 1 0
0 0 1 0 0 0
0 0 0 1 0 0
0 0 0 1 0 0
0 0 0 0 0 1
0 0 0 0 1 0
0 0 0 0 1 0
1 0 0 0 0 0
0 0 0 1 0 0
0 0 1 0 0 0
0 0 0 0 0 1
0 1 0 0 0 0
0 0 0 1 0 0
0 0 0 0 1 0
0 0 0 1 0 0
0 1 0 0 0 0
0 1 0 0 0 0
0 0 1 0 0 0
0 1 0 0 0 0
0 0 0 1 0 0
0 0 0 0 1 0
0 0 0 0 0 1
0 0 0 0 1 0
0 0 1 0 0 0
0 0 0 1 0 0
0 0 0 0 0 1
1 0 0 0 0 0
1 0 0 0 0 0
0 0 0 1 0 0
0 0 1 0 0 0
0 1 0 0 0 0
0 0 0 1 0 0
0 0 0 0 1 0
0 0 1 0 0 0
0 0 1 0 0 0
0 0 1 0 0 0
0 0 0 0 0 1
0 0 0 0 1 0
0 0 0 1 0 0
0 1 0 0 0 0
0 0 0 1 0 0
0 0 0 0 1 0
0 0 0 1 0 0
0 0 1 0 0 0
0 1 0 0 0 0
0 0 1 0 0 0
0 1 0 0 0 0
0 0 1 0 0 0
0 1 0 0 0 0
0 0 0 1 0 0
0 0 0 0 0 1
0 0 0 1 0 0
0 0 0 0 0 1
0 0 1 0 0 0
0 0 0 0 1 0
0 1 0 0 0 0
0 1 0 0 0 0
0 0 0 1 0 0
0 0 0 1 0 0
0 0 0 0 0 1
1 0 0 0 0 0
0 1 0 0 0 0
0 0 1 0 0 0
0 0 0 1 0 0
0 1 0 0 0 0
0 1 0 0 0 0
0 0 1 0 0 0
0 0 0 0 1 0
0 0 0 0 1 0
0 1 0 0 0 0
0 0 1 0 0 0
0 1 0 0 0 0
0 1 0 0 0 0
0 0 0 1 0 0
0 1 0 0 0 0
0 1 0 0 0 0
0 0 0 0 1 0
0 0 1 0 0 0
0 0 0 0 1 0
0 1 0 0 0 0
0 0 0 1 0 0
0 0 0 0 1 0
0 0 0 0 1 0
0 0 1 0 0 0
0 0 0 1 0 0
0 0 0 0 0 1
0 0 0 0 1 0
1 0 0 0 0 0
1 0 0 0 0 0
0 1 0 0 0 0
0 1 0 0 0 0
0 0 0 0 1 0
1 0 0 0 0 0
0 1 0 0 0 0
0 1 0 0 0 0
0 1 0 0 0 0
0 0 1 0 0 0
0 0 0 0 0 1
0 0 0 0 1 0
0 1 0 0 0 0
0 0 0 0 0 1
0 0 0 1 0 0
0 1 0 0 0 0
0 0 0 0 1 0
1 0 0 0 0 0
0 0 0 1 0 0
0 0 0 0 0 1
0 0 0 1 0 0
0 0 1 0 0 0
0 0 1 0 0 0
0 0 0 0 1 0
0 0 0 0 1 0
0 0 0 1 0 0
1 0 0 0 0 0
0 1 0 0 0 0
0 0 0 0 1 0
1 0 0 0 0 0
0 0 0 0 1 0
0 0 0 1 0 0
0 1 0 0 0 0
1 0 0 0 0 0
0 0 0 0 1 0
1 0 0 0 0 0
0 0 1 0 0 0
0 1 0 0 0 0
0 0 1 0 0 0
0 0 0 1 0 0
1 0 0 0 0 0
1 0 0 0 0 0
0 0 0 0 1 0
0 0 1 0 0 0
0 0 1 0 0 0
0 0 0 0 1 0
0 0 0 1 0 0
0 0 0 1 0 0
0 0 0 1 0 0
1 0 0 0 0 0
0 0 0 0 1 0
0 0 0 0 0 1
0 1 0 0 0 0
0 0 0 1 0 0
1 0 0 0 0 0
0 0 0 0 0 1
1 0 0 0 0 0
1 0 0 0 0 0
0 0 1 0 0 0
0 0 0 1 0 0
0 0 1 0 0 0
0 0 0 1 0 0
0 0 0 0 0 1
1 0 0 0 0 0
0 0 1 0 0 0
0 0 1 0 0 0
0 1 0 0 0 0
0 0 0 0 1 0
0 0 0 0 0 1
0 0 1 0 0 0
0 0 0 1 0 0
0 0 0 0 0 1
1 0 0 0 0 0
0 0 0 0 1 0
0 1 0 0 0 0
0 0 0 1 0 0
0 0 1 0 0 0
0 0 0 0 1 0
0 0 1 0 0 0
0 0 0 1 0 0
0 0 0 0 0 1
0 0 0 0 1 0
0 0 0 1 0 0
0 0 1 0 0 0
1 0 0 0 0 0
1 0 0 0 0 0
0 0 1 0 0 0
1 0 0 0 0 0
0 0 1 0 0 0
0 1 0 0 0 0
0 0 0 1 0 0
0 0 0 0 1 0

Capacidades:
31 51 48 48 42 32
54 31 47 35 22 44
54 58 49 27 27 0
45 22 39 31 42 47
0 22 50 49 41 48
