m: 1000
n: 10
p: 8

Distancias:
5.28 3.40 1.14 6.35 9.18 7.12 4.95 8.02 7.83 6.10
3.26 9.65 3.53 1.67 2.47 8.52 5.25 2.94 3.29 1.09
3.04 5.63 9.74 3.42 4.51 7.68 5.20 5.63 8.09 8.26
4.77 8.47 5.79 5.36 5.41 3.23 3.30 3.96 3.36 3.69
9.68 3.11 8.43 3.86 3.61 7.20 2.45 3.25 2.11 4.92
1.41 9.97 4.77 5.99 9.31 3.18 4.43 9.20 8.37 4.91
6.17 6.66 4.28 4.59 9.32 5.42 1.18 4.63 7.06 9.42
5.94 3.59 1.40 2.57 1.20 5.30 7.35 6.32 2.62 8.31
5.48 7.82 5.82 1.84 4.51 6.79 9.35 2.23 2.48 1.93
7.81 7.34 1.29 3.96 3.31 6.18 7.11 1.56 3.35 5.59
2.29 4.44 9.83 6.87 2.81 2.66 3.63 8.73 4.85 5.03
6.09 2.16 5.98 4.32 4.80 4.68 6.76 6.41 7.11 6.40
8.72 3.59 2.59 3.70 6.68 2.76 8.49 9.39 5.44 4.74
5.06 9.18 3.60 3.79 9.90 1.36 4.24 5.01 7.24 9.40
7.03 2.96 5.14 8.45 8.16 5.26 5.55 7.00 8.56 7.56
1.36 8.74 6.71 1.71 2.83 1.17 3.20 1.60 1.69 2.31
3.97 4.68 8.87 4.52 8.76 1.87 8.14 6.54 2.82 3.21
6.40 3.28 3.90 5.83 7.16 5.70 9.32 9.56 9.24 6.03
1.55 8.47 2.17 2.70 4.11 9.33 4.92 7.32 8.05 2.52
8.70 7.10 7.96 7.27 2.34 6.36 2.46 4.27 6.05 6.80
6.74 5.93 1.96 1.37 6.80 6.94 4.00 1.56 5.57 3.50
5.80 9.17 6.93 6.97 7.88 8.62 5.87 5.43 6.72 7.42
8.87 1.64 7.66 9.10 3.82 8.56 6.20 1.64 7.04 1.34
8.03 6.12 1.19 3.65 8.87 4.58 5.96 3.26 4.62 1.49
6.41 5.63 1.77 2.27 5.56 3.65 7.42 1.38 6.90 7.65
8.30 6.47 4.00 9.10 3.62 1.53 6.55 8.01 6.44 6.63
6.00 9.86 2.09 4.06 4.92 2.09 1.27 3.15 5.39 9.63
1.89 9.16 6.79 7.50 7.03 8.40 4.42 2.37 9.45 1.24
2.80 5.78 7.92 9.01 4.13 9.06 3.88 3.14 8.33 9.48
2.13 3.83 4.95 4.45 4.34 1.83 1.24 9.19 5.55 6.23
6.17 4.63 3.46 4.82 2.84 6.19 2.49 8.20 7.43 7.43
5.81 5.99 8.64 5.94 5.85 1.31 4.98 2.29 5.17 9.51
6.66 5.27 1.60 4.06 4.20 3.99 3.78 4.24 2.01 4.08
7.62 3.55 1.28 9.41 1.98 1.02 8.49 8.26 2.38 7.22
3.65 9.64 3.55 7.87 8.93 4.02 1.37 3.89 2.45 4.98
2.09 9.49 2.31 6.39 9.59 4.85 8.98 7.70 8.25 9.54
8.82 4.65 5.96 4.04 5.87 2.80 8.39 7.60 9.47 4.63
3.63 7.11 4.01 2.23 5.16 1.07 8.58 4.52 6.32 4.51
9.29 3.69 6.86 1.36 8.10 3.23 7.09 5.16 8.38 3.78
6.42 8.65 9.16 5.77 2.57 1.96 4.51 2.99 7.70 7.29
3.17 7.57 1.10 1.77 8.27 9.05 1.63 2.02 9.10 8.64
7.92 9.70 9.69 3.21 6.81 6.41 2.90 3.18 8.56 5.62
3.71 8.03 7.79 9.41 7.80 2.54 8.58 9.55 9.34 6.94
8.96 8.51 3.22 8.56 9.28 2.00 5.43 5.15 8.01 8.01
8.30 3.77 9.78 8.05 8.44 2.47 7.52 1.59 3.69 2.81
7.87 4.09 6.85 6.62 8.71 8.61 1.67 5.94 6.11 6.48
4.36 5.88 5.33 3.23 3.83 1.22 4.52 4.31 3.73 8.44
3.20 4.57 9.03 4.85 5.35 4.91 1.97 2.38 4.14 4.93
9.01 9.22 9.20 1.86 5.82 4.81 8.85 1.43 8.07 4.21
9.58 9.98 3.97 6.13 1.67 3.71 9.85 2.77 9.56 6.70
9.14 5.58 3.45 9.29 8.27 4.18 9.55 4.77 6.73 8.42
7.25 5.26 6.21 8.07 2.18 3.81 6.09 4.49 3.22 8.66
2.78 3.97 6.46 4.42 8.76 5.19 3.45 7.72 4.76 4.18
8.83 4.01 7.81 6.97 3.32 7.82 9.24 8.15 9.09 7.49
8.34 2.77 5.73 5.92 3.84 1.82 4.95 1.64 1.16 9.81
7.24 4.74 5.82 2.87 3.89 1.97 8.18 1.65 1.65 4.31
4.51 4.59 6.44 2.17 5.24 6.88 6.60 7.43 9.38 7.68
6.86 9.08 6.89 6.20 8.70 5.61 6.21 6.17 5.98 6.35
4.25 3.75 2.22 9.77 8.47 4.91 9.64 1.23 5.18 8.80
8.52 4.19 3.63 7.44 2.86 5.70 3.46 5.95 2.64 6.06
6.00 7.44 6.52 4.11 3.96 2.23 3.88 2.64 6.73 7.29
6.81 7.49 6.11 3.25 2.30 6.63 2.62 6.14 9.87 2.82
5.33 7.43 8.27 7.18 6.39 1.87 4.81 5.56 1.05 2.34
4.54 8.51 1.54 3.85 7.69 9.19 2.15 2.10 9.11 6.39
8.52 1.13 6.75 2.04 8.77 4.18 2.27 6.77 5.10 4.80
7.17 8.35 3.55 6.15 6.62 2.08 5.51 6.99 8.70 9.43
6.93 2.02 1.16 8.72 9.37 4.43 3.20 2.04 8.30 1.10
2.06 5.52 9.55 6.04 9.70 2.79 7.07 9.32 1.30 7.86
1.19 6.91 8.34 7.47 5.09 8.87 6.78 6.78 5.59 4.98
3.74 7.58 3.51 3.09 7.65 8.20 7.83 8.90 6.79 2.44
5.87 3.09 8.28 9.01 9.02 3.38 4.76 1.69 6.44 3.67
2.09 5.09 5.98 3.27 4.06 1.48 6.46 9.59 5.19 9.68
8.70 4.75 3.44 9.02 1.28 7.72 6.15 1.68 4.56 6.41
5.99 1.31 5.60 3.06 3.13 9.96 8.21 3.81 4.25 5.40
1.45 1.19 8.18 5.56 5.77 7.18 8.25 4.92 4.22 2.20
9.28 1.83 4.94 6.53 4.81 9.91 1.32 2.08 9.86 2.99
3.32 5.64 8.39 8.76 7.45 5.67 8.88 8.60 8.04 7.91
9.03 2.76 4.92 1.09 1.78 3.81 8.44 2.44 9.13 6.98
7.48 7.75 4.39 1.41 1.60 8.61 2.98 8.78 2.20 3.67
7.49 1.06 9.86 4.29 4.93 2.57 5.16 9.96 5.50 4.35
7.81 4.50 9.01 6.55 4.90 7.15 6.40 8.78 6.16 2.86
4.95 2.09 2.08 6.44 6.46 7.05 8.59 4.59 1.41 7.69
9.55 3.39 5.07 3.29 7.35 8.05 5.91 2.35 1.12 9.70
7.12 5.03 6.71 5.46 7.76 5.99 7.01 6.89 3.63 7.87
4.16 4.95 5.14 9.17 2.48 8.98 1.59 3.89 7.20 3.03
7.60 5.47 4.46 4.86 4.41 1.05 5.48 1.25 7.73 1.88
9.82 5.79 1.70 4.69 2.05 1.33 3.43 1.51 4.99 1.97
4.23 6.51 6.71 4.28 6.70 2.93 3.07 9.54 3.05 1.89
5.04 4.24 8.59 9.74 2.49 1.18 2.06 8.63 2.73 6.99
7.86 4.07 5.18 1.05 6.78 8.68 9.54 4.82 9.94 1.83
5.15 1.33 6.58 7.91 5.27 9.40 2.81 1.60 4.44 6.91
3.22 5.94 7.64 1.11 6.76 6.18 3.99 6.56 5.43 7.33
3.38 8.17 5.40 4.94 1.85 9.52 9.10 1.61 9.43 4.88
9.80 3.88 5.63 9.10 5.42 2.30 6.30 4.59 4.12 9.25
8.11 8.00 3.67 5.62 3.38 1.67 5.89 3.06 9.49 1.77
8.49 7.45 4.55 2.54 8.26 7.33 7.78 7.21 2.09 5.71
2.95 9.43 2.72 5.27 9.20 5.94 8.29 1.88 7.03 1.72
4.51 7.33 2.11 4.59 8.78 2.77 9.75 1.15 7.33 6.62
4.56 4.42 1.91 2.92 2.53 1.10 4.53 3.94 2.67 6.67
2.62 2.08 8.51 8.44 8.16 4.75 5.63 7.84 6.58 1.22
6.65 5.50 8.26 9.95 4.67 5.46 9.86 7.59 2.37 8.10
4.72 5.35 2.92 3.06 7.88 9.83 2.47 1.64 8.15 1.66
2.89 1.77 8.77 8.32 7.15 8.74 1.64 6.96 1.25 3.26
2.75 4.52 9.44 7.24 8.86 6.22 1.76 4.50 9.34 8.93
8.98 1.71 1.56 5.81 2.04 2.89 8.27 4.74 5.28 4.30
5.45 4.31 2.98 3.36 3.86 6.84 7.00 4.01 5.49 5.88
4.32 6.62 8.81 6.82 6.62 8.05 7.57 5.63 5.81 6.06
7.52 1.62 5.02 3.25 3.98 3.85 5.65 6.84 9.80 4.63
5.73 8.16 4.23 5.95 1.98 1.41 2.76 2.13 8.89 9.63
1.42 6.85 1.82 5.27 4.60 6.75 5.65 8.93 7.28 9.85
9.25 6.90 1.44 2.11 6.32 3.71 6.58 7.32 3.05 6.47
4.92 3.87 3.23 6.73 2.31 4.62 3.06 5.37 8.30 7.81
1.00 9.50 7.40 2.43 6.37 1.90 3.95 7.98 4.66 2.64
6.74 4.79 2.63 8.55 5.06 3.26 6.07 2.47 1.81 4.01
7.20 7.13 8.30 1.08 4.98 2.75 6.39 9.39 2.29 1.07
6.18 1.33 6.62 4.60 5.76 4.10 6.72 3.58 1.15 9.02
5.23 8.15 5.55 8.22 5.11 2.27 4.64 7.00 6.73 2.43
8.19 3.52 4.10 2.63 9.59 1.64 3.79 5.07 8.45 7.79
1.97 4.38 5.01 9.76 9.48 2.36 1.04 4.40 6.07 9.91
4.10 5.78 7.63 2.65 3.70 5.78 1.87 7.59 5.66 6.30
9.71 2.80 6.57 5.34 1.81 3.47 9.82 5.55 9.92 5.89
6.23 1.28 8.99 3.54 8.59 7.85 5.16 3.98 3.84 3.19
4.58 6.61 6.80 1.71 9.54 3.79 2.12 2.58 8.62 7.21
3.12 6.00 7.42 6.54 2.57 9.34 1.27 9.33 8.26 4.84
6.86 1.80 8.27 9.79 6.17 8.56 4.82 6.32 3.11 3.13
9.56 5.98 1.14 5.47 3.71 9.62 7.56 5.88 9.64 3.89
3.37 6.30 7.17 7.64 6.62 9.91 4.21 5.31 9.91 7.91
1.26 7.73 2.47 3.27 5.55 8.64 5.24 1.45 4.22 5.18
2.81 4.11 9.39 5.38 4.91 5.37 5.74 3.22 1.84 3.88
4.06 7.97 3.35 3.87 4.98 4.37 8.75 4.15 4.48 3.86
9.28 9.29 1.19 3.22 1.15 7.00 7.19 9.50 2.98 1.35
2.47 8.19 4.35 6.41 2.42 4.59 3.26 7.59 4.71 4.13
6.04 1.38 9.92 6.30 5.73 6.06 8.25 6.83 9.06 9.40
3.84 1.31 5.51 2.04 2.66 4.91 4.28 2.61 8.15 5.62
1.87 6.08 8.63 4.67 5.70 5.94 5.23 6.35 3.27 2.08
2.10 7.53 9.77 4.45 3.11 8.16 1.84 9.31 4.68 7.22
8.22 3.92 7.43 5.82 3.83 5.97 8.24 2.45 1.77 6.14
1.20 9.27 5.66 6.02 7.78 4.52 3.80 1.85 4.67 3.22
2.22 5.02 2.66 3.06 4.79 3.81 7.48 2.50 9.18 5.14
5.06 7.43 8.10 5.34 2.18 3.56 6.96 3.44 3.40 6.80
1.20 8.38 5.83 2.85 5.41 8.85 2.07 9.02 7.49 3.27
9.43 8.13 7.30 3.26 5.58 7.03 9.16 4.92 7.38 1.45
3.68 8.18 6.05 1.68 7.34 2.42 7.21 5.88 9.93 5.36
3.59 7.68 2.12 9.83 9.84 6.62 9.04 4.45 9.24 1.87
6.14 6.18 6.01 4.12 7.16 5.13 3.76 1.63 5.90 5.40
6.51 3.18 3.99 1.63 5.61 8.44 4.03 3.54 7.26 7.83
1.80 1.09 7.99 8.50 9.39 8.38 9.59 8.39 2.67 7.24
3.43 2.84 7.95 9.29 6.58 5.48 4.36 6.74 7.87 8.81
4.61 9.68 1.90 2.30 4.80 7.94 6.19 5.82 5.45 3.75
7.98 5.27 3.35 5.99 9.66 9.37 8.13 8.63 3.32 4.03
3.86 7.91 2.78 2.70 5.87 9.27 6.08 3.68 5.83 7.09
4.90 1.91 7.84 4.29 2.42 8.22 8.15 4.13 4.17 4.64
8.30 4.99 9.61 8.65 4.98 9.29 6.64 6.69 6.99 5.10
3.58 1.83 8.19 4.62 3.91 9.04 7.35 6.85 9.56 9.63
3.99 9.12 9.38 3.72 5.29 9.01 6.56 6.57 3.26 5.54
2.21 8.47 7.84 7.37 9.36 8.14 4.67 5.25 1.18 5.51
3.45 5.68 3.83 8.07 9.03 9.15 4.39 3.63 6.92 8.27
3.92 7.97 5.53 2.03 5.56 5.06 6.81 4.73 8.24 9.77
5.90 6.25 9.78 3.25 3.20 2.24 2.05 6.44 6.33 9.58
2.26 7.03 6.40 4.77 3.21 3.81 6.60 6.24 1.30 3.45
2.81 8.41 2.67 3.78 7.91 5.69 3.21 9.73 9.48 2.42
4.74 3.26 1.57 7.80 3.12 3.00 5.45 6.85 4.85 8.06
7.05 5.71 3.76 9.68 4.93 5.26 5.16 5.72 4.57 1.83
7.14 1.04 9.05 4.54 9.70 9.93 4.75 5.80 2.45 4.63
7.19 7.76 2.64 5.14 1.53 5.87 3.32 9.17 2.65 7.68
6.29 8.55 7.27 5.77 8.02 9.86 8.52 8.22 3.47 4.80
6.29 6.93 9.68 1.42 9.91 7.82 8.72 1.35 4.08 2.76
4.92 5.53 4.06 6.05 3.49 6.00 1.07 2.99 5.52 4.27
5.77 7.71 1.07 8.30 2.65 5.23 3.83 6.75 9.87 6.52
9.66 6.81 6.16 4.29 5.47 3.61 3.29 6.47 7.40 5.60
7.35 8.01 1.95 1.24 1.39 5.48 9.28 3.61 6.03 7.62
1.67 2.17 6.62 5.21 4.45 3.35 3.00 3.90 4.85 3.24
5.62 2.11 4.26 1.57 6.70 1.31 1.07 2.35 8.61 2.79
5.30 7.72 3.79 4.46 9.41 3.18 5.97 9.28 5.21 6.15
8.04 1.91 9.92 6.23 5.86 6.76 8.21 1.99 1.10 1.71
3.84 5.11 3.70 6.83 9.66 7.81 1.80 4.19 7.49 6.33
8.19 2.43 2.78 3.28 3.51 4.32 4.79 5.56 9.85 6.83
5.53 7.17 1.55 9.77 5.86 4.32 5.52 6.39 6.90 9.35
1.62 1.23 2.69 1.93 4.73 4.62 2.52 7.36 1.93 9.11
9.01 1.83 1.76 9.82 3.32 6.83 7.22 1.88 7.47 7.76
3.65 4.29 6.06 2.31 8.86 6.37 8.15 4.03 9.20 4.73
7.53 2.52 8.90 7.25 2.85 7.37 6.72 6.96 5.62 6.55
6.78 6.71 6.32 8.87 2.88 6.35 1.44 7.88 5.39 2.78
5.96 3.80 7.80 6.71 1.56 3.30 2.35 8.65 7.99 9.74
5.53 1.84 7.19 1.38 1.76 7.38 9.93 8.03 9.66 6.82
6.60 7.95 2.24 1.54 4.47 4.76 1.62 1.71 5.56 6.70
6.83 2.25 5.18 7.85 6.40 8.52 4.58 1.80 8.19 6.67
6.50 6.30 4.69 7.68 4.38 5.04 4.22 8.65 5.49 9.48
9.05 6.04 2.61 8.47 6.23 9.21 3.84 8.67 4.74 5.87
9.24 3.67 2.43 8.90 1.28 3.17 6.03 3.59 4.00 7.54
3.30 9.40 5.33 9.61 3.94 7.04 7.84 9.26 6.64 1.84
4.33 5.63 9.25 1.91 4.56 4.16 5.03 1.47 7.95 2.32
5.44 6.56 3.07 8.05 8.11 8.80 9.92 3.14 1.39 4.82
6.04 6.39 5.75 9.89 8.56 2.08 3.83 8.93 9.58 5.20
8.28 1.09 6.51 8.88 3.32 4.55 4.02 3.33 8.84 7.01
7.66 6.73 3.71 3.94 8.01 1.51 9.02 9.66 1.92 8.14
1.37 3.21 8.58 4.23 6.24 2.42 7.97 8.96 7.18 5.05
7.75 6.87 9.26 7.66 4.20 5.16 4.08 2.88 9.60 4.01
1.94 9.47 4.96 8.49 7.63 6.41 9.58 1.04 6.57 8.56
6.04 4.80 6.42 5.10 3.66 9.70 8.74 7.14 1.80 4.84
6.34 2.91 3.94 2.99 9.59 3.77 3.18 1.55 4.55 2.31
6.87 9.01 8.56 2.90 3.59 5.49 1.64 5.40 5.30 9.31
2.07 1.01 3.41 8.20 5.33 1.73 8.18 8.48 4.36 8.20
2.34 7.21 1.53 4.94 2.30 8.54 2.99 5.78 4.46 6.67
5.73 5.00 1.75 1.90 7.36 3.23 4.22 9.10 6.59 9.60
6.04 3.15 4.15 7.13 5.05 6.28 4.10 4.16 2.41 3.53
5.52 5.14 6.14 2.27 9.13 1.76 1.57 4.29 4.24 9.44
1.31 5.51 5.80 1.25 1.49 3.60 7.77 9.49 4.17 3.05
4.67 5.49 3.86 9.51 4.36 7.56 8.18 1.23 7.73 7.51
1.38 9.15 7.57 3.59 8.96 7.01 5.39 6.39 1.22 9.35
9.24 9.94 3.97 2.88 9.68 5.71 6.31 7.60 1.98 3.93
6.25 6.88 4.88 9.48 7.57 4.57 9.81 8.57 3.48 5.24
4.28 6.41 8.68 4.21 3.22 6.04 3.86 6.56 5.62 2.75
3.68 6.07 6.86 8.17 2.05 1.15 2.45 3.43 5.35 8.20
8.18 4.39 5.53 3.90 9.64 2.96 6.69 2.84 3.27 2.99
9.65 9.23 4.29 8.46 7.17 4.42 6.89 7.07 2.45 9.06
1.42 5.31 9.19 1.57 4.76 3.48 7.04 6.67 3.93 9.14
8.48 5.79 9.91 7.02 9.60 3.51 2.19 6.64 4.12 5.41
3.55 3.23 5.08 1.40 1.15 2.95 9.38 9.51 5.85 8.49
9.50 2.04 7.62 7.80 9.00 9.70 9.98 6.89 1.82 3.54
9.98 3.42 2.64 4.68 3.87 2.53 3.93 8.37 4.32 4.58
9.64 9.58 8.82 4.80 6.34 4.65 2.41 3.69 9.56 5.75
8.92 7.58 4.59 3.54 4.57 6.50 9.01 7.93 3.78 6.45
5.54 3.48 7.67 3.80 6.32 6.61 9.90 3.60 4.40 8.33
8.52 3.71 8.80 5.14 8.27 2.33 4.46 2.12 3.13 9.08
7.31 6.51 9.68 4.44 4.04 6.22 1.40 9.66 6.28 1.13
4.52 2.87 6.19 1.52 3.62 5.40 7.71 9.97 4.65 8.79
4.82 9.75 9.86 4.70 5.26 2.67 8.07 9.51 3.09 7.78
9.49 5.14 9.39 6.74 8.37 1.62 2.01 2.87 3.18 7.40
7.10 9.16 5.79 3.87 1.11 4.29 1.43 7.29 8.68 4.14
9.58 1.97 5.72 6.16 2.46 6.00 6.48 4.42 8.44 7.27
8.94 7.83 5.14 4.59 3.49 9.09 2.97 5.48 5.14 2.30
8.64 9.13 8.11 1.03 1.69 2.73 1.40 1.80 2.81 3.20
2.81 6.39 2.75 4.19 8.49 8.01 1.26 8.67 1.31 7.62
7.24 2.90 1.96 3.37 5.93 8.10 6.32 8.03 9.62 4.62
8.54 7.82 6.21 4.57 2.16 5.37 9.77 4.71 1.06 3.24
6.84 7.32 9.34 3.36 8.29 4.75 3.04 3.93 8.13 9.63
8.28 5.34 7.48 5.96 5.43 6.43 1.27 7.28 8.51 4.51
2.17 1.74 1.03 2.32 8.92 9.10 9.90 5.81 7.82 8.21
6.39 8.25 3.28 1.10 5.36 4.69 3.20 5.26 1.63 6.35
8.06 4.70 7.46 7.17 2.68 6.49 7.61 4.21 4.38 3.27
4.00 9.20 9.36 3.19 1.47 7.37 1.55 1.23 3.00 4.99
8.72 4.76 7.92 1.37 2.60 7.32 1.14 4.53 2.50 9.25
3.88 4.69 5.78 7.97 9.88 7.31 1.68 3.57 8.64 8.25
4.09 7.79 6.99 7.32 1.34 1.84 3.83 4.60 6.09 7.64
8.05 7.64 6.10 9.57 6.12 3.81 8.99 2.32 7.47 4.71
8.43 1.07 3.50 6.46 2.65 4.89 8.03 7.36 8.88 1.01
5.95 3.59 3.62 5.30 4.93 4.52 1.60 6.89 9.96 7.92
6.06 8.61 2.39 3.48 6.06 1.76 9.48 6.45 5.95 4.82
2.75 8.98 4.73 7.56 4.00 5.29 7.38 5.57 3.25 2.80
6.73 6.66 1.89 7.94 6.84 8.90 1.28 3.46 3.36 3.53
1.79 3.93 1.75 3.94 1.81 1.44 6.11 4.59 2.82 3.42
4.29 5.74 2.74 2.02 9.16 1.77 3.17 6.31 4.71 6.24
9.22 4.92 4.39 8.88 6.59 5.49 3.59 9.88 2.86 5.00
3.42 5.94 1.78 3.83 3.09 6.66 5.79 3.52 3.76 8.02
3.91 6.92 4.05 9.04 1.08 8.13 5.06 1.38 3.07 6.72
1.16 5.28 7.00 9.21 7.78 6.04 8.01 9.03 6.13 8.18
4.50 3.03 2.87 1.14 3.06 2.51 9.37 3.22 5.75 3.66
5.83 2.51 1.79 8.17 9.09 1.12 3.98 2.19 5.94 8.37
4.20 3.50 6.46 6.17 3.51 3.57 5.08 4.08 4.74 5.75
8.92 6.89 1.28 6.60 6.81 4.82 7.22 8.91 1.70 1.55
7.57 5.74 4.92 2.15 7.27 6.34 5.81 4.01 8.42 9.38
7.23 3.39 6.62 7.56 9.68 5.03 1.44 1.55 7.61 5.61
5.64 9.10 5.10 5.35 7.71 5.13 7.63 4.01 4.46 4.58
2.65 8.97 9.13 8.77 7.55 2.37 3.88 6.64 4.58 3.10
9.96 7.92 9.48 6.38 1.75 7.79 8.26 4.47 9.08 2.29
2.23 6.69 9.26 7.02 2.02 6.00 6.35 9.41 7.23 3.98
1.43 6.00 1.43 5.53 3.43 6.94 4.29 7.84 6.24 5.55
7.74 9.67 2.52 5.46 1.48 1.87 3.01 7.45 4.20 9.72
1.07 8.76 2.79 1.68 3.12 1.76 1.26 5.98 2.29 6.42
1.71 2.80 5.14 7.41 7.89 3.21 8.99 8.43 1.17 5.42
9.72 7.07 3.56 8.24 5.37 3.38 9.85 8.12 4.39 2.66
7.23 5.11 9.08 2.86 7.27 7.76 4.58 9.44 2.02 5.17
3.32 2.99 6.92 3.45 5.91 5.69 7.59 8.90 4.91 5.32
5.16 7.18 8.41 5.87 9.81 6.50 8.10 5.44 4.19 5.29
6.65 2.79 4.30 1.25 3.80 4.08 1.96 4.73 5.52 1.44
2.90 5.62 8.92 3.42 8.82 9.68 3.20 4.53 6.43 6.25
8.20 4.69 2.01 6.78 1.43 6.63 7.20 1.80 8.14 2.38
6.19 5.71 1.74 3.57 8.80 2.14 6.03 1.22 7.80 8.92
5.43 1.61 2.37 4.55 4.19 5.38 9.45 6.72 1.50 6.90
9.58 5.45 6.26 9.76 5.03 2.28 6.50 6.67 2.38 9.85
7.86 9.46 8.86 8.50 1.33 5.86 9.88 8.43 7.04 5.00
7.86 6.00 8.82 2.96 8.01 6.81 4.88 9.46 1.28 8.41
8.76 8.20 5.63 1.44 7.62 3.53 2.63 8.02 2.39 7.30
5.31 8.81 4.59 1.32 2.93 5.27 1.65 9.84 6.64 4.42
2.06 4.93 5.40 9.53 8.57 3.97 6.89 4.31 6.12 7.11
2.78 1.66 9.44 1.51 4.73 3.07 9.43 1.12 3.91 5.33
5.83 7.65 4.81 4.57 3.29 7.58 6.31 3.32 1.92 5.53
8.93 4.72 9.92 9.93 8.47 5.55 6.06 6.96 9.59 9.23
6.86 5.33 4.02 9.08 2.94 8.51 8.66 9.69 3.13 7.66
7.93 8.94 1.99 4.39 5.82 6.45 5.93 6.56 5.34 6.47
3.28 1.03 6.98 6.00 9.39 9.31 5.10 7.44 3.67 8.93
7.76 5.47 6.30 2.16 8.87 6.12 6.91 6.72 1.14 5.67
9.58 4.79 7.54 8.81 7.93 1.68 7.73 7.07 7.08 5.69
6.53 9.29 3.57 5.88 1.44 4.94 4.56 4.56 5.43 5.20
8.31 2.40 3.04 3.94 2.98 9.18 5.90 2.23 1.16 5.57
6.73 4.08 5.04 2.83 2.92 2.93 7.90 1.07 3.89 1.57
8.87 3.26 1.97 2.16 6.77 2.67 6.51 9.15 3.83 5.77
8.66 9.39 3.10 4.70 6.55 5.49 6.58 2.42 5.60 4.28
9.73 8.18 7.93 7.17 8.46 3.89 2.04 9.03 8.75 4.59
6.42 5.06 1.99 8.97 2.23 7.28 2.50 8.24 3.66 1.98
3.08 2.69 5.70 1.46 5.41 4.09 2.27 1.19 3.56 2.05
8.61 2.14 4.68 2.45 7.98 4.56 1.72 4.74 7.76 9.76
3.81 6.68 8.98 7.39 3.94 5.05 3.65 5.75 7.83 6.80
8.37 8.51 4.94 8.33 7.54 6.22 3.49 8.51 7.91 6.19
9.45 1.14 5.15 1.20 1.29 5.99 7.64 6.98 7.20 4.93
7.59 7.93 3.73 3.26 6.78 2.35 4.97 9.85 3.94 5.96
8.05 9.27 7.28 3.80 3.52 8.65 4.69 4.40 1.79 9.36
7.89 3.17 9.68 1.88 2.35 7.06 1.22 6.52 8.76 9.29
1.58 2.37 5.72 1.60 3.43 2.46 1.14 4.30 2.68 2.12
4.74 8.30 2.25 3.38 2.90 4.85 1.59 5.02 1.50 9.28
3.24 2.72 9.41 7.79 8.67 7.10 8.99 9.38 8.19 9.26
2.27 8.09 1.25 3.69 10.00 2.23 9.57 1.90 8.67 8.86
6.89 9.31 7.79 7.53 9.39 9.02 4.84 4.32 3.96 1.88
4.75 7.33 7.12 3.77 4.47 5.65 1.51 1.77 5.58 5.36
7.13 7.05 3.22 5.92 4.48 4.92 1.72 4.20 9.71 9.51
1.78 2.00 7.19 2.14 6.63 3.85 1.87 8.17 6.69 9.37
7.89 1.31 5.81 8.42 9.41 5.95 3.54 3.09 9.04 1.01
8.36 5.39 4.73 5.67 9.48 3.69 7.20 2.18 6.22 5.12
7.21 8.25 4.27 2.57 4.77 8.68 8.70 6.54 3.61 2.11
6.76 9.73 1.69 7.65 5.95 4.21 8.91 8.26 4.52 5.82
6.91 7.38 6.41 2.03 9.98 9.48 3.10 7.61 9.71 9.76
6.25 8.37 1.21 9.79 6.43 4.48 2.73 1.94 5.48 6.31
1.18 4.75 2.90 4.10 2.02 6.89 5.02 9.63 2.49 5.65
7.23 7.96 3.43 1.23 5.54 4.68 4.08 4.93 5.76 8.30
5.25 7.22 4.04 7.93 4.77 3.96 4.57 5.59 7.35 8.18
7.09 2.54 3.13 4.23 4.41 1.33 5.42 6.81 9.40 5.92
5.48 4.52 2.14 7.77 5.04 5.73 8.73 6.63 3.36 8.24
4.92 7.08 2.19 8.82 5.77 3.96 1.21 4.12 3.87 4.77
4.57 1.61 8.92 2.05 7.91 6.42 5.87 3.62 6.70 3.50
2.76 6.35 1.08 4.25 2.12 5.46 3.47 7.25 7.59 4.58
4.74 8.97 1.78 6.11 8.03 3.91 4.28 2.39 6.49 2.47
2.03 5.58 3.75 6.75 6.14 8.00 3.27 2.78 3.97 5.17
1.14 6.98 2.38 4.98 5.67 8.64 3.85 6.67 1.67 1.47
9.03 5.11 9.94 5.28 5.10 1.78 4.64 4.28 1.47 1.06
3.94 2.44 8.18 2.64 9.00 1.92 5.26 1.02 6.04 3.25
6.88 2.99 7.33 3.92 6.11 1.27 3.93 1.17 8.63 5.39
1.63 3.80 2.53 7.79 9.15 9.77 8.51 8.08 7.48 4.38
4.12 4.22 5.88 3.95 9.96 5.44 4.83 4.47 7.37 6.93
8.40 4.10 7.65 8.39 2.80 2.29 3.98 5.58 1.47 9.23
7.90 2.28 9.85 4.06 2.73 4.19 7.25 7.32 3.39 4.94
6.21 1.10 1.30 8.95 5.00 1.10 2.72 6.78 6.03 8.59
6.55 8.08 8.52 7.22 6.25 4.55 5.57 8.37 7.94 4.00
2.41 7.35 1.67 9.78 8.10 5.36 4.85 3.40 8.08 2.11
9.47 7.01 7.27 3.50 8.49 3.82 6.21 4.72 2.29 4.33
4.49 7.89 8.19 9.19 7.66 8.04 3.20 2.48 7.63 9.23
6.69 4.20 1.71 2.48 6.23 3.62 7.35 5.66 5.96 7.23
2.74 3.89 9.12 2.36 7.01 7.51 5.89 5.11 3.80 3.32
9.48 2.82 4.97 5.31 7.76 8.45 1.77 8.88 1.97 4.17
2.08 5.51 3.03 2.13 2.09 9.22 7.47 4.86 4.93 6.88
1.47 9.15 3.88 6.73 9.17 7.43 1.01 4.62 7.77 6.47
2.02 5.41 3.93 9.75 3.71 9.97 3.08 3.34 6.25 7.97
5.76 4.68 1.82 4.95 8.55 8.13 6.29 8.07 6.32 4.64
1.86 1.98 4.22 9.69 4.89 1.91 1.85 6.63 9.43 9.36
6.68 4.77 5.42 7.86 8.72 5.09 9.17 9.26 7.09 6.86
1.39 1.49 5.12 5.56 8.94 9.01 8.36 1.22 4.49 7.93
6.23 6.67 1.97 7.84 4.72 7.50 8.46 1.19 6.88 1.12
9.42 6.14 6.30 9.06 7.77 4.10 4.16 3.74 4.19 3.28
6.80 8.08 1.91 7.08 9.15 2.08 6.07 9.37 7.38 10.00
3.16 6.87 5.22 8.75 9.74 3.04 5.49 8.44 1.29 6.91
9.09 1.22 7.43 8.50 7.76 8.53 5.39 3.68 3.02 9.71
6.14 3.29 2.11 8.47 2.73 7.87 1.76 4.37 8.93 4.84
2.92 1.03 6.26 9.26 4.09 2.04 4.60 2.24 4.20 5.65
1.82 5.83 1.47 4.67 5.31 5.99 5.15 4.12 3.78 7.48
3.01 8.63 7.97 6.84 9.32 1.50 7.35 3.85 7.63 8.74
9.56 7.69 4.91 2.28 7.48 4.23 4.60 1.96 7.27 4.98
3.29 7.75 7.74 3.33 8.54 6.46 3.57 9.02 8.36 1.44
6.58 7.51 2.46 6.08 4.61 5.57 7.60 2.47 3.63 5.84
5.24 1.24 8.09 5.78 4.39 7.07 8.64 8.62 4.79 4.85
8.82 4.25 7.68 4.37 9.22 3.32 2.71 2.16 5.66 3.57
7.42 5.89 9.63 4.96 9.93 9.66 2.52 8.02 7.33 5.35
7.66 1.58 9.76 8.06 5.14 8.00 1.09 9.76 3.72 2.99
9.59 7.75 7.82 1.75 9.29 9.58 2.67 9.81 8.01 1.51
2.48 4.80 6.06 2.27 4.19 9.49 6.75 6.90 3.91 4.49
2.31 6.63 9.98 7.00 9.73 8.74 2.80 7.42 7.55 6.42
8.43 1.58 9.77 4.78 6.15 3.51 9.08 6.66 1.67 1.77
1.97 1.99 7.37 7.29 4.44 7.41 2.37 4.55 8.03 1.20
2.29 5.18 4.43 5.54 6.42 4.80 7.41 9.78 7.22 5.43
2.16 4.06 7.03 3.06 5.74 8.45 7.75 8.21 3.40 8.34
8.64 3.96 1.16 6.08 7.73 1.19 6.30 7.94 1.56 4.02
2.95 4.39 5.74 8.44 9.22 1.75 5.60 6.33 9.39 4.32
3.94 6.50 9.36 9.07 1.39 5.14 6.58 2.10 2.99 1.35
1.23 6.54 9.10 9.56 5.63 7.17 7.67 9.34 1.51 2.63
4.66 4.04 1.53 8.22 1.87 3.89 7.17 4.54 5.64 1.20
7.86 8.03 6.88 2.11 6.40 9.40 4.07 6.00 2.62 2.40
5.42 9.19 3.26 4.87 1.00 3.60 1.71 1.95 6.56 3.75
1.61 4.09 7.20 5.12 2.54 5.88 7.66 1.59 9.24 7.42
3.05 7.90 3.05 7.82 3.84 4.25 7.09 6.67 9.62 3.86
6.83 2.97 8.74 8.29 9.16 9.21 6.63 2.53 1.06 1.84
1.37 5.69 1.21 8.34 3.03 2.19 3.61 8.95 9.83 1.13
8.17 5.15 7.12 2.22 4.74 5.38 8.53 8.62 5.32 3.92
2.65 5.60 2.75 7.22 7.61 6.67 7.30 5.56 3.81 4.02
3.60 4.99 8.48 4.42 8.76 7.99 2.33 8.77 4.92 7.54
8.59 4.05 2.63 9.79 7.67 2.10 8.42 6.78 5.54 9.13
2.12 5.61 7.64 8.47 6.75 5.54 3.17 7.45 4.37 8.54
9.88 7.60 4.24 6.59 4.83 9.77 7.07 6.74 4.28 6.24
4.91 8.73 4.38 6.72 3.21 4.40 8.16 6.04 9.96 6.22
9.61 7.99 4.62 5.82 2.18 9.88 1.42 6.81 2.96 9.96
5.54 6.77 2.46 3.72 3.32 4.13 3.21 9.62 5.39 8.64
3.40 7.15 6.76 9.11 9.86 4.59 8.89 4.38 7.16 1.83
1.88 5.12 3.37 7.13 8.97 4.77 4.13 1.07 7.54 1.51
5.47 6.67 2.65 1.90 3.56 3.28 7.99 7.83 5.59 4.55
4.48 6.47 8.02 8.86 8.37 4.23 8.58 3.75 5.15 3.94
3.01 2.02 1.02 9.50 6.37 3.78 4.00 9.38 2.66 4.06
6.91 9.76 5.21 4.67 7.46 2.42 1.02 8.53 4.25 1.26
2.22 3.01 4.07 2.81 2.70 6.50 4.48 7.52 3.03 3.31
9.21 3.37 5.31 6.50 3.28 8.77 1.27 6.56 6.17 7.47
7.31 4.09 9.96 6.44 1.20 8.94 2.14 2.05 4.56 5.20
3.57 8.82 1.22 6.06 2.49 2.81 6.04 1.44 2.33 6.65
6.42 1.27 4.96 4.86 9.51 3.87 4.03 7.41 7.06 3.78
6.35 1.57 3.27 4.88 9.72 3.13 3.40 9.63 9.73 7.65
6.84 4.62 4.05 1.18 8.77 4.79 5.33 7.12 9.09 4.13
5.56 4.10 8.13 1.02 4.99 3.49 1.60 5.28 7.16 5.15
4.95 9.24 9.33 6.46 8.34 4.32 4.82 4.26 9.97 6.71
2.33 2.27 3.47 5.45 4.93 2.08 9.80 1.19 6.52 8.52
1.93 4.56 3.60 1.90 2.38 3.13 3.64 4.95 7.15 2.37
2.61 1.56 3.31 3.53 8.46 2.62 8.45 3.48 7.37 8.55
9.93 2.47 9.85 6.89 3.05 3.61 5.20 1.62 3.71 8.86
6.20 7.34 3.52 3.36 4.82 7.97 2.43 5.39 1.57 2.91
9.60 5.58 4.04 6.78 6.65 8.18 4.82 1.20 4.65 9.59
4.63 5.64 9.51 4.92 4.88 3.44 3.79 6.20 9.89 7.03
9.92 7.37 6.22 8.21 1.13 3.88 5.10 6.32 7.21 6.50
5.06 6.36 9.53 3.40 2.23 8.66 5.92 4.73 6.14 5.13
7.66 8.54 7.99 3.61 7.18 4.18 9.41 1.96 8.44 6.94
8.60 4.23 7.77 2.74 8.91 7.74 9.47 5.88 6.26 8.22
6.29 3.98 7.34 9.63 6.09 7.50 4.99 6.56 8.60 6.01
3.81 8.76 9.72 6.68 6.68 6.49 4.94 4.49 2.58 5.99
9.43 5.71 9.23 9.04 4.19 8.93 4.43 5.68 2.31 9.30
4.34 7.24 9.00 1.74 2.68 3.35 9.56 2.72 5.24 9.04
6.37 5.57 1.73 5.34 6.22 8.03 7.48 5.15 1.57 5.42
7.25 3.63 6.73 9.11 6.45 3.27 2.24 1.86 7.39 5.99
3.12 8.49 8.47 7.47 2.11 6.67 3.32 6.83 1.59 1.91
6.49 6.59 6.95 2.73 5.15 4.75 1.77 9.13 7.13 8.58
2.96 2.14 9.60 8.00 8.96 8.44 7.36 9.67 7.27 7.05
4.76 10.00 8.86 1.97 3.67 8.39 3.08 2.51 2.33 9.08
2.48 7.04 7.85 1.49 8.69 6.87 1.49 1.11 9.14 8.67
3.96 5.44 4.93 1.67 9.28 4.60 9.44 5.20 1.37 8.83
6.83 9.15 8.56 1.79 5.79 1.91 4.76 7.51 8.33 1.32
3.51 2.52 4.05 5.23 3.86 3.41 1.08 4.07 2.89 7.93
7.78 1.10 4.19 2.56 2.12 6.33 8.34 7.32 6.80 3.59
8.69 5.29 7.71 4.71 6.56 4.71 2.72 8.97 2.51 1.72
6.33 2.04 7.51 5.07 6.28 2.63 4.82 1.19 5.04 4.46
6.94 2.69 2.82 9.03 8.53 3.14 6.68 2.16 4.21 2.45
6.76 2.26 2.87 1.98 4.91 4.65 2.75 6.58 7.66 1.52
9.14 9.15 2.22 5.92 2.05 2.72 2.20 9.81 3.34 2.40
2.97 8.77 8.26 8.31 9.20 2.09 8.59 2.33 9.28 2.90
8.26 4.04 1.26 6.82 3.68 7.40 6.31 8.06 8.84 7.52
9.70 4.86 5.57 8.20 7.68 1.55 8.02 6.14 5.67 8.82
2.90 8.70 5.09 5.48 5.18 8.03 1.53 5.37 7.16 6.40
8.76 8.80 1.91 1.79 9.67 2.70 1.47 1.24 1.21 6.23
4.32 2.71 6.19 9.85 9.20 6.57 3.18 2.42 8.84 6.59
7.03 3.86 3.13 2.50 9.67 1.15 6.16 4.60 4.60 3.46
2.70 6.66 4.11 5.19 8.61 8.36 2.65 9.55 4.20 1.74
9.79 6.48 3.41 4.06 4.37 2.94 5.05 4.59 6.58 6.20
9.99 8.39 6.94 4.70 5.45 8.19 3.88 5.53 4.63 1.01
6.85 7.43 3.10 6.49 9.41 1.33 2.15 7.31 4.87 5.39
2.45 8.35 1.83 2.05 6.48 2.26 7.34 4.54 6.95 8.25
2.50 7.65 7.11 8.22 3.09 1.27 5.48 7.25 9.05 7.75
4.98 1.65 5.17 6.96 6.11 5.63 8.19 9.96 9.52 2.08
2.57 1.37 7.11 7.17 9.61 6.28 4.83 6.54 3.57 2.00
3.83 3.98 4.32 4.74 8.75 5.87 9.74 4.08 9.57 2.22
5.36 8.90 4.10 1.04 5.83 9.54 8.46 2.43 2.79 5.97
6.46 6.75 2.92 5.57 4.01 8.35 9.89 3.93 1.32 7.19
6.49 8.55 8.26 5.21 9.84 9.59 6.04 3.07 8.41 5.90
6.31 2.87 2.27 9.08 1.61 7.95 8.89 6.77 2.26 9.93
3.18 2.81 5.16 5.37 7.41 6.58 8.52 3.50 6.30 5.01
6.37 9.88 8.61 2.80 7.04 7.19 9.28 5.92 2.22 5.53
9.59 7.69 4.54 8.13 7.99 4.80 8.39 9.09 3.47 2.07
4.60 1.51 9.26 5.77 7.10 6.94 4.74 3.50 4.13 6.78
3.55 1.61 4.07 8.80 5.92 4.68 7.51 4.10 4.49 3.33
4.48 9.40 6.41 8.04 6.15 8.45 3.11 3.38 5.82 1.56
2.92 4.69 4.80 1.12 1.28 4.80 7.76 5.18 1.19 9.64
9.37 9.06 2.20 1.67 2.94 5.80 4.21 9.21 2.15 2.13
2.43 3.69 4.47 7.79 5.09 9.15 5.64 2.41 7.01 3.71
3.25 8.88 2.62 8.82 9.84 9.09 8.47 9.59 8.83 1.71
3.46 4.39 1.69 5.25 9.27 7.17 3.11 8.57 8.14 7.66
6.04 7.53 2.54 8.92 5.48 9.08 6.64 2.88 4.19 1.34
4.39 9.88 7.97 3.02 3.17 9.63 8.35 2.54 1.75 7.32
4.16 9.24 9.10 4.51 2.89 1.91 4.66 8.61 9.28 3.64
9.68 7.36 6.27 2.70 3.74 6.06 9.68 8.69 9.17 2.55
2.35 6.53 4.06 5.07 5.30 7.35 3.67 4.99 9.23 4.68
2.92 5.43 2.20 5.64 5.17 7.05 6.78 1.19 2.09 9.22
6.42 4.13 8.07 9.71 8.17 5.15 6.19 3.65 9.08 6.53
4.48 3.69 5.58 9.80 5.01 4.55 1.13 4.64 5.26 2.38
1.86 1.11 9.87 4.33 9.93 7.73 8.79 9.82 3.94 1.73
6.94 6.46 3.69 9.42 3.03 4.61 9.70 5.33 3.57 9.37
7.61 6.59 2.82 1.15 5.42 6.02 3.26 7.06 6.17 8.00
6.27 3.03 6.87 9.77 5.96 2.10 1.66 1.33 2.24 1.56
2.51 5.45 4.43 2.15 3.84 8.14 1.38 8.56 7.10 8.92
5.47 9.19 3.64 4.32 8.54 9.45 3.55 9.53 5.34 1.78
9.87 7.85 9.56 4.48 1.45 8.31 9.51 6.25 4.19 9.61
9.52 2.89 4.38 9.65 6.93 3.97 7.79 6.79 7.33 6.87
3.80 3.52 1.76 4.12 3.91 5.99 3.78 8.95 7.44 4.06
8.68 9.95 5.53 4.42 3.30 7.20 3.04 2.21 4.17 8.92
1.81 1.57 2.03 8.33 3.05 6.58 4.76 5.57 4.71 1.29
7.81 6.25 6.26 8.00 1.55 6.44 5.97 2.40 3.47 6.44
2.98 6.49 7.26 9.76 6.36 8.57 2.19 9.28 5.82 2.29
6.49 7.88 8.52 3.46 9.86 5.28 6.63 1.37 5.31 6.91
2.35 3.47 1.57 5.09 4.00 5.47 9.86 7.60 9.07 3.08
4.32 9.00 1.23 7.01 2.91 7.17 5.46 4.82 1.31 3.54
5.55 5.27 4.15 8.84 9.20 8.30 1.68 4.19 7.09 5.80
8.79 9.70 5.09 6.29 2.08 1.58 2.69 4.75 5.86 8.63
3.63 8.62 2.01 7.85 8.52 7.05 7.20 1.85 2.09 5.53
9.13 7.28 5.51 3.93 3.31 7.71 4.87 6.30 3.82 8.27
2.37 6.15 2.74 4.55 7.95 7.49 9.80 3.95 4.38 3.36
2.90 3.48 7.25 8.11 3.59 3.65 7.78 2.41 3.66 3.05
2.55 2.48 3.14 4.21 2.51 2.94 6.33 9.28 7.30 5.32
6.81 5.90 8.17 5.69 9.36 6.62 8.41 6.46 8.63 1.85
1.60 3.93 7.21 8.56 1.16 3.02 8.84 9.91 2.90 4.87
5.79 3.66 1.56 1.42 7.60 8.53 7.39 8.24 5.80 2.54
2.67 8.99 7.97 4.65 2.56 9.31 9.69 1.63 7.16 5.18
8.94 5.59 8.31 4.62 6.13 9.83 5.39 5.79 1.98 8.99
7.30 1.21 1.86 5.34 9.13 1.34 3.78 9.27 8.27 8.06
6.81 9.35 2.46 6.00 4.78 7.46 2.80 4.14 6.60 9.20
1.36 3.62 9.07 9.12 3.10 7.93 5.81 4.73 4.46 1.82
4.95 4.12 2.53 8.18 4.70 7.36 1.02 6.19 2.43 2.96
7.72 9.20 8.25 4.67 4.34 8.21 2.96 1.51 1.62 6.66
6.58 4.61 3.07 8.87 7.09 4.01 6.95 6.75 9.69 2.90
5.05 7.98 6.91 1.88 6.40 5.00 2.65 6.82 1.72 7.25
7.06 9.63 2.65 6.44 1.44 1.81 5.25 6.72 4.90 5.33
5.06 8.61 2.63 3.22 9.04 9.56 3.65 2.80 6.13 2.08
7.42 2.22 6.44 3.95 8.42 1.68 6.10 9.15 1.68 5.12
3.91 9.25 4.25 7.86 8.88 4.91 8.18 7.29 6.71 8.16
6.39 2.13 3.52 1.82 7.15 4.77 1.18 5.79 6.94 4.88
8.17 5.11 4.38 5.43 9.57 6.60 5.11 6.28 6.66 4.61
1.39 3.78 2.76 4.95 4.88 6.01 8.13 3.68 5.12 5.39
2.63 1.79 4.89 6.26 3.20 1.83 6.93 4.42 6.48 7.73
8.76 7.88 4.86 9.58 3.79 3.66 9.26 8.47 4.13 1.02
2.94 7.32 9.74 6.87 9.09 5.80 2.82 3.42 6.48 1.41
9.03 2.41 4.76 4.44 2.31 8.86 2.33 1.97 3.78 6.55
6.62 2.74 3.03 6.22 3.14 3.38 7.57 3.85 8.90 9.85
4.81 4.80 9.10 5.33 7.52 9.44 5.87 3.93 4.30 3.54
8.46 2.35 5.17 3.19 1.21 9.84 3.39 2.82 5.70 6.13
7.18 6.28 2.87 9.41 9.84 5.48 8.99 9.77 1.13 9.35
9.45 9.24 6.03 6.95 9.27 2.66 7.25 1.43 6.21 6.31
8.76 2.57 6.84 6.88 2.69 4.66 1.56 5.30 3.03 2.05
9.36 3.81 6.55 3.38 5.68 7.12 1.68 4.44 1.28 9.04
1.79 7.65 9.14 3.61 5.54 7.61 7.01 2.99 7.54 2.91
3.97 5.78 7.33 8.25 8.27 4.89 9.76 7.31 4.15 4.44
8.38 6.31 2.07 7.67 3.90 2.23 1.43 7.22 8.69 1.59
9.27 6.97 8.40 2.69 7.57 4.89 4.95 7.84 1.51 4.01
7.69 2.49 5.88 8.16 3.92 1.29 5.85 4.06 1.72 8.12
7.64 8.58 7.77 6.43 7.67 8.15 4.95 4.06 9.35 7.87
6.04 2.43 3.56 6.26 5.18 5.07 7.12 8.92 2.32 3.27
9.65 3.76 3.24 7.06 9.12 7.49 3.88 8.01 1.30 6.44
3.10 7.20 1.06 1.93 8.09 5.35 8.60 9.35 8.21 8.43
9.59 8.19 8.79 1.95 8.27 5.94 6.51 4.48 6.67 8.10
2.88 7.76 7.94 9.35 2.54 2.37 7.12 2.05 5.95 7.38
7.58 5.68 9.87 7.52 2.15 2.65 7.52 2.40 3.98 5.84
2.46 3.17 6.16 1.63 3.13 7.68 4.20 7.58 9.66 8.80
2.74 6.36 7.91 1.54 9.83 2.57 7.90 9.12 6.14 5.92
4.04 3.54 3.38 3.98 6.67 1.12 6.44 1.43 9.56 3.51
3.28 5.13 1.14 3.61 9.61 4.83 9.98 2.68 5.28 6.05
4.75 8.37 7.56 6.43 4.75 3.17 2.48 4.74 1.93 4.54
4.10 9.10 2.15 9.55 5.01 9.79 3.48 3.87 7.17 7.88
5.89 8.24 8.94 6.03 2.08 3.18 4.71 6.71 7.87 1.85
6.37 6.73 1.83 5.06 3.79 3.38 1.78 1.90 9.45 4.81
8.53 9.82 8.88 8.94 8.89 1.68 5.71 4.01 9.32 1.39
4.20 3.65 7.92 9.61 8.04 8.96 3.63 4.00 3.83 6.73
2.48 9.79 9.26 6.25 4.95 9.53 5.62 9.26 1.31 4.91
1.03 2.83 9.30 6.34 2.95 1.76 7.45 2.59 5.21 5.08
1.70 3.26 1.63 3.98 7.94 9.54 3.80 8.21 2.66 9.85
9.40 5.95 3.84 6.12 3.28 8.96 9.92 3.92 8.37 1.61
7.78 7.74 6.08 5.34 4.37 8.54 8.01 9.17 1.16 9.52
6.34 2.80 3.26 2.31 7.68 5.61 5.43 2.53 6.23 9.11
6.95 7.62 9.73 9.81 7.15 1.50 8.10 8.52 6.39 5.49
5.56 8.53 5.07 8.05 2.65 3.00 5.98 3.96 7.86 6.82
9.39 3.02 6.85 2.58 7.41 3.39 3.93 5.61 4.73 9.90
2.37 2.92 4.32 8.51 4.02 3.00 8.46 9.68 1.38 4.30
3.08 8.24 4.94 2.02 8.81 1.88 5.38 5.46 1.73 7.44
2.94 7.20 4.06 4.19 6.78 6.27 9.58 7.16 9.31 7.65
9.80 9.69 2.46 9.94 3.81 2.12 2.69 2.73 3.24 4.89
2.57 9.49 6.35 7.31 5.39 6.99 4.82 7.45 6.98 3.94
6.49 2.32 6.30 5.38 9.17 1.52 7.29 7.47 8.13 9.30
2.20 3.66 2.91 7.98 2.75 1.78 4.10 1.97 6.79 4.10
2.87 7.25 3.73 5.38 3.49 7.75 4.66 8.07 4.45 7.06
7.50 5.08 1.30 9.03 9.42 8.16 2.74 6.81 4.42 6.47
6.15 8.96 6.76 3.88 4.02 4.16 4.06 5.97 3.14 8.32
8.84 2.69 8.71 9.32 7.61 9.81 3.06 2.73 4.29 6.75
3.59 4.01 6.92 9.44 5.69 5.85 2.70 6.48 1.39 2.41
7.81 2.71 8.68 2.55 4.57 9.77 8.20 9.20 3.99 9.67
6.23 9.91 9.64 7.97 9.89 9.89 9.68 1.47 9.69 4.72
2.71 7.05 4.56 4.56 2.29 2.17 3.48 8.77 5.31 7.17
4.42 1.52 4.71 3.57 8.76 4.66 5.05 1.46 2.60 8.13
9.37 1.26 1.34 7.11 4.02 1.32 3.10 6.41 1.97 2.15
7.63 5.43 9.57 8.47 4.97 1.78 5.54 8.98 7.32 7.37
4.62 7.92 3.75 9.40 5.88 7.10 6.94 4.32 1.98 3.08
4.36 6.98 6.27 9.98 4.41 3.00 1.81 8.61 3.16 7.33
1.99 6.68 5.04 1.24 7.32 9.48 6.92 7.11 8.45 2.36
9.68 9.56 8.22 4.68 1.87 3.00 7.29 4.81 5.81 3.83
5.81 4.33 4.53 8.52 2.15 2.53 3.16 5.50 4.55 7.82
5.88 4.21 2.71 9.81 1.44 8.53 5.38 6.78 9.23 5.11
4.20 9.05 9.10 8.31 8.17 3.31 1.14 2.22 6.37 2.68
1.15 9.02 1.84 1.32 6.76 3.14 9.47 2.94 7.86 9.10
5.49 1.88 4.12 4.01 1.37 2.53 9.37 3.58 5.46 1.85
1.95 8.65 7.54 8.45 6.85 4.59 3.84 9.80 4.74 5.19
4.44 9.92 8.30 2.79 9.73 7.83 4.63 2.85 5.01 9.33
9.04 4.94 2.39 5.47 7.32 3.28 1.48 9.47 3.72 3.53
1.39 3.13 8.27 1.95 6.44 4.45 6.70 5.41 4.15 8.32
2.90 8.47 3.27 1.15 3.76 9.83 1.91 2.30 3.70 5.08
2.11 2.00 1.80 8.59 6.53 9.24 6.97 2.07 9.53 4.41
1.22 1.42 4.42 8.35 5.29 3.52 9.35 5.38 5.02 4.22
1.62 2.00 4.19 5.89 3.79 7.78 9.63 1.49 8.37 1.16
1.74 1.64 7.13 3.52 3.01 5.45 8.22 6.78 7.35 5.66
4.30 5.37 9.64 1.08 3.52 8.20 7.08 4.57 2.32 8.88
1.27 4.97 4.36 9.11 6.09 7.90 2.20 6.88 1.78 7.22
4.80 7.28 8.84 7.90 1.60 7.31 5.82 2.48 6.59 2.96
4.24 9.51 2.29 7.28 7.47 7.07 9.25 9.83 1.52 2.03
2.88 9.72 7.89 4.19 6.28 9.87 3.14 2.64 1.88 9.98
6.32 2.18 2.87 8.10 3.35 4.83 7.20 8.95 1.16 3.56
2.09 3.70 1.08 8.11 8.53 5.31 6.94 9.52 9.37 6.70
8.12 9.17 2.63 1.57 1.79 9.96 3.98 1.83 6.60 6.40
9.00 6.00 4.84 3.73 1.42 7.64 8.16 8.04 2.87 5.67
1.32 6.85 5.18 8.84 9.52 9.33 2.56 5.22 3.80 9.19
3.47 2.13 3.53 4.06 5.38 2.86 5.89 8.02 3.99 2.48
5.44 3.47 2.14 4.46 8.41 7.08 1.90 5.44 5.35 9.59
2.14 9.12 3.83 4.66 3.44 7.07 1.90 3.34 4.98 5.99
1.81 5.84 4.48 8.18 2.45 9.27 5.84 7.01 9.63 1.45
7.10 5.05 1.83 2.74 1.16 8.92 6.94 7.62 4.77 9.09
9.44 5.94 6.46 2.92 4.46 4.13 6.28 1.19 6.38 6.75
7.54 8.08 6.19 5.80 8.16 5.62 9.94 5.99 5.15 6.36
3.89 9.06 3.56 8.07 3.40 2.00 6.59 5.11 5.30 5.93
1.03 3.01 1.97 7.01 2.18 4.85 9.73 3.95 5.72 3.04
1.05 5.87 3.61 2.16 6.88 5.01 8.57 1.29 6.76 4.04
5.98 4.90 2.48 2.45 4.91 6.15 6.37 8.81 2.90 8.11
3.51 4.23 2.31 8.54 8.83 9.23 7.56 2.69 6.59 6.16
1.83 1.04 5.03 3.20 9.06 9.66 7.73 1.96 9.61 6.24
1.92 4.94 6.21 5.15 5.78 4.24 3.54 6.01 1.18 9.46
6.11 8.87 6.18 5.02 6.70 5.78 4.03 3.57 9.06 6.72
5.96 3.71 6.59 1.84 7.90 6.19 9.73 8.06 9.87 5.50
1.64 8.62 4.97 5.58 5.03 4.39 3.28 2.69 3.08 1.41
3.53 1.10 4.48 3.01 2.64 6.63 5.24 3.87 3.20 4.72
7.85 2.04 5.99 9.40 3.63 5.40 1.33 6.74 6.53 1.77
5.19 6.92 2.04 5.39 3.26 2.66 7.79 4.47 4.05 7.72
8.55 5.83 7.90 9.41 4.33 6.99 6.54 1.71 5.86 9.49
9.01 2.40 9.56 3.74 8.58 2.68 2.66 6.16 8.56 4.77
8.37 2.49 7.45 9.12 7.23 1.26 2.46 1.77 2.20 4.33
9.55 3.68 9.63 8.27 1.67 5.01 2.66 2.28 7.40 7.36
6.66 1.30 8.06 9.99 8.91 7.98 7.90 2.34 2.49 9.13
7.40 1.06 8.65 8.30 1.13 8.70 6.20 5.78 9.97 1.50
6.86 4.76 5.20 5.78 3.58 1.16 7.62 8.79 9.21 8.65
3.79 2.19 6.41 2.61 7.91 4.01 8.53 4.15 8.68 7.16
6.21 3.47 9.25 2.88 3.59 8.42 1.16 2.81 7.95 4.06
5.74 7.74 8.28 9.96 3.38 9.87 3.50 5.85 9.38 1.13
2.18 9.04 4.59 2.48 5.86 8.51 7.46 2.85 1.25 3.37
2.07 9.22 1.41 7.25 5.21 4.15 9.02 2.53 2.80 9.87
7.84 5.50 2.64 2.01 3.45 2.67 1.20 8.92 6.08 3.02
9.95 8.56 7.55 3.61 9.12 8.54 7.77 6.99 7.14 9.97
2.47 3.77 7.66 5.19 9.27 8.53 3.27 6.11 7.27 7.15
2.67 9.39 6.82 6.92 7.20 1.46 2.17 8.99 3.87 5.86
8.17 5.26 2.60 5.48 6.40 4.52 2.66 2.60 2.71 1.51
3.13 8.65 5.52 4.27 8.44 5.98 5.94 6.82 3.62 6.49
9.07 3.67 4.16 3.87 9.39 4.78 3.26 7.87 2.98 9.39
5.45 3.33 6.13 9.19 7.65 7.03 9.71 9.73 3.66 8.19
2.82 3.44 6.83 8.62 3.65 3.03 9.24 8.36 8.29 3.10
3.05 3.74 9.27 7.10 1.84 7.37 4.27 2.12 5.34 3.60
9.84 5.86 2.97 7.65 1.48 7.37 7.96 4.90 3.24 4.12
3.69 9.17 8.48 1.83 8.00 9.38 9.66 5.72 5.13 8.12
8.43 9.74 7.22 7.62 9.09 5.34 7.72 1.45 4.28 4.41
2.67 1.95 2.65 5.70 1.34 4.67 5.50 8.95 8.21 1.35
8.53 5.84 8.87 4.69 3.26 9.96 2.72 3.30 1.96 9.04
2.16 9.57 2.69 5.75 5.57 9.77 1.93 5.35 2.32 4.89
8.00 9.92 2.44 1.52 3.40 4.60 9.86 9.26 9.41 6.40
6.13 1.19 8.93 8.60 1.95 1.47 4.54 1.22 1.06 9.40
2.50 3.98 5.47 1.24 2.59 3.39 1.36 4.85 4.19 6.60
9.73 8.37 6.93 3.28 2.11 7.28 3.45 8.77 2.65 1.15
6.75 9.58 1.57 7.11 5.90 9.42 2.51 2.98 1.32 5.49
1.99 7.20 3.72 3.15 3.42 6.05 5.26 5.56 7.30 2.87
8.09 6.54 3.09 2.52 3.62 4.45 7.26 8.32 9.67 5.31
3.15 2.98 8.12 6.20 5.03 2.94 3.13 3.58 7.73 6.92
1.67 9.72 9.39 2.11 8.31 6.85 9.20 8.11 5.74 8.80
5.91 5.71 9.01 4.49 3.01 3.00 8.52 2.31 2.89 6.76
1.87 9.91 8.49 1.09 2.95 9.63 9.01 6.71 8.00 6.25
1.60 3.88 2.18 5.91 2.78 3.89 5.16 1.56 5.41 4.99
2.30 4.20 8.75 3.07 9.28 7.55 6.95 8.78 6.81 8.11
9.47 5.13 7.40 3.58 9.13 8.79 7.56 5.93 9.85 6.73
2.37 4.54 6.80 4.47 1.59 5.95 7.49 3.80 3.87 1.24
8.53 7.60 9.42 7.88 9.11 1.72 6.21 4.11 4.19 1.31
9.15 5.61 6.47 2.41 2.93 7.96 3.08 5.11 9.35 8.62
3.43 9.36 6.91 9.78 6.16 9.91 2.93 3.07 1.95 2.73
1.65 7.69 7.67 7.36 7.37 5.07 1.08 8.89 9.53 3.81
1.76 1.36 9.55 5.34 6.03 3.32 2.23 7.04 7.87 4.11
2.94 1.05 5.71 9.17 2.31 8.40 1.19 8.50 8.82 8.98
7.25 8.80 2.37 9.19 7.72 9.56 6.98 9.11 7.47 5.84
8.96 1.85 1.04 5.23 4.04 9.80 9.18 4.82 6.65 2.36
3.59 6.09 5.53 6.05 2.69 2.76 2.67 9.15 2.96 9.23
2.73 4.78 5.08 8.61 8.54 2.76 6.37 3.10 2.82 1.24
5.67 9.10 5.69 3.27 3.75 5.40 5.89 6.17 5.75 5.47
4.77 1.48 7.69 5.79 5.56 7.24 5.71 9.31 9.18 8.90
7.95 9.47 6.67 5.23 2.66 2.99 1.30 4.90 3.57 9.71
9.96 1.28 9.69 8.77 2.64 9.10 4.66 2.01 7.75 6.22
5.36 4.58 1.15 9.67 1.80 7.11 5.06 5.08 4.44 2.96
7.98 2.21 9.28 8.83 6.42 7.24 9.97 8.34 1.17 5.80
2.91 1.47 8.46 4.30 6.88 9.84 4.63 5.08 9.21 9.91
8.53 4.11 2.87 4.56 8.11 3.52 8.85 9.34 9.72 6.00
1.78 3.71 5.95 7.74 2.78 2.93 3.44 4.15 4.68 6.25
6.75 9.64 1.98 1.89 7.25 2.08 5.36 6.50 6.07 6.25
6.18 4.37 2.70 4.80 3.59 3.15 5.53 7.36 4.36 2.41
9.28 8.16 7.47 5.41 1.29 6.90 5.46 6.39 2.42 4.59
7.76 7.98 2.28 4.72 1.65 6.21 1.39 6.64 1.11 2.01
6.70 4.74 7.71 1.07 5.48 2.31 9.84 6.26 6.96 1.94
2.95 7.93 3.42 8.21 9.53 8.30 8.28 2.92 1.83 1.43
1.68 9.67 4.66 3.20 9.54 7.61 9.33 6.39 4.07 5.48
7.65 5.91 6.72 7.02 6.29 1.90 5.15 7.62 7.13 9.86
2.73 6.15 4.38 7.03 7.34 9.41 1.45 7.94 5.36 5.01
8.18 1.45 7.99 3.54 1.13 6.62 7.95 9.50 6.54 4.00
8.88 7.41 7.28 7.63 3.04 4.37 1.66 6.84 2.70 5.27
6.53 7.59 3.09 6.39 4.28 2.95 5.92 3.24 8.51 9.33
1.00 6.80 9.52 1.85 2.35 6.43 5.43 3.83 7.34 2.69
1.58 1.72 6.47 3.85 7.08 3.42 8.48 7.45 4.02 3.60
3.93 8.65 4.48 6.57 7.16 6.60 6.35 8.73 9.94 3.75
4.66 3.12 1.70 9.10 6.23 1.63 4.19 8.95 8.62 4.22
4.53 3.49 1.19 4.43 3.80 6.59 1.74 7.07 2.27 4.30
5.47 9.30 4.34 8.27 2.93 5.96 9.22 3.65 5.53 5.58
2.16 7.11 8.01 1.37 3.44 2.10 9.91 9.91 4.14 1.55
3.61 1.25 1.62 8.01 6.68 1.87 6.83 2.40 2.62 5.36
8.16 1.23 4.46 5.54 9.13 7.78 1.70 6.69 7.07 8.40
5.41 3.36 4.45 2.68 3.93 4.41 9.35 4.57 5.53 2.15
7.75 9.87 9.21 2.84 6.87 1.34 7.41 7.53 2.77 2.50
5.88 9.23 8.26 2.54 4.23 3.24 5.90 1.39 8.34 3.32
7.52 2.33 4.22 6.83 9.16 6.88 4.92 2.37 7.41 4.98
7.71 2.06 1.37 6.90 7.96 1.40 3.39 1.11 3.04 9.30
5.67 3.07 5.31 4.52 6.36 5.16 5.84 2.96 4.04 4.39
2.90 9.44 4.27 1.58 5.76 7.83 8.55 4.99 9.94 4.82
3.60 1.83 3.11 4.73 4.39 3.61 6.40 3.48 3.17 1.84
4.08 7.37 6.59 3.50 6.18 5.70 5.70 8.44 7.72 3.18
3.61 9.92 7.47 6.56 3.51 6.65 7.24 8.69 3.69 8.23
3.09 5.71 1.00 5.32 2.41 2.09 6.54 1.66 7.23 8.91
6.05 3.07 8.85 4.93 6.67 1.03 5.75 1.92 9.99 5.21
8.46 2.38 8.61 2.07 2.64 6.31 8.29 5.04 9.86 1.54
9.54 4.59 8.96 4.05 2.53 4.71 8.00 6.37 3.30 9.12
6.13 6.44 1.30 8.36 2.81 3.32 1.00 8.22 4.00 1.25
6.52 6.26 3.96 6.11 8.84 7.96 5.31 7.41 5.20 7.52
7.45 3.98 2.94 4.72 2.78 1.66 8.90 9.54 5.70 7.23
6.08 1.56 4.24 9.70 2.54 4.52 9.22 7.55 3.75 9.66
6.94 5.88 4.61 2.21 5.65 9.95 9.51 4.92 5.59 8.29
3.39 1.55 1.96 7.95 8.83 3.10 9.50 6.20 6.84 8.72
7.59 1.23 6.19 6.37 5.95 2.99 6.36 8.61 5.23 3.19
7.18 1.62 2.97 1.43 4.76 8.80 6.58 3.74 6.54 8.62
9.72 1.03 9.75 4.34 5.53 8.92 9.71 3.23 9.97 9.04
7.40 9.91 6.76 5.08 4.79 9.33 9.96 1.12 9.19 4.43
1.68 4.03 2.08 8.30 3.08 8.89 9.74 8.82 8.77 2.53
8.19 7.48 5.91 2.83 9.69 3.85 9.18 9.09 3.02 2.54
7.77 8.31 1.75 8.77 7.75 6.66 8.32 7.34 7.48 2.38
6.97 9.73 4.15 7.86 7.05 1.31 1.56 3.30 2.29 3.32
2.28 9.14 9.92 1.46 3.08 2.64 7.11 8.68 8.90 9.01
3.20 9.34 9.15 3.65 9.24 6.16 10.00 6.14 5.22 6.99
2.93 1.94 7.89 5.44 8.91 5.27 4.60 4.65 9.38 4.29
2.75 1.95 5.37 3.56 4.53 4.86 3.67 6.27 6.48 7.53
5.72 7.77 8.02 2.79 2.61 8.25 4.25 9.46 9.50 1.01
9.11 2.19 6.80 3.18 4.61 9.72 7.63 9.23 3.32 4.54
7.46 8.10 8.41 4.68 9.22 9.34 4.56 7.03 9.32 8.00
4.86 4.73 4.26 2.64 7.35 7.16 5.83 3.46 8.58 7.80
1.93 1.10 7.02 4.26 6.28 6.02 9.83 2.31 5.62 8.08
7.72 6.10 8.71 7.33 9.47 3.81 9.10 9.12 7.23 1.66
8.61 2.98 4.11 1.15 8.51 6.71 2.99 1.91 3.23 2.94
6.59 4.64 7.40 9.18 7.45 3.09 8.69 4.94 6.20 3.28
5.77 1.36 8.26 9.98 2.03 6.20 7.18 3.63 5.08 9.04
8.10 5.76 9.62 7.14 5.04 8.79 7.10 1.60 8.00 8.99
8.73 5.13 2.42 5.27 8.42 6.74 8.61 4.69 1.75 3.83
8.14 3.00 6.67 9.55 4.15 4.01 2.84 2.98 3.73 3.61
2.65 2.64 9.91 6.63 2.13 6.27 2.71 7.01 9.01 3.66
6.18 6.33 8.03 5.17 7.03 9.92 9.47 1.67 8.51 4.22
9.44 5.79 8.70 9.21 4.97 6.84 5.80 5.06 4.15 7.40
5.32 1.72 1.85 4.75 3.21 4.01 4.57 7.97 1.27 9.31
5.62 4.25 8.42 9.79 5.40 5.88 3.61 2.63 9.37 9.26
7.84 4.99 4.86 3.64 7.62 3.68 6.04 9.23 2.06 8.61
2.74 8.20 6.08 2.61 6.43 3.82 6.56 8.71 1.66 2.28
1.04 5.09 7.88 9.54 9.29 9.11 6.48 9.31 4.14 1.29
5.20 9.26 6.58 5.45 1.28 6.18 9.62 7.68 7.41 4.65
5.71 2.23 8.61 9.42 4.10 8.87 9.46 5.07 6.69 3.57
4.03 3.22 5.87 3.16 4.17 7.41 4.29 5.96 6.89 9.81
4.74 1.84 6.86 5.90 8.21 6.56 7.37 9.88 5.95 7.45
6.44 4.89 8.58 4.62 8.91 7.54 2.24 1.25 3.17 8.99
4.17 2.74 9.67 5.95 1.05 3.65 4.57 4.37 6.54 9.73
3.77 6.88 5.57 4.58 9.60 4.14 2.87 8.66 9.32 4.19
1.79 3.96 1.67 8.80 1.60 3.00 3.43 4.30 9.57 9.94
1.60 7.20 9.02 1.33 4.10 7.44 7.83 9.95 8.33 1.94
7.47 9.84 1.14 9.04 2.49 3.82 6.31 2.49 3.26 1.57
8.55 3.92 3.59 9.20 6.49 4.00 3.75 2.20 7.19 3.78
8.65 7.49 7.72 8.81 8.43 4.98 7.22 2.22 2.11 3.20
6.17 5.53 9.70 6.42 2.92 9.10 7.90 1.01 8.93 8.34
2.47 1.84 8.06 4.07 4.80 2.66 1.81 4.17 1.61 8.37
6.67 5.46 8.15 8.56 5.99 3.49 7.89 8.92 6.31 6.27
8.72 6.38 4.42 3.70 9.86 2.90 5.68 2.19 9.29 4.94
7.62 5.98 1.98 7.24 4.19 1.58 4.15 4.89 6.06 7.00
2.27 1.67 5.37 1.46 8.64 8.77 9.06 9.37 6.42 3.78
1.43 6.29 1.35 1.48 3.38 2.37 3.43 8.93 2.37 8.61
2.86 8.90 1.32 9.69 7.12 4.63 6.89 2.60 3.35 5.14
1.72 2.99 2.71 2.24 3.57 2.55 8.31 8.09 8.20 6.48
3.48 5.59 5.04 7.98 4.29 8.79 2.51 7.28 1.37 6.53
2.27 8.12 1.90 8.89 8.28 8.15 4.53 2.83 9.76 2.59
8.54 3.64 8.39 9.08 8.90 1.42 2.78 7.76 7.53 4.44
4.85 1.26 5.80 8.17 9.45 8.47 4.98 6.99 2.07 9.10
9.01 7.65 6.65 9.40 4.01 2.22 6.60 8.47 7.11 3.08
7.91 8.50 3.50 6.37 7.35 4.74 8.25 3.32 5.07 9.15
9.01 5.78 7.44 3.55 7.85 7.43 9.87 2.60 6.51 9.06
5.62 3.94 4.77 2.10 5.74 5.19 7.46 5.75 9.77 9.23
8.64 4.59 7.64 4.09 4.98 8.38 3.62 6.43 2.21 7.57
9.99 1.29 3.44 9.61 5.63 8.43 9.87 3.48 4.13 7.69
9.86 8.48 1.43 2.80 5.15 1.67 8.66 4.19 8.36 2.50
5.70 3.20 3.51 8.64 6.48 3.42 8.94 2.51 7.88 7.95
2.28 3.76 9.73 2.02 5.20 6.60 1.35 8.20 1.17 3.26
1.28 6.71 1.07 2.35 6.26 6.36 4.66 8.81 4.02 3.91
4.04 3.46 2.91 9.88 4.15 2.30 2.21 2.76 5.97 6.31
6.76 3.35 6.89 2.68 3.91 9.28 8.48 9.72 4.46 5.56
7.15 3.06 9.57 4.60 3.14 8.62 8.90 7.34 6.40 2.95
3.04 1.15 4.91 3.02 5.13 7.43 5.62 2.08 8.83 7.70
9.45 8.88 7.66 1.78 1.28 8.65 8.53 8.22 1.08 8.63
1.35 9.45 4.07 4.60 9.95 1.91 3.30 4.54 4.81 7.62
2.64 4.79 7.33 3.39 6.10 7.20 5.13 4.88 6.55 5.35
5.13 3.00 9.47 7.66 8.46 9.19 3.17 9.72 9.50 5.76
5.36 8.57 1.73 6.96 5.77 1.81 9.81 2.49 8.63 2.51
6.44 2.86 9.88 7.24 8.98 9.46 2.65 5.24 8.22 1.89
9.77 5.47 6.30 8.67 6.41 4.57 7.62 5.61 2.60 4.44
6.22 2.13 4.12 6.73 4.37 8.65 1.28 4.64 8.70 1.76
9.29 4.74 1.48 8.27 4.36 9.08 5.27 4.75 6.80 7.37
5.26 7.72 4.27 2.76 7.61 9.47 8.43 7.71 3.46 2.68
7.36 8.86 4.97 2.78 3.17 2.96 1.57 1.89 9.39 7.81
6.97 5.98 7.83 4.40 8.72 2.35 5.21 2.58 1.51 5.11
6.87 6.74 5.13 5.88 4.92 4.99 6.14 9.22 7.57 9.48
3.58 6.97 4.86 8.77 3.70 9.66 8.01 1.07 7.67 9.33
4.31 5.73 9.05 6.05 4.47 2.98 6.51 1.76 4.75 8.22
6.02 1.15 8.10 4.68 2.91 3.67 2.67 1.43 6.08 8.01
1.73 4.07 6.82 1.75 8.55 8.53 8.00 6.41 4.18 9.76
6.21 4.65 3.27 6.33 1.89 6.67 6.36 1.64 8.93 6.10
5.08 3.77 9.55 3.33 4.46 5.27 6.42 5.77 3.00 5.19
3.32 9.93 4.84 2.59 7.47 3.05 8.35 7.63 7.10 6.16
9.01 2.48 4.00 1.32 6.46 7.92 4.95 7.49 6.71 6.66
6.07 5.51 5.13 9.83 3.08 7.06 5.42 4.87 9.96 9.90
3.20 7.90 4.82 7.04 6.41 4.01 6.78 1.18 6.75 5.82
7.55 4.21 9.52 8.05 2.06 8.81 8.06 5.51 3.80 8.36
2.03 8.21 2.83 9.32 5.82 2.45 5.83 2.61 7.57 7.87
5.01 1.53 1.50 4.69 5.54 2.01 6.36 5.91 8.22 8.92
5.16 7.02 7.79 3.08 5.91 7.52 9.87 3.84 4.84 8.88
3.74 4.46 9.55 4.29 5.00 8.42 2.87 7.43 6.45 9.20
6.06 1.37 5.17 6.63 6.64 2.82 7.24 4.18 7.07 2.42
2.20 5.91 8.20 4.46 3.21 8.32 7.82 3.80 2.42 4.81
8.75 2.84 7.24 7.06 5.67 4.61 2.73 6.61 7.41 9.93
1.29 7.76 3.60 1.91 6.52 7.34 9.67 8.88 3.36 4.01
5.80 8.97 8.96 6.58 9.80 2.93 7.62 2.89 4.94 1.15
3.52 2.69 4.39 2.24 8.46 8.22 1.01 5.64 5.44 3.27
4.44 2.71 8.36 5.87 5.22 4.74 1.05 4.86 6.24 9.95
1.28 9.60 1.84 7.76 6.89 3.81 3.72 8.58 2.06 7.86
2.68 9.31 8.19 9.71 3.70 4.59 3.74 2.94 1.33 4.94
6.13 2.35 4.15 9.96 1.93 2.40 1.23 2.38 1.08 3.39
6.76 5.59 4.40 5.23 5.53 1.44 3.37 8.51 8.50 5.93
3.35 2.34 6.07 1.99 8.11 8.73 7.02 8.65 1.22 5.26
8.51 1.60 1.32 7.11 5.14 4.38 2.22 1.15 5.73 3.92
8.59 3.54 6.31 7.13 2.08 4.85 9.40 8.81 1.75 3.11
7.05 3.41 3.96 2.61 5.02 7.59 7.81 1.78 7.99 4.70
9.33 2.22 5.63 1.57 4.57 2.21 4.01 9.94 8.23 7.13
1.84 8.89 3.84 3.03 9.17 2.97 4.72 1.31 2.07 5.24
7.72 4.03 8.68 9.90 3.09 6.78 6.31 6.59 8.14 3.76
9.85 3.75 7.05 9.67 9.66 8.21 9.19 5.44 9.57 2.75
7.47 3.83 8.90 9.27 3.93 7.66 9.29 9.62 6.06 9.97
6.39 2.11 8.14 2.02 8.32 6.00 9.39 4.16 1.13 9.82
9.21 9.51 3.81 4.56 2.62 3.75 8.27 6.55 3.33 1.64
2.40 5.98 4.63 7.37 4.76 3.65 3.96 5.23 3.63 8.51
2.35 3.01 3.48 4.02 4.67 5.14 3.36 1.58 4.19 4.77
1.24 3.43 1.15 3.22 9.65 5.34 8.61 5.89 3.39 8.07
3.97 9.77 9.04 3.90 5.23 4.51 4.65 5.47 3.64 8.11
3.91 7.43 8.90 1.26 5.55 6.77 3.13 6.17 9.93 1.46
5.82 9.82 7.99 3.86 9.85 9.60 3.50 7.52 1.31 5.66
3.49 4.75 7.94 3.18 2.99 9.26 2.65 7.60 1.66 3.56
4.15 6.35 3.33 5.90 3.14 4.03 2.46 9.17 7.72 4.85
2.47 6.59 4.60 8.67 1.12 3.50 7.63 9.34 7.10 7.36
7.95 7.30 4.95 3.56 8.15 8.49 7.09 2.15 8.12 6.50
5.50 2.15 8.61 3.22 6.65 3.52 4.42 5.06 6.36 1.46
5.33 9.79 9.47 7.11 2.56 7.92 3.96 5.98 9.90 6.08
6.96 3.75 5.15 5.40 3.35 7.38 1.24 7.73 6.32 4.87
2.99 2.81 3.88 5.48 8.54 9.46 7.68 5.55 6.57 9.69
8.15 2.02 4.75 5.65 2.65 9.32 2.50 7.90 3.92 1.14
5.25 6.47 2.97 4.19 7.78 1.90 1.82 1.19 5.74 6.73
6.48 4.12 3.71 2.47 2.90 6.12 5.57 8.81 5.48 2.20
5.92 5.56 3.20 7.81 7.01 2.84 3.16 3.41 2.86 1.16
7.85 8.74 7.50 3.13 5.71 8.28 8.73 5.48 8.22 7.66
2.23 1.07 2.50 4.10 2.78 3.65 5.59 8.96 6.04 1.60
5.83 4.71 7.90 5.75 1.09 2.83 9.06 5.09 9.59 6.79
8.37 7.83 5.89 6.20 3.68 1.66 4.14 5.27 5.64 4.71
2.05 5.50 3.49 3.44 4.85 9.45 4.05 1.08 7.85 7.91
1.43 5.52 2.87 2.21 8.01 7.74 9.10 6.50 1.71 2.25
2.51 5.53 2.84 4.86 3.53 2.01 1.72 8.65 7.46 9.32
9.83 4.46 9.02 6.29 3.11 2.61 2.46 6.21 7.54 9.75
3.66 3.76 6.19 1.28 5.84 1.83 7.45 8.48 2.69 1.62
4.77 3.59 2.52 1.32 7.31 3.07 5.92 2.11 2.81 3.99
9.51 3.77 7.48 3.44 9.34 1.26 2.51 3.09 2.60 9.65
3.64 7.70 8.69 6.76 5.82 9.66 7.68 1.25 7.05 9.09
6.57 9.75 6.57 6.49 1.93 5.83 2.46 3.33 9.92 8.28
9.60 4.31 2.76 2.48 5.90 5.37 2.37 3.46 1.35 3.70
2.86 7.24 7.96 2.34 9.24 5.08 6.01 3.78 6.63 9.72
5.22 3.54 1.11 9.70 8.71 8.85 6.14 3.81 2.82 6.80
8.10 6.90 3.92 5.78 3.88 5.49 9.89 3.22 2.71 9.49
5.61 4.69 4.00 4.02 7.58 1.66 6.07 2.08 4.51 6.96
7.27 6.74 1.55 8.40 1.61 7.27 6.85 6.24 9.55 3.67
2.15 2.46 1.70 1.40 4.52 4.70 9.44 8.18 3.01 1.84
8.47 2.84 4.91 9.04 5.07 7.42 7.14 8.47 5.27 5.28
8.53 8.43 8.18 1.93 4.28 5.75 4.69 2.48 4.51 6.90
9.59 9.71 3.09 1.66 5.37 5.97 1.40 5.75 9.35 1.54
8.44 7.05 6.54 3.04 6.70 4.84 7.37 7.80 8.53 5.15
6.47 1.30 6.15 6.70 9.18 7.82 9.17 4.12 7.47 2.12
2.49 6.52 6.13 5.66 3.31 1.28 3.25 9.88 3.47 8.54
8.72 6.65 8.26 4.16 3.68 2.67 6.06 2.53 6.93 5.33
4.77 7.50 3.78 1.52 5.61 1.25 3.09 4.02 2.97 4.73
9.42 1.55 6.10 3.51 4.43 6.74 7.54 3.25 6.75 8.12
8.81 6.60 9.94 4.87 2.12 4.12 2.95 6.68 9.33 7.51
2.71 8.27 6.05 4.32 1.99 7.88 9.78 5.99 6.09 6.44
8.37 1.42 2.78 7.18 2.72 5.02 7.80 2.33 2.76 6.59
6.91 8.96 1.72 7.95 9.71 5.00 8.48 6.13 3.43 4.39
1.20 8.20 2.52 8.62 8.95 8.59 5.30 2.22 2.39 8.97
4.69 8.54 9.95 7.97 2.13 5.73 4.74 5.82 9.95 3.01
5.85 4.51 8.56 9.99 4.33 8.79 6.55 9.75 1.96 7.95
8.58 3.85 6.14 1.52 2.61 1.62 8.41 9.14 6.86 2.31
1.23 3.46 2.99 1.92 4.60 5.81 5.56 9.13 9.96 7.23
8.98 8.97 3.52 1.47 3.04 6.24 7.54 6.87 8.13 5.66
7.58 1.51 5.73 1.16 3.65 9.70 2.10 1.35 2.79 2.82
1.43 7.98 1.82 6.16 2.66 4.19 6.29 3.60 8.65 3.48
8.46 5.71 7.73 3.67 1.89 6.38 7.81 5.58 5.99 1.88
8.77 2.57 2.46 2.11 4.12 5.48 9.97 8.52 5.02 4.16
3.58 9.30 7.75 8.13 8.89 6.41 5.26 9.62 9.91 1.14
7.52 3.94 6.90 2.87 4.32 6.06 8.07 6.04 8.02 7.81
5.20 6.85 2.50 2.12 8.39 5.98 9.41 7.12 2.00 7.38
7.11 2.59 7.53 3.50 7.76 6.83 5.67 7.47 6.81 6.20
3.37 9.58 4.27 4.98 5.92 5.57 5.50 1.75 3.84 9.47
9.06 8.47 2.23 6.65 3.20 4.62 4.19 4.35 9.67 7.43
3.86 5.94 7.49 8.18 2.87 9.68 3.49 3.04 6.44 3.67
6.47 9.11 1.89 7.86 9.93 6.87 5.47 3.64 3.77 2.10
6.09 3.36 5.13 7.21 5.21 1.62 4.52 1.06 3.82 6.16
7.44 9.37 2.04 4.46 1.82 6.23 6.08 1.18 9.10 5.08
2.77 6.32 7.87 6.36 1.92 5.12 8.31 8.19 6.33 5.67
4.99 8.31 1.82 2.38 5.06 3.24 5.40 3.23 2.34 2.67
9.22 7.19 2.04 7.21 9.16 3.05 4.58 5.74 8.63 3.41
7.39 8.08 3.67 7.73 7.39 5.43 8.06 6.58 6.83 9.04
1.83 9.67 9.36 4.25 9.99 9.02 1.73 3.24 3.75 1.31
6.88 7.17 6.87 8.23 9.24 6.23 4.57 5.87 7.75 9.26
5.61 8.25 1.89 4.90 9.30 9.04 8.32 8.69 9.95 9.70
8.16 2.43 8.54 9.02 3.49 1.52 3.58 2.26 1.05 9.55
9.43 6.48 2.56 1.45 9.73 9.58 7.66 9.22 7.69 6.98
9.67 5.10 5.70 9.31 9.58 6.09 4.01 7.16 9.72 7.52
6.65 8.63 2.72 7.72 7.14 8.53 6.68 1.60 5.50 4.75
4.48 6.85 4.22 8.63 6.84 9.48 8.81 3.76 6.89 9.85
9.51 1.59 1.82 9.87 3.88 7.61 6.02 4.31 5.92 7.78
2.64 1.02 4.24 7.74 8.60 9.45 1.29 8.37 7.58 5.87
6.98 7.67 1.42 9.21 3.32 2.18 2.03 2.12 3.44 9.67
6.39 4.28 1.15 1.80 4.86 6.20 7.21 3.10 5.42 2.25
3.63 6.44 8.25 1.37 6.93 1.40 3.74 3.83 7.47 7.93
3.76 5.16 5.81 4.37 1.87 5.32 4.80 8.46 4.10 6.90
8.12 3.77 4.95 5.48 1.86 5.45 5.19 5.41 1.27 1.02
3.11 5.53 7.80 2.81 3.29 2.54 4.76 7.35 1.85 6.89
6.94 4.87 9.19 2.10 3.20 2.95 7.91 7.43 9.84 5.03
3.57 3.06 8.30 2.39 6.68 7.50 5.57 7.33 4.07 3.94
1.57 8.29 6.64 1.67 6.14 3.28 9.10 7.56 9.56 6.51
8.60 8.15 8.40 7.02 2.20 8.29 2.18 1.24 6.51 7.34
4.12 4.33 4.62 4.30 6.96 4.96 5.26 2.95 8.46 2.20
8.20 2.29 3.66 1.42 7.66 2.85 7.90 9.59 8.70 9.23
5.44 3.92 6.25 4.03 2.98 2.10 8.12 6.59 9.30 4.90
9.05 3.03 3.28 4.03 4.95 3.20 7.64 7.58 5.41 6.57
8.16 2.18 9.72 4.77 5.47 3.87 1.65 5.59 6.62 4.57
4.68 2.45 6.15 7.92 2.69 3.58 3.87 5.98 4.46 8.68
4.82 2.88 6.45 4.79 9.57 6.35 7.17 5.62 7.03 8.93
7.99 8.15 8.29 9.30 6.58 3.20 4.36 3.85 9.41 7.24
6.87 2.05 4.70 3.83 9.16 4.28 9.90 2.80 2.16 7.77
3.52 4.05 8.20 9.87 9.08 6.11 7.79 8.28 6.75 1.67
8.28 4.61 3.51 7.64 3.90 7.49 2.71 5.17 7.97 6.23
5.24 9.70 9.53 7.14 8.44 4.18 1.84 9.09 6.47 6.42
2.60 2.33 1.43 1.50 2.86 6.04 8.73 1.13 3.67 3.72
4.36 1.54 3.22 8.15 9.63 9.59 5.92 1.01 2.57 9.44
6.88 2.77 4.89 5.04 9.89 3.33 7.13 6.20 6.49 4.45
9.12 4.75 8.34 7.39 5.78 8.22 9.35 7.62 5.28 7.08
7.35 2.10 9.91 7.05 5.01 6.16 2.97 2.25 4.52 6.04
9.05 9.47 4.00 8.34 6.71 9.74 6.85 5.53 8.69 7.33
9.51 2.43 1.64 2.74 9.21 8.59 5.27 5.50 4.35 8.11
1.69 9.02 4.29 4.00 9.47 8.86 4.42 2.76 1.33 8.64
7.27 4.87 8.42 6.28 1.42 3.45 5.29 8.04 4.86 1.53
2.32 8.94 4.54 3.99 5.92 1.91 7.09 9.92 4.96 5.81
5.89 4.37 8.36 5.79 2.81 5.59 7.19 8.35 4.65 6.01
2.01 9.76 4.14 3.49 3.97 9.62 5.33 5.28 3.89 2.18
7.80 1.72 4.68 7.68 4.95 4.91 9.08 7.68 2.08 3.21
5.23 9.36 6.12 1.68 1.09 5.85 4.69 2.54 4.21 7.60
7.20 4.99 5.38 5.79 2.22 4.97 8.62 2.40 3.09 5.79
7.10 7.13 4.37 3.28 8.97 1.16 1.63 2.14 4.69 2.69
7.97 5.50 7.46 1.05 1.09 8.06 7.79 5.84 5.49 1.81
7.67 1.08 9.31 5.74 3.29 7.03 7.87 9.21 1.53 9.38
4.34 8.37 9.98 1.40 6.79 1.88 8.60 1.86 8.39 6.36
7.20 7.09 8.25 8.61 4.74 6.85 2.24 7.99 7.88 8.30
6.07 5.49 7.20 7.18 8.81 2.90 2.65 6.21 4.48 7.04
9.28 8.76 3.85 5.80 6.62 2.84 5.30 2.77 9.87 3.07
1.71 7.58 7.56 1.74 9.67 9.16 7.23 1.16 2.36 1.37
4.67 6.35 4.74 9.32 2.24 7.89 5.97 7.53 1.68 9.83
4.94 9.54 5.91 5.61 1.26 1.03 2.85 7.68 9.71 8.63
5.36 6.06 3.90 7.26 3.36 4.06 2.58 6.82 1.94 4.27
7.24 9.17 8.29 3.57 1.69 1.10 5.29 7.03 9.78 3.55
9.57 5.15 2.22 6.92 1.40 1.18 1.04 1.22 2.19 9.76
3.14 2.12 6.82 9.72 8.33 1.34 6.21 3.38 8.41 3.72
6.06 8.15 4.70 9.97 2.88 4.37 8.73 8.04 8.21 6.05
2.30 5.36 9.99 2.42 7.31 2.96 9.97 8.83 6.62 7.91
9.94 9.55 4.45 1.73 1.56 1.62 1.89 2.69 7.62 3.61
3.80 2.64 1.79 6.87 5.57 1.44 1.53 8.22 5.68 9.08
5.06 1.96 5.03 4.84 9.34 9.01 9.88 4.70 3.54 7.80
8.18 5.96 1.10 5.93 2.83 4.23 3.40 9.06 9.42 4.55

Demandas:
0 0 0 0 0 0 0 1
0 0 0 0 0 0 1 0
1 0 0 0 0 0 0 0
0 0 0 1 0 0 0 0
0 0 0 1 0 0 0 0
0 0 0 0 0 0 0 1
0 0 0 0 0 1 0 0
0 0 0 0 0 0 1 0
0 0 0 1 0 0 0 0
0 0 1 0 0 0 0 0
0 0 0 0 0 0 1 0
0 0 1 0 0 0 0 0
0 0 0 0 0 0 0 1
1 0 0 0 0 0 0 0
0 0 0 0 0 0 1 0
0 1 0 0 0 0 0 0
0 1 0 0 0 0 0 0
0 1 0 0 0 0 0 0
1 0 0 0 0 0 0 0
0 0 0 0 0 0 1 0
0 1 0 0 0 0 0 0
1 0 0 0 0 0 0 0
0 1 0 0 0 0 0 0
0 0 0 0 1 0 0 0
0 0 0 1 0 0 0 0
0 0 0 1 0 0 0 0
0 0 0 0 0 0 0 1
0 0 0 0 0 1 0 0
0 0 0 1 0 0 0 0
0 0 1 0 0 0 0 0
0 0 0 0 0 0 1 0
0 0 0 1 0 0 0 0
0 0 0 0 0 0 1 0
0 0 0 1 0 0 0 0
1 0 0 0 0 0 0 0
0 0 0 0 1 0 0 0
0 1 0 0 0 0 0 0
0 0 0 1 0 0 0 0
0 0 0 0 0 1 0 0
0 0 0 0 0 0 0 1
0 0 1 0 0 0 0 0
0 0 0 0 1 0 0 0
0 1 0 0 0 0 0 0
1 0 0 0 0 0 0 0
1 0 0 0 0 0 0 0
0 0 1 0 0 0 0 0
0 0 0 0 0 0 0 1
0 1 0 0 0 0 0 0
0 0 0 0 1 0 0 0
0 0 0 0 0 0 0 1
0 0 0 0 1 0 0 0
0 0 0 1 0 0 0 0
0 0 0 0 0 1 0 0
0 0 0 0 0 0 1 0
0 0 0 0 1 0 0 0
0 0 0 1 0 0 0 0
0 0 0 0 0 0 1 0
0 0 0 1 0 0 0 0
0 0 0 0 0 1 0 0
0 0 0 0 0 0 1 0
0 0 0 0 0 1 0 0
0 0 0 0 0 0 1 0
0 1 0 0 0 0 0 0
0 0 0 1 0 0 0 0
0 0 0 0 0 0 0 1
0 0 1 0 0 0 0 0
0 1 0 0 0 0 0 0
0 0 0 0 0 1 0 0
0 0 0 0 0 1 0 0
1 0 0 0 0 0 0 0
1 0 0 0 0 0 0 0
0 0 0 0 1 0 0 0
1 0 0 0 0 0 0 0
0 0 0 0 1 0 0 0
0 0 0 1 0 0 0 0
0 0 0 0 0 1 0 0
0 1 0 0 0 0 0 0
0 0 0 0 0 0 0 1
0 0 0 0 1 0 0 0
1 0 0 0 0 0 0 0
0 0 0 0 0 1 0 0
0 0 0 0 0 1 0 0
0 0 0 1 0 0 0 0
0 0 0 0 0 0 1 0
0 1 0 0 0 0 0 0
0 1 0 0 0 0 0 0
0 0 0 0 0 0 1 0
0 0 0 0 0 0 1 0
0 0 1 0 0 0 0 0
0 0 0 0 0 0 1 0
0 0 0 0 0 1 0 0
0 1 0 0 0 0 0 0
0 0 1 0 0 0 0 0
0 0 0 0 0 1 0 0
0 0 0 0 0 0 0 1
0 0 0 0 1 0 0 0
0 0 0 0 0 0 1 0
0 1 0 0 0 0 0 0
0 0 0 0 1 0 0 0
0 0 0 0 1 0 0 0
1 0 0 0 0 0 0 0
0 0 0 0 0 0 0 1
0 0 0 0 0 0 0 1
0 0 1 0 0 0 0 0
0 0 0 0 1 0 0 0
0 1 0 0 0 0 0 0
0 0 0 1 0 0 0 0
0 0 0 0 0 0 0 1
0 0 0 0 0 0 0 1
0 0 0 0 0 0 0 1
1 0 0 0 0 0 0 0
0 0 0 0 1 0 0 0
0 1 0 0 0 0 0 0
0 0 0 0 1 0 0 0
0 0 0 0 0 0 0 1
0 1 0 0 0 0 0 0
0 0 1 0 0 0 0 0
1 0 0 0 0 0 0 0
0 0 0 0 0 0 0 1
0 0 0 1 0 0 0 0
0 0 0 1 0 0 0 0
0 0 0 0 0 0 1 0
1 0 0 0 0 0 0 0
0 0 1 0 0 0 0 0
0 0 0 0 0 0 0 1
0 0 0 0 1 0 0 0
1 0 0 0 0 0 0 0
0 1 0 0 0 0 0 0
0 1 0 0 0 0 0 0
0 0 0 0 1 0 0 0
0 0 0 0 0 0 1 0
0 0 0 1 0 0 0 0
0 0 0 0 0 1 0 0
1 0 0 0 0 0 0 0
0 0 0 0 0 0 1 0
0 0 1 0 0 0 0 0
1 0 0 0 0 0 0 0
0 0 1 0 0 0 0 0
0 0 0 1 0 0 0 0
0 0 0 0 0 0 1 0
0 0 1 0 0 0 0 0
0 0 0 1 0 0 0 0
0 0 0 0 0 0 1 0
0 0 0 0 1 0 0 0
1 0 0 0 0 0 0 0
0 1 0 0 0 0 0 0
0 0 0 0 0 0 1 0
1 0 0 0 0 0 0 0
0 0 0 0 0 1 0 0
0 0 0 0 1 0 0 0
0 1 0 0 0 0 0 0
0 0 0 1 0 0 0 0
0 0 0 0 1 0 0 0
0 1 0 0 0 0 0 0
0 0 0 0 0 1 0 0
0 0 0 0 0 0 0 1
0 0 0 1 0 0 0 0
0 0 0 0 0 1 0 0
1 0 0 0 0 0 0 0
0 0 0 0 1 0 0 0
1 0 0 0 0 0 0 0
0 1 0 0 0 0 0 0
0 0 0 0 0 1 0 0
0 0 0 0 0 0 0 1
0 0 0 0 1 0 0 0
0 0 0 1 0 0 0 0
0 0 0 1 0 0 0 0
0 0 0 0 1 0 0 0
1 0 0 0 0 0 0 0
0 1 0 0 0 0 0 0
0 0 1 0 0 0 0 0
0 0 0 1 0 0 0 0
0 0 0 0 1 0 0 0
0 0 0 1 0 0 0 0
0 0 1 0 0 0 0 0
0 0 0 1 0 0 0 0
0 0 1 0 0 0 0 0
0 0 1 0 0 0 0 0
0 1 0 0 0 0 0 0
0 0 0 0 0 0 0 1
0 0 0 0 1 0 0 0
1 0 0 0 0 0 0 0
0 0 0 0 0 0 1 0
0 0 0 0 0 0 0 1
0 0 0 0 0 1 0 0
0 0 0 0 1 0 0 0
0 1 0 0 0 0 0 0
0 1 0 0 0 0 0 0
0 0 1 0 0 0 0 0
0 0 0 0 0 0 0 1
0 0 1 0 0 0 0 0
0 0 0 1 0 0 0 0
0 0 0 0 1 0 0 0
0 0 0 0 0 0 1 0
0 0 0 0 0 0 1 0
0 0 0 0 0 0 1 0
0 0 0 0 0 0 0 1
1 0 0 0 0 0 0 0
0 0 0 1 0 0 0 0
1 0 0 0 0 0 0 0
0 0 0 0 0 0 0 1
0 0 0 0 1 0 0 0
0 0 0 1 0 0 0 0
1 0 0 0 0 0 0 0
0 0 0 0 0 0 1 0
0 0 0 0 0 0 1 0
0 0 0 0 0 0 0 1
0 1 0 0 0 0 0 0
0 0 0 0 0 0 1 0
0 0 0 1 0 0 0 0
1 0 0 0 0 0 0 0
0 0 0 0 1 0 0 0
0 0 0 0 0 0 0 1
1 0 0 0 0 0 0 0
1 0 0 0 0 0 0 0
1 0 0 0 0 0 0 0
0 0 0 0 1 0 0 0
0 1 0 0 0 0 0 0
0 0 0 0 1 0 0 0
0 0 0 0 1 0 0 0
0 0 0 0 0 1 0 0
0 0 0 0 0 1 0 0
0 0 0 0 0 0 0 1
0 0 0 0 0 1 0 0
1 0 0 0 0 0 0 0
0 0 0 0 0 0 0 1
1 0 0 0 0 0 0 0
1 0 0 0 0 0 0 0
0 0 0 0 0 1 0 0
1 0 0 0 0 0 0 0
0 1 0 0 0 0 0 0
0 0 1 0 0 0 0 0
0 0 1 0 0 0 0 0
0 0 0 0 1 0 0 0
0 0 0 1 0 0 0 0
0 0 1 0 0 0 0 0
0 1 0 0 0 0 0 0
0 1 0 0 0 0 0 0
0 0 0 0 0 1 0 0
0 1 0 0 0 0 0 0
0 0 0 0 0 1 0 0
1 0 0 0 0 0 0 0
0 0 0 0 0 0 1 0
0 0 1 0 0 0 0 0
0 0 0 0 1 0 0 0
0 0 1 0 0 0 0 0
1 0 0 0 0 0 0 0
1 0 0 0 0 0 0 0
0 0 0 1 0 0 0 0
1 0 0 0 0 0 0 0
0 0 0 0 1 0 0 0
0 0 0 0 1 0 0 0
0 0 0 0 0 1 0 0
0 0 0 0 1 0 0 0
0 0 0 0 1 0 0 0
1 0 0 0 0 0 0 0
0 0 1 0 0 0 0 0
0 1 0 0 0 0 0 0
0 0 0 0 1 0 0 0
0 0 1 0 0 0 0 0
0 0 0 0 0 0 0 1
0 1 0 0 0 0 0 0
0 1 0 0 0 0 0 0
0 0 0 0 0 1 0 0
0 0 0 0 1 0 0 0
0 0 0 0 1 0 0 0
0 0 0 0 0 0 1 0
0 0 0 0 0 1 0 0
0 0 0 0 0 0 0 1
1 0 0 0 0 0 0 0
1 0 0 0 0 0 0 0
0 0 0 1 0 0 0 0
0 0 0 0 0 1 0 0
0 0 0 1 0 0 0 0
0 0 1 0 0 0 0 0
0 0 0 0 0 1 0 0
0 0 1 0 0 0 0 0
0 0 0 0 0 1 0 0
0 0 1 0 0 0 0 0
1 0 0 0 0 0 0 0
1 0 0 0 0 0 0 0
0 0 0 0 0 0 0 1
1 0 0 0 0 0 0 0
0 0 0 0 0 0 0 1
0 0 0 0 0 1 0 0
0 0 0 0 0 0 0 1
0 0 0 1 0 0 0 0
0 0 0 0 0 0 0 1
0 0 1 0 0 0 0 0
0 0 0 0 1 0 0 0
0 0 1 0 0 0 0 0
0 1 0 0 0 0 0 0
0 0 1 0 0 0 0 0
0 0 0 0 0 1 0 0
0 0 1 0 0 0 0 0
1 0 0 0 0 0 0 0
0 0 1 0 0 0 0 0
0 0 0 0 0 0 1 0
0 0 0 0 0 0 0 1
0 0 0 0 0 1 0 0
0 0 0 0 0 0 1 0
0 0 0 0 1 0 0 0
0 0 0 1 0 0 0 0
0 0 0 1 0 0 0 0
1 0 0 0 0 0 0 0
0 0 0 0 0 1 0 0
0 0 0 0 0 0 0 1
1 0 0 0 0 0 0 0
0 0 0 0 0 0 0 1
0 0 0 0 0 0 1 0
0 0 1 0 0 0 0 0
0 0 0 0 0 1 0 0
1 0 0 0 0 0 0 0
0 0 0 0 0 0 1 0
0 0 0 1 0 0 0 0
0 0 0 0 0 0 1 0
0 0 0 1 0 0 0 0
0 0 0 0 1 0 0 0
0 0 0 0 0 0 0 1
0 0 1 0 0 0 0 0
0 0 1 0 0 0 0 0
0 0 0 0 0 1 0 0
0 0 1 0 0 0 0 0
0 0 0 0 0 1 0 0
1 0 0 0 0 0 0 0
1 0 0 0 0 0 0 0
0 0 1 0 0 0 0 0
0 0 0 0 0 1 0 0
0 0 0 1 0 0 0 0
0 0 0 0 0 0 1 0
0 0 0 0 1 0 0 0
0 0 0 0 0 0 1 0
0 0 0 0 1 0 0 0
0 0 1 0 0 0 0 0
0 0 0 0 0 1 0 0
0 0 0 0 1 0 0 0
0 0 1 0 0 0 0 0
0 0 0 0 0 1 0 0
0 0 0 0 0 1 0 0
0 1 0 0 0 0 0 0
0 0 0 1 0 0 0 0
0 0 1 0 0 0 0 0
0 0 0 0 0 0 0 1
0 0 1 0 0 0 0 0
0 0 1 0 0 0 0 0
0 0 0 0 1 0 0 0
1 0 0 0 0 0 0 0
0 0 1 0 0 0 0 0
0 0 0 1 0 0 0 0
0 0 0 0 0 0 0 1
0 0 0 1 0 0 0 0
0 0 1 0 0 0 0 0
0 0 0 0 0 0 0 1
0 0 0 0 1 0 0 0
0 0 0 0 0 0 1 0
0 1 0 0 0 0 0 0
0 1 0 0 0 0 0 0
0 0 0 1 0 0 0 0
0 1 0 0 0 0 0 0
0 0 1 0 0 0 0 0
0 0 1 0 0 0 0 0
0 0 0 0 1 0 0 0
0 0 0 1 0 0 0 0
0 0 0 0 0 0 0 1
0 0 0 0 1 0 0 0
0 0 0 0 0 0 1 0
0 0 0 0 0 1 0 0
0 0 0 1 0 0 0 0
0 0 0 0 1 0 0 0
0 0 0 0 0 1 0 0
0 0 1 0 0 0 0 0
0 0 0 1 0 0 0 0
0 0 1 0 0 0 0 0
0 1 0 0 0 0 0 0
0 0 0 0 1 0 0 0
1 0 0 0 0 0 0 0
0 1 0 0 0 0 0 0
0 0 0 0 0 0 1 0
0 0 0 0 0 1 0 0
0 0 0 1 0 0 0 0
0 0 1 0 0 0 0 0
1 0 0 0 0 0 0 0
0 0 0 0 0 0 1 0
0 0 1 0 0 0 0 0
0 0 0 0 0 0 0 1
0 0 0 0 0 0 1 0
0 0 0 0 0 0 1 0
0 0 0 0 0 1 0 0
0 0 0 1 0 0 0 0
0 1 0 0 0 0 0 0
0 0 0 1 0 0 0 0
0 1 0 0 0 0 0 0
0 0 0 0 1 0 0 0
0 1 0 0 0 0 0 0
0 0 0 0 0 0 1 0
0 0 0 0 0 0 1 0
0 0 0 0 0 0 1 0
0 0 0 0 1 0 0 0
0 0 0 0 0 0 0 1
0 0 0 0 0 0 1 0
0 1 0 0 0 0 0 0
0 0 0 0 0 1 0 0
0 0 0 0 0 1 0 0
0 0 0 0 0 0 0 1
0 0 0 0 1 0 0 0
0 1 0 0 0 0 0 0
0 0 0 0 0 0 1 0
0 0 0 0 0 0 0 1
0 0 0 1 0 0 0 0
1 0 0 0 0 0 0 0
0 0 0 0 0 1 0 0
0 0 1 0 0 0 0 0
0 0 1 0 0 0 0 0
0 1 0 0 0 0 0 0
0 0 1 0 0 0 0 0
0 0 0 0 1 0 0 0
0 0 0 0 0 1 0 0
0 0 0 1 0 0 0 0
0 0 0 0 0 0 0 1
0 1 0 0 0 0 0 0
0 0 0 0 0 1 0 0
1 0 0 0 0 0 0 0
0 0 0 0 0 1 0 0
0 0 1 0 0 0 0 0
0 0 0 0 0 0 1 0
0 0 0 1 0 0 0 0
0 0 0 0 1 0 0 0
0 0 0 0 0 0 1 0
0 1 0 0 0 0 0 0
0 0 0 1 0 0 0 0
0 0 0 0 1 0 0 0
1 0 0 0 0 0 0 0
0 0 1 0 0 0 0 0
0 1 0 0 0 0 0 0
0 0 0 0 0 1 0 0
0 0 0 0 0 0 0 1
0 0 0 1 0 0 0 0
0 0 0 0 0 1 0 0
1 0 0 0 0 0 0 0
1 0 0 0 0 0 0 0
0 0 0 0 1 0 0 0
0 0 1 0 0 0 0 0
0 0 0 0 0 1 0 0
0 0 0 0 1 0 0 0
0 0 0 0 0 0 1 0
1 0 0 0 0 0 0 0
0 0 0 0 0 0 1 0
0 0 0 0 0 0 0 1
0 0 0 0 1 0 0 0
0 0 0 1 0 0 0 0
0 1 0 0 0 0 0 0
0 0 0 1 0 0 0 0
0 0 1 0 0 0 0 0
0 0 0 1 0 0 0 0
0 0 0 0 0 0 1 0
0 0 0 1 0 0 0 0
0 0 1 0 0 0 0 0
0 0 0 0 1 0 0 0
0 0 0 1 0 0 0 0
0 0 1 0 0 0 0 0
0 1 0 0 0 0 0 0
0 0 0 0 0 0 0 1
1 0 0 0 0 0 0 0
0 0 0 1 0 0 0 0
0 0 0 0 0 0 0 1
0 1 0 0 0 0 0 0
1 0 0 0 0 0 0 0
0 1 0 0 0 0 0 0
0 0 0 0 0 1 0 0
0 0 0 0 1 0 0 0
1 0 0 0 0 0 0 0
0 0 0 1 0 0 0 0
0 1 0 0 0 0 0 0
0 0 0 0 1 0 0 0
1 0 0 0 0 0 0 0
0 0 1 0 0 0 0 0
0 0 0 0 0 0 0 1
0 0 0 0 0 0 1 0
0 0 0 0 1 0 0 0
0 0 0 1 0 0 0 0
0 0 1 0 0 0 0 0
1 0 0 0 0 0 0 0
0 0 0 0 0 0 1 0
0 0 1 0 0 0 0 0
0 0 0 0 0 1 0 0
0 0 0 0 0 0 0 1
0 0 0 0 0 1 0 0
0 0 0 0 1 0 0 0
0 0 0 0 0 0 0 1
0 0 1 0 0 0 0 0
0 0 0 0 0 0 0 1
0 0 0 0 1 0 0 0
0 0 0 0 1 0 0 0
0 0 1 0 0 0 0 0
0 0 0 1 0 0 0 0
0 0 0 0 0 0 0 1
0 0 0 0 0 0 1 0
0 0 0 0 1 0 0 0
0 0 0 0 0 0 1 0
0 0 0 0 0 0 1 0
0 0 0 1 0 0 0 0
0 0 0 0 0 0 0 1
0 0 0 0 0 0 1 0
0 0 0 0 0 0 0 1
0 0 0 0 0 1 0 0
1 0 0 0 0 0 0 0
0 0 0 0 0 1 0 0
0 0 0 1 0 0 0 0
0 1 0 0 0 0 0 0
0 1 0 0 0 0 0 0
0 0 1 0 0 0 0 0
0 0 0 0 0 0 0 1
1 0 0 0 0 0 0 0
1 0 0 0 0 0 0 0
0 0 0 0 0 1 0 0
0 0 0 0 1 0 0 0
0 0 0 0 0 0 0 1
0 0 0 0 0 1 0 0
1 0 0 0 0 0 0 0
0 0 0 0 0 1 0 0
0 0 0 0 0 0 1 0
0 0 0 0 0 1 0 0
0 0 1 0 0 0 0 0
0 0 0 1 0 0 0 0
0 0 0 1 0 0 0 0
0 0 0 0 1 0 0 0
1 0 0 0 0 0 0 0
0 0 0 0 1 0 0 0
0 0 0 1 0 0 0 0
0 0 0 0 1 0 0 0
0 0 0 0 0 0 1 0
0 0 0 0 0 1 0 0
0 0 0 0 0 1 0 0
0 1 0 0 0 0 0 0
0 0 0 0 0 1 0 0
1 0 0 0 0 0 0 0
0 0 0 1 0 0 0 0
0 0 0 0 1 0 0 0
0 0 0 0 0 1 0 0
0 0 0 1 0 0 0 0
0 0 0 0 0 1 0 0
0 1 0 0 0 0 0 0
0 0 0 0 0 1 0 0
0 0 0 1 0 0 0 0
0 0 1 0 0 0 0 0
0 0 1 0 0 0 0 0
0 1 0 0 0 0 0 0
0 1 0 0 0 0 0 0
0 0 0 0 0 0 1 0
0 0 0 1 0 0 0 0
1 0 0 0 0 0 0 0
0 0 0 0 0 0 1 0
0 0 0 0 0 1 0 0
0 0 0 0 0 0 1 0
0 1 0 0 0 0 0 0
0 0 0 1 0 0 0 0
0 0 0 0 1 0 0 0
0 0 0 0 1 0 0 0
0 0 0 0 0 1 0 0
1 0 0 0 0 0 0 0
1 0 0 0 0 0 0 0
0 0 0 0 0 0 1 0
0 0 0 0 0 0 0 1
0 0 1 0 0 0 0 0
0 0 0 0 0 0 1 0
0 0 0 0 0 0 0 1
0 0 1 0 0 0 0 0
0 0 1 0 0 0 0 0
0 0 1 0 0 0 0 0
1 0 0 0 0 0 0 0
0 0 0 1 0 0 0 0
0 0 0 0 1 0 0 0
1 0 0 0 0 0 0 0
0 0 1 0 0 0 0 0
0 1 0 0 0 0 0 0
0 0 0 1 0 0 0 0
0 0 1 0 0 0 0 0
0 0 0 0 1 0 0 0
0 0 0 0 0 1 0 0
0 0 0 0 0 0 0 1
0 0 0 1 0 0 0 0
0 0 0 0 0 0 1 0
0 0 0 0 0 1 0 0
0 0 0 0 0 1 0 0
0 0 0 1 0 0 0 0
1 0 0 0 0 0 0 0
0 0 1 0 0 0 0 0
1 0 0 0 0 0 0 0
1 0 0 0 0 0 0 0
0 0 0 0 0 0 1 0
0 0 0 0 0 0 1 0
0 0 0 0 0 0 0 1
0 0 0 0 1 0 0 0
0 0 0 0 0 0 1 0
0 0 0 0 0 0 0 1
0 0 0 0 1 0 0 0
0 0 0 1 0 0 0 0
0 0 0 1 0 0 0 0
0 0 0 0 0 1 0 0
0 0 0 0 0 0 0 1
0 0 0 0 0 1 0 0
0 1 0 0 0 0 0 0
0 0 1 0 0 0 0 0
0 0 0 0 1 0 0 0
0 0 0 0 0 1 0 0
0 0 0 0 1 0 0 0
0 0 0 0 0 0 0 1
0 0 1 0 0 0 0 0
0 0 1 0 0 0 0 0
0 0 0 0 0 0 0 1
0 0 1 0 0 0 0 0
0 0 1 0 0 0 0 0
1 0 0 0 0 0 0 0
0 0 0 0 0 0 1 0
0 0 1 0 0 0 0 0
0 0 0 0 0 1 0 0
0 0 1 0 0 0 0 0
0 0 0 0 0 0 0 1
0 0 0 0 0 0 0 1
0 0 0 0 0 0 1 0
0 1 0 0 0 0 0 0
0 0 0 0 1 0 0 0
0 0 0 0 0 0 0 1
0 0 0 0 1 0 0 0
1 0 0 0 0 0 0 0
0 1 0 0 0 0 0 0
1 0 0 0 0 0 0 0
0 0 0 0 0 0 0 1
0 0 0 0 0 0 0 1
0 0 0 0 1 0 0 0
0 0 0 1 0 0 0 0
0 0 1 0 0 0 0 0
0 0 0 0 1 0 0 0
0 0 0 0 0 0 0 1
0 0 0 0 1 0 0 0
1 0 0 0 0 0 0 0
0 0 0 0 1 0 0 0
0 0 0 1 0 0 0 0
0 0 0 0 0 0 1 0
0 0 1 0 0 0 0 0
0 1 0 0 0 0 0 0
0 0 0 0 0 0 0 1
0 1 0 0 0 0 0 0
0 0 0 1 0 0 0 0
0 0 0 0 0 0 0 1
0 0 1 0 0 0 0 0
1 0 0 0 0 0 0 0
0 0 0 0 0 1 0 0
0 0 0 0 0 0 1 0
1 0 0 0 0 0 0 0
0 0 0 0 0 1 0 0
0 0 0 0 0 0 1 0
1 0 0 0 0 0 0 0
0 1 0 0 0 0 0 0
0 1 0 0 0 0 0 0
0 0 0 0 0 0 1 0
0 0 0 0 1 0 0 0
0 1 0 0 0 0 0 0
0 0 0 1 0 0 0 0
0 0 0 0 0 1 0 0
0 0 0 0 0 0 1 0
1 0 0 0 0 0 0 0
0 0 0 0 0 0 1 0
0 0 0 1 0 0 0 0
0 0 1 0 0 0 0 0
0 0 0 0 0 1 0 0
0 0 0 0 0 1 0 0
0 0 0 0 0 0 1 0
0 0 1 0 0 0 0 0
0 0 0 0 0 1 0 0
0 0 1 0 0 0 0 0
0 1 0 0 0 0 0 0
0 0 0 0 1 0 0 0
0 0 0 0 0 0 1 0
0 0 1 0 0 0 0 0
0 0 0 0 0 0 0 1
0 0 0 0 1 0 0 0
0 0 0 0 1 0 0 0
0 0 0 0 0 1 0 0
1 0 0 0 0 0 0 0
1 0 0 0 0 0 0 0
0 0 0 1 0 0 0 0
0 0 0 0 1 0 0 0
0 0 1 0 0 0 0 0
0 0 0 1 0 0 0 0
1 0 0 0 0 0 0 0
0 0 0 0 0 1 0 0
0 0 0 0 0 0 0 1
0 0 0 0 0 1 0 0
0 0 0 0 0 0 1 0
0 0 0 0 0 1 0 0
0 0 0 0 0 0 0 1
0 0 0 0 0 0 0 1
0 1 0 0 0 0 0 0
0 0 0 0 1 0 0 0
0 0 0 0 0 1 0 0
1 0 0 0 0 0 0 0
0 0 0 1 0 0 0 0
0 0 1 0 0 0 0 0
0 0 0 0 0 1 0 0
0 0 0 0 1 0 0 0
0 0 0 0 0 0 1 0
0 0 0 1 0 0 0 0
0 0 0 0 0 0 1 0
0 0 0 1 0 0 0 0
0 1 0 0 0 0 0 0
1 0 0 0 0 0 0 0
0 0 0 0 0 0 1 0
0 0 0 1 0 0 0 0
0 0 0 1 0 0 0 0
0 0 0 1 0 0 0 0
0 0 0 0 0 0 0 1
0 0 0 1 0 0 0 0
0 0 0 0 0 1 0 0
0 0 0 1 0 0 0 0
0 0 0 0 0 0 0 1
0 0 0 0 0 0 1 0
0 0 0 0 1 0 0 0
0 0 0 0 0 0 1 0
0 0 0 0 0 0 1 0
1 0 0 0 0 0 0 0
0 0 0 0 0 0 0 1
0 0 0 0 1 0 0 0
0 0 0 0 1 0 0 0
0 0 1 0 0 0 0 0
0 0 1 0 0 0 0 0
0 0 1 0 0 0 0 0
0 1 0 0 0 0 0 0
0 0 0 1 0 0 0 0
0 0 0 0 0 0 0 1
0 0 0 0 0 0 0 1
0 0 0 0 1 0 0 0
0 0 0 1 0 0 0 0
0 0 0 1 0 0 0 0
0 1 0 0 0 0 0 0
0 0 0 0 0 0 1 0
0 0 0 0 0 0 1 0
0 0 0 0 1 0 0 0
0 0 0 0 0 0 1 0
0 0 0 0 0 1 0 0
0 0 1 0 0 0 0 0
1 0 0 0 0 0 0 0
1 0 0 0 0 0 0 0
1 0 0 0 0 0 0 0
0 1 0 0 0 0 0 0
0 0 0 1 0 0 0 0
0 0 0 0 0 0 1 0
1 0 0 0 0 0 0 0
0 0 0 1 0 0 0 0
0 0 0 0 0 1 0 0
0 0 0 0 0 0 0 1
0 0 0 0 0 1 0 0
0 0 0 0 1 0 0 0
0 0 0 0 0 0 1 0
0 0 0 0 0 1 0 0
0 0 1 0 0 0 0 0
0 0 0 1 0 0 0 0
0 0 1 0 0 0 0 0
0 0 0 0 0 0 1 0
0 0 0 0 1 0 0 0
0 0 0 0 0 0 0 1
0 0 0 0 1 0 0 0
0 1 0 0 0 0 0 0
0 0 0 0 0 1 0 0
0 0 0 0 0 1 0 0
0 0 1 0 0 0 0 0
0 0 0 0 0 0 1 0
1 0 0 0 0 0 0 0
0 0 0 0 0 1 0 0
0 0 0 0 0 0 0 1
0 0 0 1 0 0 0 0
0 0 0 0 1 0 0 0
0 0 0 1 0 0 0 0
0 0 0 0 0 0 1 0
0 0 0 0 0 0 1 0
0 0 0 0 0 0 0 1
0 1 0 0 0 0 0 0
0 0 0 0 0 1 0 0
0 0 0 0 1 0 0 0
0 0 0 0 0 1 0 0
1 0 0 0 0 0 0 0
0 0 0 0 0 0 0 1
0 0 0 0 0 0 0 1
0 0 0 1 0 0 0 0
0 0 1 0 0 0 0 0
0 0 0 0 0 0 0 1
0 0 0 0 0 0 0 1
0 0 0 0 1 0 0 0
1 0 0 0 0 0 0 0
0 0 0 0 0 1 0 0
0 0 0 0 0 0 0 1
0 0 0 0 0 1 0 0
0 1 0 0 0 0 0 0
0 0 0 0 1 0 0 0
0 0 0 0 0 1 0 0
0 0 0 1 0 0 0 0
0 1 0 0 0 0 0 0
0 0 0 0 0 0 0 1
0 0 0 0 0 0 1 0
0 0 0 0 0 0 1 0
0 0 0 0 0 0 0 1
0 0 0 0 0 0 0 1
0 0 0 0 0 0 0 1
0 0 1 0 0 0 0 0
0 0 0 1 0 0 0 0
0 0 1 0 0 0 0 0
0 0 0 0 0 0 1 0
0 0 0 0 0 0 1 0
0 0 0 0 0 0 1 0
0 0 0 0 1 0 0 0
0 0 1 0 0 0 0 0
1 0 0 0 0 0 0 0
0 0 0 0 1 0 0 0
0 1 0 0 0 0 0 0
0 0 0 1 0 0 0 0
0 0 0 0 0 1 0 0
0 0 0 0 0 0 0 1
0 1 0 0 0 0 0 0
0 1 0 0 0 0 0 0
0 0 1 0 0 0 0 0
0 0 0 0 0 1 0 0
0 0 0 0 0 1 0 0
0 0 0 0 0 0 1 0
0 0 0 0 1 0 0 0
0 0 0 0 0 1 0 0
0 0 0 0 1 0 0 0
0 0 0 0 0 0 0 1
0 1 0 0 0 0 0 0
0 0 0 0 0 1 0 0
0 0 0 1 0 0 0 0
0 1 0 0 0 0 0 0
0 0 0 1 0 0 0 0
1 0 0 0 0 0 0 0
0 0 0 0 0 1 0 0
0 0 0 0 0 1 0 0
0 0 0 0 0 0 0 1
0 0 1 0 0 0 0 0
0 0 0 1 0 0 0 0
0 0 0 0 0 1 0 0
1 0 0 0 0 0 0 0
0 0 0 0 0 1 0 0
0 0 0 0 0 1 0 0
0 1 0 0 0 0 0 0
1 0 0 0 0 0 0 0
0 0 1 0 0 0 0 0
0 0 0 0 0 0 1 0
0 1 0 0 0 0 0 0
0 0 0 1 0 0 0 0
0 0 0 1 0 0 0 0
0 0 1 0 0 0 0 0
0 0 1 0 0 0 0 0
0 0 0 0 0 0 0 1
0 0 0 1 0 0 0 0
0 0 0 0 1 0 0 0
1 0 0 0 0 0 0 0
0 0 0 0 1 0 0 0
0 0 1 0 0 0 0 0
0 0 0 0 1 0 0 0
0 0 1 0 0 0 0 0
0 1 0 0 0 0 0 0
0 0 0 0 0 0 0 1
0 1 0 0 0 0 0 0
1 0 0 0 0 0 0 0
0 0 1 0 0 0 0 0
0 1 0 0 0 0 0 0
0 1 0 0 0 0 0 0
0 0 0 0 0 0 1 0
0 0 0 0 0 1 0 0
0 0 0 0 1 0 0 0
0 0 1 0 0 0 0 0
0 0 0 0 0 0 1 0
1 0 0 0 0 0 0 0
0 1 0 0 0 0 0 0
0 0 0 0 0 0 1 0
0 0 1 0 0 0 0 0
0 0 0 0 0 0 0 1
0 0 0 0 0 1 0 0
0 0 0 0 0 0 0 1
0 1 0 0 0 0 0 0
0 0 0 0 0 0 1 0
0 0 0 0 0 0 0 1
0 0 0 0 0 1 0 0
0 1 0 0 0 0 0 0
0 0 0 0 0 1 0 0
1 0 0 0 0 0 0 0
0 0 0 0 0 0 1 0
0 1 0 0 0 0 0 0
0 0 0 0 1 0 0 0
0 0 0 1 0 0 0 0
0 0 0 0 0 0 0 1
0 0 1 0 0 0 0 0
1 0 0 0 0 0 0 0
0 0 0 0 1 0 0 0
0 0 0 0 1 0 0 0
0 0 0 0 0 1 0 0
0 0 0 1 0 0 0 0
0 0 0 0 0 0 0 1
0 1 0 0 0 0 0 0
0 0 0 1 0 0 0 0
0 1 0 0 0 0 0 0
1 0 0 0 0 0 0 0
0 0 0 0 1 0 0 0
0 0 0 0 0 0 1 0
0 0 0 1 0 0 0 0
0 0 0 0 0 1 0 0
0 1 0 0 0 0 0 0
0 0 0 0 0 1 0 0
1 0 0 0 0 0 0 0
0 1 0 0 0 0 0 0
0 0 0 1 0 0 0 0
0 0 0 0 0 0 1 0
0 0 1 0 0 0 0 0
0 0 0 0 1 0 0 0
0 0 0 0 0 0 0 1
0 1 0 0 0 0 0 0
1 0 0 0 0 0 0 0
0 1 0 0 0 0 0 0
0 0 1 0 0 0 0 0
0 0 0 0 0 0 1 0
0 0 0 1 0 0 0 0
0 0 0 0 0 1 0 0
0 1 0 0 0 0 0 0
1 0 0 0 0 0 0 0
0 0 1 0 0 0 0 0
0 0 0 0 0 1 0 0
0 0 1 0 0 0 0 0
0 0 0 0 0 1 0 0
1 0 0 0 0 0 0 0
0 0 1 0 0 0 0 0
0 0 0 0 0 0 1 0
0 1 0 0 0 0 0 0
0 0 0 0 0 1 0 0
0 0 0 0 0 1 0 0
0 0 0 0 0 0 0 1
0 0 0 0 0 0 0 1
0 0 0 0 0 0 0 1
1 0 0 0 0 0 0 0
0 0 0 0 0 0 0 1
0 1 0 0 0 0 0 0
0 0 0 0 0 1 0 0
0 0 0 0 0 0 1 0
0 0 0 1 0 0 0 0
0 0 1 0 0 0 0 0
0 1 0 0 0 0 0 0
0 0 0 0 0 1 0 0
0 0 1 0 0 0 0 0
0 0 0 0 0 0 0 1
0 0 0 0 0 0 1 0
1 0 0 0 0 0 0 0
0 1 0 0 0 0 0 0
0 0 0 0 0 0 1 0
0 1 0 0 0 0 0 0
0 0 0 0 0 0 1 0
0 0 1 0 0 0 0 0
0 0 0 0 1 0 0 0
0 1 0 0 0 0 0 0
0 0 1 0 0 0 0 0
0 1 0 0 0 0 0 0
1 0 0 0 0 0 0 0
0 0 0 0 1 0 0 0
0 0 0 0 0 1 0 0
0 0 1 0 0 0 0 0
0 0 0 0 1 0 0 0
0 1 0 0 0 0 0 0
0 0 0 1 0 0 0 0
0 0 0 0 0 0 1 0
1 0 0 0 0 0 0 0
1 0 0 0 0 0 0 0
0 1 0 0 0 0 0 0
0 1 0 0 0 0 0 0
0 0 1 0 0 0 0 0
0 0 1 0 0 0 0 0
0 0 0 0 0 0 1 0
1 0 0 0 0 0 0 0
0 0 0 0 1 0 0 0
0 0 0 0 0 0 0 1
0 0 0 0 0 0 0 1
0 0 0 1 0 0 0 0
1 0 0 0 0 0 0 0
0 0 0 1 0 0 0 0
0 0 0 0 0 0 1 0
0 0 1 0 0 0 0 0
0 0 0 0 1 0 0 0
0 0 0 0 0 1 0 0
0 1 0 0 0 0 0 0
0 0 0 0 0 0 1 0
0 0 0 0 0 0 0 1
0 0 0 0 0 0 1 0
0 0 1 0 0 0 0 0
0 0 0 0 0 1 0 0
0 0 0 0 0 0 1 0
0 0 0 0 0 1 0 0
0 0 0 0 1 0 0 0
1 0 0 0 0 0 0 0
0 0 1 0 0 0 0 0
0 0 0 0 1 0 0 0
0 0 0 0 1 0 0 0
0 0 0 1 0 0 0 0
0 0 0 0 0 1 0 0
0 0 0 0 0 0 0 1

Capacidades:
31 35 53 41 23 45 41 31
36 32 23 25 26 38 42 30
46 20 31 27 0 50 48 55
36 0 20 29 54 22 0 55
0 48 34 0 35 50 31 51
23 45 30 39 53 27 41 50
40 47 38 0 28 27 0 35
22 55 57 58 31 58 55 27
45 34 0 40 46 0 46 20
49 49 27 54 33 47 32 32
