m: 500
n: 10
p: 7

Distancias:
7.98 2.92 2.42 1.75 1.49 6.98 8.07 3.30 1.92 5.30
2.08 5.38 4.37 6.32 3.68 9.97 6.82 5.26 9.58 3.99
1.11 8.98 2.05 4.96 8.79 5.68 6.98 5.84 1.62 5.17
2.63 4.97 1.27 6.45 6.05 1.47 3.53 8.76 1.88 1.45
8.21 4.37 5.47 3.50 4.55 5.15 8.33 5.26 9.23 9.74
5.79 1.11 8.65 5.78 7.14 6.04 3.11 3.38 2.83 4.82
9.08 9.42 1.51 7.38 2.09 1.91 3.49 7.61 1.29 9.66
1.95 8.64 8.25 6.20 2.48 4.28 4.72 2.39 8.66 4.48
6.50 3.91 7.47 9.13 7.22 1.35 7.57 4.62 7.53 9.40
8.81 5.10 9.69 3.08 2.27 1.55 8.54 9.34 6.14 5.90
3.83 3.81 3.68 4.90 5.12 4.59 4.73 5.83 9.42 2.62
6.54 5.98 6.23 7.95 7.90 1.42 2.02 1.15 9.03 6.23
1.66 4.62 2.57 9.31 2.99 1.36 1.06 8.44 4.01 7.49
4.79 8.22 5.31 1.80 8.94 8.43 9.50 7.98 4.87 8.44
9.50 9.01 2.47 3.22 8.29 2.87 5.43 6.85 5.44 3.40
9.92 7.01 7.14 6.55 3.15 8.54 4.09 3.14 9.90 5.92
1.53 3.20 6.34 3.11 2.69 2.66 3.66 1.92 6.45 4.94
1.50 3.26 9.12 2.54 7.76 5.10 3.03 9.29 2.85 4.76
5.72 8.76 6.88 2.84 8.30 8.59 1.20 7.63 4.11 9.02
5.40 1.01 3.49 9.16 1.95 9.57 5.46 9.11 3.93 1.07
4.34 3.99 5.15 5.98 5.00 3.32 3.55 4.46 9.62 5.19
6.64 4.74 1.00 6.36 1.93 1.86 2.61 1.65 9.85 9.69
2.58 2.78 4.35 4.74 3.36 7.67 3.86 9.63 5.15 9.82
4.70 7.81 6.39 9.64 6.44 4.43 5.00 8.53 9.90 4.81
3.38 7.45 8.67 7.13 4.56 7.38 3.82 5.49 1.81 2.52
4.98 2.60 7.68 1.61 1.18 4.00 1.96 1.44 2.22 4.25
5.68 3.32 9.20 8.03 9.72 5.45 1.44 3.74 5.08 6.46
2.06 2.13 8.45 4.47 7.41 1.78 6.39 3.17 1.42 3.43
6.09 8.08 4.27 2.39 2.84 7.40 6.00 3.73 1.50 8.42
6.57 7.63 6.45 6.34 6.64 1.25 1.49 2.26 4.85 9.61
6.33 1.02 2.22 1.67 5.93 3.52 3.73 5.21 2.02 1.59
6.93 2.58 9.95 1.09 7.60 4.36 8.57 1.63 5.79 7.13
4.63 5.26 2.06 5.60 2.73 7.76 9.47 3.34 6.29 7.22
6.39 6.53 2.25 9.25 9.56 9.58 3.66 3.76 9.10 9.90
4.01 9.41 8.45 5.75 8.87 4.09 2.98 5.81 6.12 2.91
9.38 1.00 4.69 4.79 4.15 6.97 2.13 6.64 8.16 9.13
9.22 4.79 4.23 2.58 9.81 7.49 8.46 6.91 7.27 3.61
8.53 3.25 2.65 1.15 8.74 5.85 8.29 9.79 2.59 5.47
3.29 3.61 4.17 7.23 8.55 4.34 9.71 8.35 3.20 5.31
1.08 7.63 9.30 3.61 4.86 1.71 9.77 7.45 8.54 6.12
6.29 8.24 5.04 7.43 7.02 7.84 7.18 8.51 6.90 2.21
5.75 4.37 1.07 5.57 4.71 4.21 8.76 2.90 2.87 7.39
7.11 2.08 1.33 2.92 7.04 1.74 7.19 7.80 6.28 2.31
9.22 1.66 5.62 8.98 5.47 1.07 6.56 8.32 3.41 6.12
8.83 4.40 5.41 5.36 8.76 8.28 3.59 4.48 6.91 4.82
1.47 5.90 2.80 9.38 3.82 2.91 4.83 1.19 5.64 5.61
1.16 1.09 1.59 1.90 4.41 3.98 4.98 7.40 7.59 6.44
8.57 1.37 8.48 1.32 1.99 8.04 6.10 2.04 2.58 9.39
5.92 8.41 9.47 6.63 3.14 7.19 9.17 1.67 8.44 9.50
6.65 9.70 7.00 8.96 6.01 5.44 7.06 8.73 7.11 8.55
6.87 2.40 5.46 6.88 7.48 9.16 8.26 4.70 5.87 6.43
7.08 1.40 6.76 6.62 2.41 5.10 9.10 1.52 1.14 3.58
2.62 7.05 6.57 6.48 2.35 9.40 8.65 7.21 9.41 7.33
6.42 2.05 7.38 5.34 8.80 9.99 1.38 9.49 1.92 5.68
7.43 1.49 1.83 8.67 2.65 5.95 3.76 5.22 4.42 7.45
5.93 3.77 1.40 8.47 8.14 7.40 8.14 7.33 4.10 7.57
6.58 2.47 2.29 2.35 9.49 6.34 6.34 5.98 4.41 2.48
8.19 1.43 1.71 9.37 7.96 9.76 7.15 4.16 5.50 1.95
6.02 8.99 8.01 4.16 4.58 8.53 8.91 8.95 2.09 4.63
8.70 1.77 5.03 1.25 6.18 4.53 9.03 7.94 4.27 5.60
3.55 9.79 5.64 3.40 7.72 2.29 6.36 1.44 10.00 1.84
5.34 1.93 9.98 4.04 3.60 6.84 3.89 9.86 2.00 3.84
6.55 3.01 1.97 1.15 2.08 3.06 4.33 9.54 4.92 5.06
4.45 5.07 2.34 5.13 7.35 3.33 3.60 5.83 6.65 2.74
4.65 2.71 4.69 6.08 9.86 1.10 1.87 3.21 5.75 3.09
6.22 9.27 7.94 1.10 3.26 9.61 7.06 9.66 3.88 5.03
4.28 4.10 5.82 1.71 9.28 5.13 8.67 1.57 7.16 2.82
7.79 5.48 7.95 8.33 7.18 2.54 7.58 9.44 4.92 7.35
9.86 3.23 1.21 7.74 7.93 9.50 9.98 8.62 5.66 9.04
3.29 3.36 9.49 1.77 8.45 2.57 4.69 4.84 1.50 3.68
6.03 2.71 2.50 8.26 6.81 9.71 4.99 9.45 4.70 8.36
3.11 6.06 8.99 6.23 5.13 7.73 5.01 4.44 1.03 9.15
6.72 4.14 4.06 5.82 2.85 1.75 5.68 1.15 4.08 9.45
4.12 4.49 7.17 3.09 9.63 7.84 6.29 9.11 1.44 1.03
9.31 6.21 1.45 3.86 5.30 1.06 9.05 6.59 1.08 5.98
3.66 9.76 6.24 8.43 2.51 4.78 5.29 1.48 2.08 4.61
9.18 3.90 2.34 5.60 5.02 2.98 5.42 1.41 8.72 4.00
7.53 2.99 3.64 6.41 7.32 8.58 5.40 7.35 2.54 8.43
1.84 1.33 6.68 6.71 2.56 3.93 1.80 1.70 7.96 7.32
2.34 9.60 3.79 7.91 1.24 6.34 3.21 3.01 8.94 9.64
7.90 6.37 8.25 3.59 6.95 4.55 8.07 2.74 1.38 9.11
9.50 8.38 9.02 1.18 5.58 4.74 9.44 4.83 6.32 8.96
8.41 9.25 9.59 6.58 6.38 2.37 9.29 5.24 8.09 9.06
4.03 2.45 2.68 3.42 2.89 2.33 7.64 2.07 3.88 2.30
4.15 4.80 2.55 4.17 8.49 6.95 2.99 6.24 4.69 6.67
9.83 7.89 7.99 1.44 6.47 1.14 7.13 3.05 8.81 7.32
1.19 5.92 1.79 7.54 8.29 2.31 4.83 1.49 2.05 8.07
2.39 8.69 2.40 5.30 8.78 7.71 6.64 4.68 5.20 5.75
8.46 6.52 1.64 2.47 7.81 9.11 3.96 5.27 8.28 5.21
5.87 3.44 9.06 3.35 1.28 1.14 1.27 3.38 8.28 4.59
3.07 5.93 1.77 1.46 4.82 6.84 8.47 5.50 8.78 2.13
8.78 4.31 3.43 5.09 4.44 4.79 4.57 3.77 6.60 2.78
5.30 1.39 5.93 8.68 4.53 6.42 5.11 4.01 6.98 7.69
4.28 6.46 9.56 5.15 3.54 6.66 1.08 6.82 9.05 7.80
3.32 7.40 5.45 7.27 7.62 1.11 5.32 2.36 6.99 8.29
4.15 3.30 5.00 2.38 7.85 7.30 2.61 3.87 2.36 7.02
3.05 8.54 1.76 3.75 7.72 5.39 9.53 4.98 2.68 2.30
2.33 1.21 7.63 6.26 1.05 4.14 3.28 4.82 4.06 3.64
3.76 4.76 7.51 5.48 1.39 7.29 4.61 3.25 1.03 5.10
1.66 4.36 2.73 8.11 7.36 3.29 9.48 2.35 8.63 7.02
9.87 1.36 1.71 1.91 9.69 4.49 1.18 8.60 4.25 3.34
6.81 9.47 7.20 6.48 4.51 6.20 6.16 9.07 9.07 9.32
8.08 8.05 8.21 5.99 5.69 3.11 2.33 7.25 6.66 4.57
6.34 4.45 4.77 6.30 5.62 8.10 2.37 9.20 7.28 5.73
3.57 8.42 4.01 3.24 8.00 1.92 6.44 9.83 2.57 3.49
6.26 3.62 2.21 1.05 9.78 8.08 8.39 9.98 8.75 6.43
2.86 1.54 7.62 9.15 8.19 6.73 2.16 7.48 7.43 4.21
5.71 8.01 5.17 1.89 8.69 3.41 6.05 6.25 6.53 5.80
6.63 9.25 8.54 8.56 9.50 7.09 6.14 4.94 2.68 4.01
5.63 4.04 1.03 7.91 3.82 3.64 2.10 5.68 1.79 6.60
7.56 4.44 1.39 7.62 7.58 4.80 7.54 2.65 7.91 8.49
2.55 2.95 6.87 2.97 2.97 1.21 6.12 2.91 8.71 2.41
4.68 6.06 7.05 9.28 7.25 4.29 5.17 3.93 8.21 9.88
4.18 9.11 1.60 7.29 9.66 6.87 6.43 2.71 7.85 5.14
3.05 1.26 2.62 9.30 4.41 7.08 8.31 2.14 5.19 5.51
7.44 3.85 7.13 9.73 6.30 6.24 7.41 2.97 5.22 3.23
7.19 8.54 7.23 5.57 1.43 1.60 7.10 8.23 3.26 6.68
2.15 8.60 4.83 5.43 4.35 2.27 8.00 5.23 1.55 3.44
8.50 6.53 5.02 8.24 3.40 4.34 8.16 7.71 2.43 8.04
5.99 3.88 7.52 1.53 6.58 9.91 1.18 5.60 1.14 2.38
5.61 1.41 7.18 8.60 4.46 2.38 8.80 2.46 9.23 4.99
2.16 8.47 4.90 9.29 7.19 7.65 4.32 6.65 1.01 9.94
3.05 5.36 5.69 9.79 1.49 4.26 4.95 5.31 4.42 4.54
9.27 8.80 5.68 9.59 5.33 1.03 7.76 9.39 1.22 6.61
2.85 2.57 5.94 7.75 4.59 2.46 8.02 8.11 1.61 7.75
7.37 4.31 7.54 2.46 6.18 5.05 6.18 7.29 1.92 7.34
8.31 9.90 3.19 8.67 4.77 2.64 8.93 1.06 3.12 5.92
9.10 2.95 6.00 2.87 5.14 9.34 9.51 8.44 5.24 7.79
3.27 6.13 9.47 8.46 4.33 6.70 6.39 1.48 1.80 7.42
7.61 4.88 2.86 1.32 5.21 8.57 7.57 9.21 7.01 7.65
9.73 9.97 9.93 9.30 1.33 4.87 5.27 1.48 3.76 4.85
9.33 8.38 7.59 5.49 1.18 3.12 5.28 3.77 2.06 7.66
4.18 7.20 8.26 9.08 2.90 8.06 7.07 7.65 7.98 6.53
1.57 3.57 7.74 5.20 5.90 5.20 6.49 1.84 9.57 2.14
7.83 4.88 1.19 2.59 3.16 7.30 2.05 6.23 2.32 2.39
9.81 6.55 2.60 2.41 1.21 8.98 2.31 3.63 3.65 9.11
3.47 7.51 2.60 8.09 5.72 9.21 3.49 1.16 8.97 9.52
5.49 8.15 4.73 7.67 5.00 4.32 3.51 3.38 7.50 9.02
7.98 5.40 8.27 6.67 9.27 5.43 6.90 8.85 8.77 1.29
7.86 8.68 2.16 7.69 5.99 4.14 9.71 2.93 9.26 5.86
1.70 6.35 8.09 8.83 9.95 3.09 5.77 2.62 7.15 8.19
6.54 5.17 4.80 8.16 7.02 2.18 4.16 5.25 6.38 7.37
5.62 6.89 3.18 8.52 7.51 1.66 3.63 8.85 9.55 1.87
8.90 2.16 1.68 2.69 2.19 1.57 1.02 1.14 4.36 1.90
9.84 1.97 5.24 2.42 1.25 7.90 5.33 1.31 4.26 8.62
3.73 7.16 2.42 2.93 9.20 2.77 5.95 5.11 1.50 3.31
3.86 2.39 6.44 4.42 8.01 8.28 8.48 8.72 5.32 3.87
1.13 6.09 3.81 6.32 4.90 6.51 2.80 8.29 2.77 8.99
8.77 2.63 3.86 6.39 5.39 8.81 7.80 1.61 1.64 7.28
9.54 3.36 4.08 5.52 8.77 4.67 6.02 5.79 1.33 8.49
6.55 2.42 9.50 7.06 2.13 9.11 9.40 4.37 8.59 3.83
3.98 1.19 6.64 6.66 5.48 7.58 7.58 5.82 5.92 4.09
2.68 2.52 2.06 5.80 1.40 2.36 5.79 1.25 2.08 4.21
8.24 4.47 4.64 7.55 3.43 3.59 9.84 6.57 5.19 5.57
5.48 5.04 4.75 8.82 1.58 7.60 3.42 7.35 2.51 8.31
9.41 1.05 5.81 3.24 6.28 1.01 3.93 4.81 9.73 4.57
4.45 1.63 4.28 1.34 1.16 7.09 3.61 3.63 1.65 3.40
4.40 8.92 1.40 7.36 5.08 5.14 4.45 2.64 9.99 9.95
3.75 5.61 4.38 8.91 2.13 8.70 1.84 9.60 5.94 8.30
8.19 2.46 3.47 8.41 6.35 1.53 5.22 5.94 5.03 6.11
6.70 9.28 4.43 9.40 8.94 1.78 1.71 2.14 7.57 7.75
6.79 1.69 3.05 3.59 7.56 3.47 6.32 3.79 4.69 1.98
8.28 9.05 8.44 2.44 3.78 2.14 5.89 8.56 7.75 6.50
7.01 2.52 8.47 4.94 8.79 1.24 6.34 9.54 4.54 5.06
7.04 4.20 1.44 3.13 8.90 3.15 8.22 3.60 6.74 8.48
8.21 4.38 8.01 4.10 8.42 3.99 3.49 4.07 6.98 6.52
7.26 2.39 5.14 1.27 4.06 2.06 5.77 2.37 7.80 4.99
9.18 2.75 6.08 9.40 6.17 4.60 3.57 7.10 4.50 6.85
6.64 9.91 4.09 5.07 7.19 4.27 9.33 5.66 3.12 6.48
3.80 9.74 4.65 6.49 4.38 3.93 3.82 1.98 1.75 1.67
6.24 9.32 7.25 6.60 4.34 2.44 6.32 5.90 8.87 6.54
6.32 1.88 8.35 5.40 9.15 2.33 6.69 9.09 2.95 6.32
6.40 1.42 5.58 8.84 3.87 4.10 5.73 1.62 3.07 2.59
5.66 5.70 8.51 8.29 5.21 9.78 7.15 4.95 9.40 5.39
2.20 5.71 6.05 4.10 8.25 9.64 7.13 9.63 2.20 8.55
7.27 2.17 2.78 1.62 2.23 1.01 4.58 1.72 5.67 5.24
9.32 6.07 4.99 3.88 8.95 8.06 8.94 3.37 7.18 2.96
2.82 9.16 5.40 8.15 9.22 4.09 1.00 4.61 1.30 8.86
2.63 4.25 7.30 7.06 5.61 3.99 1.66 6.89 1.76 6.14
3.78 3.86 4.74 3.87 9.27 4.53 2.03 7.48 8.60 9.48
5.35 7.50 7.23 8.70 7.85 5.57 8.29 8.81 2.61 8.96
7.67 5.46 2.43 8.71 3.68 8.30 5.52 4.05 5.13 6.38
3.75 7.39 4.22 7.94 1.93 5.89 8.32 9.62 8.90 3.01
6.22 7.11 1.16 2.55 6.93 5.22 8.88 2.61 8.87 2.38
8.71 3.84 3.75 3.86 7.13 8.98 3.58 8.56 4.28 5.16
9.02 4.66 9.19 6.52 2.91 9.01 1.35 7.93 8.48 1.02
6.50 4.85 3.00 3.26 1.16 1.60 7.23 3.79 5.99 7.67
4.51 3.69 5.08 7.10 5.11 1.96 8.17 2.68 9.25 1.96
9.49 3.59 4.12 1.21 4.13 4.79 1.86 5.49 5.45 7.25
3.33 7.13 9.34 6.05 5.33 5.79 2.60 4.87 7.75 5.61
4.65 2.08 2.92 7.87 5.73 3.30 9.74 7.83 1.45 8.48
3.55 8.66 7.69 7.71 5.41 1.56 8.03 8.31 7.71 3.34
3.42 2.49 7.75 1.37 3.77 1.34 8.65 8.07 9.07 5.70
2.89 1.52 6.27 3.95 2.54 6.52 3.60 9.62 5.74 1.00
4.65 8.25 2.35 7.34 8.70 6.63 6.30 7.70 6.50 3.56
6.68 8.58 4.38 1.62 4.70 2.91 9.66 2.35 8.59 2.17
2.05 1.41 5.08 7.22 4.10 1.51 6.01 6.58 7.90 4.43
2.99 2.22 4.13 4.78 2.02 2.76 4.68 6.11 7.70 7.19
7.40 4.65 1.17 5.12 6.42 5.03 6.09 2.42 5.20 1.91
6.44 5.17 6.06 1.80 3.19 3.70 5.23 1.68 7.70 4.15
2.55 9.13 9.77 6.84 5.95 2.79 9.12 5.20 8.55 1.17
5.08 6.65 8.53 8.22 2.72 8.53 9.82 3.56 9.87 6.00
2.98 4.91 9.97 2.76 8.36 5.66 3.86 1.80 3.57 2.01
7.54 4.37 6.81 9.49 2.94 9.95 6.93 2.37 8.08 9.93
6.36 3.12 9.40 4.92 3.35 5.89 7.79 4.82 2.58 2.25
5.99 7.03 2.61 8.26 8.63 8.39 7.72 6.30 8.22 1.94
5.06 9.88 1.97 6.78 7.78 4.10 7.70 1.05 9.30 8.15
3.70 5.19 4.79 2.61 3.57 3.64 8.55 7.85 4.88 5.35
4.16 3.64 7.78 1.66 5.96 9.97 1.58 1.16 4.48 8.98
6.09 5.82 2.51 2.90 7.19 2.55 1.77 5.29 4.55 5.77
4.68 4.60 2.86 8.55 7.19 1.19 8.45 5.04 5.22 7.57
6.10 1.66 1.97 1.56 9.68 5.59 7.59 6.68 5.42 6.92
1.73 5.92 1.37 1.71 8.02 7.96 2.54 2.15 2.47 6.44
7.01 4.15 6.28 4.65 3.20 2.74 6.12 9.88 1.85 8.13
7.27 3.13 3.43 1.88 2.63 9.86 2.38 4.81 5.49 5.14
9.94 2.07 6.98 6.95 5.32 6.75 9.61 3.63 1.60 3.63
8.02 1.36 9.94 5.03 6.13 5.66 7.24 2.16 4.60 7.51
8.95 3.09 6.21 5.56 1.28 1.46 9.65 3.96 6.09 3.46
3.34 7.14 3.01 7.43 5.10 8.57 5.89 8.03 5.25 1.76
1.69 6.40 7.78 5.51 4.14 1.93 2.39 9.36 4.82 1.40
3.03 4.07 5.26 6.49 2.22 5.73 3.65 2.30 4.57 5.32
4.45 1.13 8.85 6.76 8.33 6.88 1.99 1.20 7.42 1.44
1.63 3.56 9.61 8.08 2.86 8.68 1.40 1.50 2.63 4.71
3.02 9.74 1.66 9.99 6.73 2.83 1.71 9.94 8.08 4.78
6.58 10.00 5.36 3.05 9.61 2.67 2.13 4.26 3.42 6.80
9.78 4.65 8.88 8.88 2.34 7.73 7.33 4.92 3.71 3.72
8.98 7.39 6.28 4.36 1.46 6.86 2.70 1.22 6.86 7.19
7.56 2.98 3.02 4.12 6.62 4.87 5.77 1.10 1.85 2.42
7.36 3.32 2.59 8.08 4.99 5.78 1.58 8.36 2.22 7.89
6.74 5.24 7.62 5.93 9.07 8.47 2.87 8.25 5.02 2.55
4.18 2.35 6.54 1.42 9.96 2.72 4.41 4.87 7.70 4.63
5.28 4.83 4.82 7.64 2.62 6.09 1.38 8.02 5.91 9.23
1.75 8.59 7.15 5.85 5.19 1.37 7.79 2.71 5.32 1.67
6.29 8.28 9.22 9.12 1.97 3.66 5.97 6.06 3.68 2.65
1.81 9.93 8.12 9.04 3.84 5.76 3.76 7.58 5.98 3.67
2.16 6.63 1.67 6.72 5.70 5.94 3.42 9.95 7.22 5.11
2.51 3.29 1.33 3.00 6.48 7.78 1.06 2.57 3.52 5.99
4.66 2.39 6.07 9.63 3.32 4.61 1.52 6.26 1.93 3.25
7.15 3.39 6.72 2.84 9.76 3.60 1.81 9.81 9.01 2.45
8.43 2.30 2.42 4.79 3.04 8.49 3.35 9.19 4.77 2.94
2.74 5.16 7.65 1.85 9.52 1.66 2.64 5.97 6.76 6.77
4.68 8.76 9.98 6.56 1.11 9.37 1.08 9.37 4.02 7.56
6.22 1.57 1.65 3.89 1.53 8.98 4.53 7.19 5.36 2.90
1.49 9.95 7.71 2.58 2.48 5.74 7.75 9.21 8.36 9.20
5.61 8.56 1.46 8.39 3.49 1.48 8.58 5.94 3.53 5.08
5.38 3.82 2.17 1.42 5.92 8.08 7.78 4.94 7.45 4.53
3.20 3.93 3.32 8.26 6.00 6.74 4.48 2.89 2.54 6.89
4.54 9.77 8.11 9.97 7.98 7.24 4.98 2.76 2.16 1.12
6.90 1.89 8.57 5.78 3.25 1.49 1.98 3.64 6.95 2.40
4.98 6.43 6.47 9.59 8.74 8.06 5.23 8.19 1.93 6.97
8.50 7.36 7.48 4.33 4.81 2.06 7.57 1.97 4.49 7.67
7.04 4.25 1.70 6.74 2.99 6.52 2.20 2.60 1.31 6.47
3.13 3.75 2.55 5.15 1.59 2.79 2.21 3.37 1.20 9.31
2.22 1.15 2.59 4.52 9.35 1.30 8.27 1.95 9.47 6.87
6.56 8.14 6.13 9.00 9.97 6.49 2.64 1.87 2.51 2.94
7.18 7.10 5.76 5.07 3.45 8.13 4.41 9.66 4.22 8.23
3.80 1.10 6.18 9.40 6.61 1.34 2.85 1.14 3.26 2.76
8.68 8.69 7.72 5.33 9.28 9.17 8.13 7.54 3.80 1.51
6.21 7.53 3.11 3.12 5.47 5.42 6.08 2.60 3.03 6.84
7.58 5.39 1.79 2.47 7.60 7.37 9.27 1.35 9.36 2.32
4.31 1.86 4.79 3.75 3.06 9.40 3.23 8.38 5.30 6.75
5.58 1.46 1.33 6.16 5.13 9.95 4.82 3.31 4.76 4.21
7.07 4.74 6.20 2.61 1.83 1.69 5.83 2.90 3.23 7.01
5.92 1.70 1.02 8.97 7.76 4.41 2.67 1.15 5.60 7.30
5.26 9.32 1.59 4.90 3.52 6.48 2.27 8.91 5.53 4.39
3.92 6.66 2.34 1.47 6.95 9.37 4.74 4.04 2.51 4.01
7.73 7.51 9.25 9.10 3.63 1.33 5.20 5.77 5.31 5.78
7.26 7.16 9.87 1.11 9.31 4.01 2.63 5.94 7.07 1.46
5.15 9.59 7.45 8.92 3.23 7.06 1.28 3.02 5.33 1.55
2.70 4.70 3.49 6.27 6.14 5.23 3.54 8.90 6.67 9.85
6.61 1.47 1.70 7.22 5.34 7.36 2.66 3.15 1.37 3.42
7.10 1.97 2.17 3.30 9.62 3.32 5.06 1.95 8.34 9.65
3.03 1.21 9.18 6.62 9.05 3.82 8.35 2.82 1.98 8.50
1.91 9.89 9.84 9.15 2.73 1.93 3.12 4.49 9.35 5.95
1.85 6.52 8.04 4.38 9.30 6.25 2.86 1.61 3.13 9.37
6.50 9.84 1.80 6.36 4.51 5.87 8.66 6.07 3.87 5.69
2.96 1.02 2.63 4.56 7.86 7.51 5.67 8.11 7.90 8.94
2.89 9.08 7.33 4.18 9.75 7.91 8.47 6.05 9.54 5.54
9.65 2.35 1.13 5.47 1.25 3.27 4.79 2.17 6.11 5.94
4.12 5.59 5.73 5.24 9.37 9.51 7.39 5.00 5.85 8.22
3.96 9.57 1.53 9.88 1.45 4.91 7.01 8.32 8.95 6.18
3.33 4.14 4.47 7.87 3.60 6.55 2.62 5.48 5.62 8.74
8.84 6.84 3.41 9.49 3.65 2.69 6.28 8.49 1.36 1.42
3.74 3.76 8.57 5.95 9.09 1.44 4.42 9.27 3.54 4.26
9.62 1.26 4.06 4.26 8.53 3.44 7.15 3.68 2.31 2.76
2.33 1.96 7.62 1.03 8.86 2.62 5.19 4.83 7.52 4.50
5.30 8.60 8.92 8.91 4.64 9.45 1.36 5.54 8.67 6.24
7.59 5.13 9.54 5.19 2.57 6.67 5.03 1.28 1.71 9.91
9.63 4.60 7.33 5.60 4.70 5.84 6.17 8.83 9.98 9.97
7.34 3.36 3.11 6.88 4.39 2.84 8.74 8.26 6.08 8.15
4.54 6.76 9.71 4.27 1.50 2.05 3.31 9.12 4.58 3.64
1.41 3.60 2.23 4.38 9.43 1.99 4.59 5.68 2.10 6.92
2.78 8.19 5.20 3.75 6.43 2.56 2.46 7.23 4.96 9.79
6.84 6.72 3.86 5.31 1.66 9.31 5.59 5.81 3.39 1.72
6.59 4.58 6.55 5.38 6.22 4.00 1.73 8.28 3.26 2.95
8.11 5.09 4.74 9.24 2.09 4.80 2.76 5.03 5.85 4.40
3.94 3.15 3.26 1.31 6.98 7.50 5.29 7.05 9.43 1.19
7.86 3.70 2.01 7.06 7.74 1.88 1.07 7.09 6.99 1.17
8.33 7.74 8.16 6.25 6.39 5.07 1.28 7.66 2.64 4.99
5.21 5.27 8.89 4.29 5.42 8.74 5.81 5.30 2.23 2.08
6.89 1.30 2.15 8.46 4.69 8.34 3.45 5.96 7.96 6.52
4.77 9.01 3.89 4.08 3.20 4.33 2.98 6.16 3.37 4.34
3.64 4.15 2.91 5.99 3.15 4.68 3.31 2.61 8.70 7.44
2.08 7.72 8.58 7.97 6.22 4.56 5.79 8.24 6.63 8.90
2.53 9.08 6.93 5.88 3.82 1.36 7.02 7.59 5.78 4.30
4.71 3.23 9.87 9.53 6.81 8.64 1.06 1.88 8.30 5.88
9.24 1.32 3.64 5.17 1.74 8.56 6.92 9.86 5.01 2.69
2.31 3.87 3.23 3.73 2.02 8.77 5.06 4.14 7.22 3.02
4.70 8.34 8.50 6.60 8.27 4.13 4.20 9.16 9.94 6.81
4.26 4.16 7.13 5.81 2.18 1.21 7.04 5.26 6.50 1.14
9.16 7.08 1.46 7.42 8.09 9.75 2.99 5.23 3.85 5.81
5.33 1.19 4.21 9.09 9.56 4.86 8.88 2.19 2.04 3.75
5.50 9.90 5.73 3.32 8.87 2.61 8.82 2.60 9.46 6.18
6.16 1.90 5.27 7.49 9.89 1.92 9.94 6.99 4.19 1.00
9.96 4.06 6.04 8.97 4.28 9.17 8.93 7.66 1.12 1.97
1.35 2.49 2.54 9.69 4.76 6.85 9.01 4.33 4.33 6.72
4.40 3.15 1.04 8.68 4.10 6.52 5.39 4.51 9.34 8.81
1.78 6.22 6.46 9.82 1.95 3.25 9.80 6.52 5.54 1.35
1.55 6.77 4.72 5.44 2.73 3.11 7.53 7.06 1.07 8.82
9.38 9.34 2.88 7.81 4.89 3.77 3.64 4.63 4.23 3.71
2.68 3.44 2.61 8.22 4.92 1.70 4.97 6.76 5.39 5.95
4.68 8.45 1.20 1.47 9.80 2.94 7.08 4.98 1.11 2.00
9.68 7.17 9.57 7.30 7.58 4.74 6.59 2.55 7.57 4.13
3.66 2.94 6.02 7.48 4.71 6.74 2.21 3.49 2.23 9.32
8.46 1.94 6.23 6.44 2.01 2.47 9.42 7.82 1.25 4.20
8.70 4.05 7.84 6.45 1.95 9.05 3.54 2.87 5.72 8.98
8.04 3.42 5.55 6.36 7.99 9.08 3.60 8.74 7.67 8.77
5.04 3.68 6.01 2.68 4.53 2.06 7.60 7.27 7.84 2.03
2.09 5.30 2.58 5.80 5.84 7.57 6.26 6.19 7.90 5.19
5.47 1.28 5.25 3.99 1.09 5.22 7.28 3.91 8.49 9.72
5.47 1.79 3.20 7.89 4.58 2.40 3.69 5.59 6.45 4.27
1.44 8.97 7.95 1.21 1.65 5.52 1.85 5.47 8.11 6.29
3.25 9.69 8.84 7.43 4.81 6.89 4.18 2.23 2.44 3.14
2.77 8.39 4.92 2.14 2.54 3.47 1.44 9.49 7.02 1.57
6.47 9.20 1.39 5.60 1.79 6.25 8.47 2.51 3.11 1.17
6.75 9.57 6.03 5.01 7.98 4.67 8.38 4.60 9.56 3.45
8.47 9.70 5.95 6.05 8.62 6.71 9.13 2.08 2.87 3.26
7.64 3.48 7.19 7.79 1.93 8.60 2.47 3.99 1.05 4.36
1.30 6.00 3.54 7.30 3.83 6.48 4.49 6.64 2.71 2.53
1.85 4.31 3.66 5.26 4.59 5.81 4.49 1.39 1.81 6.64
9.79 5.06 4.63 3.26 9.25 4.91 5.93 6.01 5.47 1.99
9.22 5.94 3.47 6.11 1.48 7.45 7.94 5.53 9.53 4.03
3.88 6.11 2.41 1.50 2.30 7.28 5.47 3.69 4.25 1.37
3.11 9.54 6.41 9.39 8.15 1.82 4.77 8.25 7.65 1.41
4.33 3.50 7.88 6.41 1.68 1.38 3.05 5.32 4.74 4.69
5.83 2.14 5.27 6.20 7.95 9.46 4.26 4.72 7.12 9.70
5.54 6.94 6.85 9.52 8.61 6.18 7.47 8.56 3.57 9.11
5.53 4.09 9.29 2.45 2.98 4.63 3.17 3.69 5.57 6.95
8.99 5.76 6.61 3.79 4.87 5.10 5.11 7.04 2.92 1.45
4.33 5.04 4.08 4.40 7.82 3.97 7.36 6.23 7.67 8.56
5.15 3.53 2.26 3.02 8.13 5.00 6.32 6.56 6.49 7.10
9.08 4.89 3.69 9.59 9.40 1.70 5.68 5.78 9.71 3.06
4.34 4.43 9.73 2.59 3.35 5.23 7.95 4.75 3.30 7.50
3.37 7.63 4.68 1.16 5.40 4.78 2.16 7.22 8.52 3.97
6.05 1.17 1.92 7.53 6.56 7.17 8.30 6.15 2.12 2.69
8.03 8.69 6.93 2.09 6.79 9.36 7.61 5.25 8.52 9.00
4.12 3.10 7.18 1.94 3.64 9.04 6.83 1.22 5.37 2.16
3.78 8.31 8.46 5.11 4.29 8.66 7.57 9.61 6.12 9.93
2.51 8.90 2.68 5.01 2.09 8.46 7.94 7.38 4.53 1.48
4.42 6.17 4.08 3.88 8.98 1.78 3.67 7.34 3.49 2.45
1.64 6.49 2.98 3.23 1.99 7.74 6.40 4.73 8.97 7.73
8.84 5.58 9.48 1.92 6.40 7.51 1.12 8.74 1.83 9.69
1.14 3.70 1.58 6.29 9.16 4.81 6.33 4.80 4.71 1.44
8.98 6.94 4.89 8.11 1.74 8.55 1.92 1.27 4.19 5.02
7.04 9.34 6.89 2.07 8.00 5.40 6.09 7.07 4.87 8.70
6.98 6.61 9.82 3.28 9.58 7.27 4.61 5.07 2.34 6.45
8.72 3.32 3.32 7.35 6.43 2.39 7.08 7.59 7.93 1.25
9.92 8.31 2.62 3.28 3.95 4.18 4.52 1.18 8.85 3.22
4.18 6.85 9.11 4.39 7.38 1.19 2.44 4.23 1.16 7.46
3.94 5.18 1.44 7.20 7.97 7.89 6.09 9.60 5.51 6.46
3.28 3.86 8.97 7.58 2.17 8.85 7.92 5.77 9.24 9.83
4.18 8.68 2.44 9.32 6.13 2.55 4.57 2.43 2.70 7.11
3.24 8.50 6.58 8.77 9.18 2.58 3.26 1.25 8.49 6.27
5.40 5.02 6.23 7.73 7.42 1.66 1.83 3.12 9.13 2.49
1.14 2.46 4.96 8.19 9.88 3.46 9.29 9.97 5.59 3.88
5.09 5.79 6.90 4.96 4.34 2.25 9.40 9.91 5.82 7.53
1.93 9.43 9.19 5.91 2.99 3.98 2.86 3.61 2.78 1.56
1.23 1.25 3.59 7.08 1.15 3.42 9.49 4.07 9.68 4.84
8.04 5.71 6.97 3.58 8.90 1.93 7.93 2.54 5.43 4.34
1.91 5.04 6.53 1.32 6.48 3.05 3.70 6.00 5.14 4.61
6.48 9.43 5.89 4.94 2.18 1.08 8.14 7.94 3.20 7.25
8.36 7.48 4.94 7.51 6.30 9.99 8.70 1.61 2.06 1.06
7.72 6.76 8.50 7.10 8.39 5.34 3.69 6.54 1.58 8.76
4.43 6.23 9.03 4.08 2.95 6.85 3.94 7.22 4.44 8.77
7.44 9.87 9.38 9.06 5.31 6.31 2.66 9.05 7.29 8.30
9.02 3.59 6.38 9.78 3.37 9.56 8.72 6.01 6.98 6.35
9.18 1.50 7.64 3.98 2.07 3.79 5.73 5.56 5.29 3.53
2.11 3.05 5.41 5.23 7.68 9.68 8.89 9.73 7.68 7.59
6.80 8.68 6.07 8.73 7.30 1.71 1.30 6.59 9.27 1.58
5.45 3.61 2.67 2.31 8.63 1.44 7.23 3.11 2.51 9.72
3.89 4.27 1.03 4.37 4.62 6.62 7.48 4.54 3.72 9.95
8.27 2.53 7.96 5.32 2.74 5.33 1.30 1.05 8.51 7.64
8.97 9.82 7.60 9.77 9.72 6.06 3.55 6.38 3.28 4.25
5.29 2.89 1.96 6.40 1.19 4.69 4.54 8.96 6.32 4.78
5.48 9.66 8.14 3.32 1.14 1.26 2.35 8.35 7.36 5.10
3.75 5.68 7.82 6.16 7.30 5.42 9.13 6.19 4.75 2.86
7.52 8.75 3.54 1.72 9.05 4.50 1.20 7.26 3.23 1.55
8.53 2.37 8.74 4.94 3.95 8.23 1.57 6.44 5.64 1.97
6.96 7.57 5.78 5.84 6.67 2.79 6.69 4.89 2.20 7.33
3.87 7.80 9.34 1.08 8.55 8.19 4.58 3.39 6.77 2.65
6.37 7.65 5.80 9.60 2.00 5.46 4.30 2.98 2.05 6.50
5.40 8.67 5.19 2.26 4.60 8.76 4.76 5.61 5.32 1.08
7.49 5.41 3.50 5.68 4.04 3.83 2.68 2.27 8.97 9.69
2.10 4.17 5.48 1.98 5.00 9.35 3.04 9.98 3.85 9.01
8.28 6.76 6.84 9.61 3.32 3.93 2.96 5.24 6.01 8.56
3.59 2.66 1.81 3.14 5.89 5.76 2.71 7.07 8.28 4.33
5.20 8.87 6.33 5.80 5.01 8.82 2.69 7.26 2.16 9.04
3.66 2.58 3.61 1.02 8.17 2.62 5.87 4.15 7.10 5.49
9.49 1.92 4.12 5.27 6.46 3.01 5.03 7.36 6.54 1.49
5.34 3.64 3.20 2.98 4.25 5.90 4.46 7.32 6.67 5.89
4.82 7.18 6.37 1.07 6.19 9.89 6.16 4.87 7.44 1.86
3.55 3.81 1.18 1.85 8.56 6.12 4.18 4.19 4.80 5.54
6.42 5.83 6.02 6.53 2.40 3.45 8.62 2.95 1.09 4.66
9.34 6.02 5.24 6.54 4.14 3.83 9.72 4.16 7.27 3.42
6.73 1.75 9.44 1.78 1.38 3.45 4.12 3.53 9.23 8.93
2.36 4.03 8.51 3.12 5.26 6.96 8.30 7.80 4.10 9.32
4.06 4.20 9.50 8.98 2.69 5.77 4.98 1.45 1.56 6.27
4.23 8.58 1.08 8.68 8.04 4.08 1.49 5.65 1.13 5.83
1.05 5.56 3.12 7.70 7.94 5.52 5.45 3.29 7.53 2.00
8.31 1.46 4.51 3.42 2.98 3.02 4.23 2.04 5.78 2.37
8.74 1.16 8.25 5.12 1.71 2.39 4.09 8.57 3.15 7.19
1.26 3.25 4.95 5.67 4.37 4.76 3.08 2.69 2.76 7.55
9.28 4.74 9.75 1.24 3.04 1.20 8.86 1.35 2.69 6.66
9.88 4.06 9.85 5.50 9.01 2.41 8.03 1.47 5.61 6.19
3.60 3.06 6.80 1.32 5.12 4.85 7.76 8.27 6.90 3.34
8.36 6.19 2.83 9.17 6.62 4.96 1.67 6.24 3.75 1.84
7.07 3.13 3.94 2.42 2.24 4.24 8.61 6.57 1.52 7.21
5.68 8.97 5.07 9.80 7.90 4.64 7.71 1.79 1.62 7.17
2.92 1.13 3.04 7.96 4.14 5.58 9.32 1.17 5.03 2.79
4.05 3.57 9.04 7.20 5.68 3.95 6.99 8.25 1.49 7.35
1.57 4.43 2.78 6.60 5.84 2.00 1.85 3.12 5.90 4.13
3.03 3.71 8.12 5.28 7.60 6.75 7.04 9.93 8.55 2.53
3.24 2.44 5.00 4.08 9.82 8.77 2.97 5.13 7.20 8.22
6.07 3.82 6.39 5.36 4.01 2.22 7.79 2.87 6.55 2.73
6.72 2.92 9.06 2.81 8.88 1.56 7.60 1.69 7.91 3.85
6.72 5.90 2.18 2.18 2.95 8.14 2.78 3.41 2.18 1.33
8.47 3.87 3.03 3.98 2.45 1.84 1.05 4.30 8.52 4.17
8.44 5.55 1.73 5.06 3.02 3.15 4.26 4.98 3.72 4.93
9.55 6.96 2.12 5.76 4.26 4.13 2.04 5.13 6.28 1.54
6.73 2.23 3.89 4.57 4.36 3.18 1.17 8.42 4.65 1.19
1.71 9.04 2.39 3.77 5.61 5.80 1.99 4.72 3.80 1.95
4.66 2.73 4.09 4.34 5.20 3.66 5.22 6.83 9.71 4.85
3.22 4.14 5.01 8.26 2.69 4.21 8.51 3.68 5.62 8.23
8.43 8.93 1.95 7.58 3.64 9.54 8.08 4.41 3.08 9.71
1.48 8.49 9.93 3.94 9.49 6.73 4.39 9.93 9.46 7.44
1.28 1.16 3.22 6.84 3.14 3.53 6.52 7.22 7.31 2.79
4.96 5.11 8.21 6.12 7.84 2.90 7.47 6.18 9.61 2.99
6.72 9.99 1.23 5.98 2.04 9.13 5.97 6.43 5.10 5.88
2.29 3.00 5.27 9.58 9.47 9.37 8.26 5.22 8.02 4.39
2.10 5.31 9.08 7.32 5.89 2.37 1.46 6.79 2.64 5.33
7.13 5.45 3.75 4.25 5.71 2.88 2.45 3.12 8.01 4.70
2.97 4.54 8.92 7.52 3.97 3.59 9.52 1.37 8.39 6.76
1.31 5.63 5.39 10.00 5.93 8.29 7.84 4.95 5.15 3.33
4.68 1.44 3.83 7.04 1.98 6.86 7.15 1.21 9.90 6.72
9.08 8.62 3.75 2.58 6.91 7.49 9.02 2.27 7.10 9.50
3.82 5.58 4.65 6.41 4.02 5.38 1.86 5.33 8.54 6.27
6.92 7.42 5.56 5.18 8.54 6.01 2.85 4.34 4.30 3.34
1.88 2.58 2.40 5.21 6.97 3.27 4.80 6.69 7.41 7.15
9.17 1.59 3.66 1.31 4.65 4.79 7.94 6.62 2.97 3.30
1.62 1.33 5.64 8.57 1.61 5.99 5.40 5.81 3.22 6.97
5.23 9.07 8.44 7.43 5.33 9.13 2.55 7.70 5.30 8.00
8.73 9.41 4.46 1.92 3.03 9.32 9.01 8.20 8.22 1.60
3.80 3.56 8.77 4.13 4.38 3.70 2.45 7.17 5.82 6.82
2.22 5.69 9.87 1.27 7.13 6.78 5.32 6.95 2.40 7.18
9.61 7.75 4.80 1.22 2.17 2.13 4.67 5.59 9.46 2.81
9.91 3.62 1.67 2.41 3.79 8.92 1.92 2.85 4.99 4.31
3.76 9.51 2.09 7.20 7.14 3.76 9.51 2.38 4.74 3.45
3.57 1.76 7.22 1.77 2.56 1.24 2.94 3.60 9.88 6.97
3.34 2.17 8.86 3.91 3.52 4.31 9.74 3.44 8.99 7.41
8.12 7.25 4.01 6.18 6.63 9.08 9.55 3.28 9.49 4.81
9.19 9.50 2.52 7.77 4.71 7.37 2.66 7.73 1.18 6.09
1.78 6.97 9.39 7.42 2.87 3.51 4.97 7.00 4.32 5.20
2.26 3.90 8.36 6.59 5.04 3.10 7.06 6.74 5.07 1.34
7.71 9.49 7.52 2.57 3.60 3.16 4.77 5.43 6.07 7.29
1.20 6.67 1.46 2.22 2.36 2.96 2.43 8.60 3.30 3.15
2.28 4.47 2.62 2.59 4.44 9.98 6.80 9.61 3.33 7.61
5.92 5.38 8.26 8.54 7.11 9.26 8.27 2.20 7.15 6.27
4.80 6.91 5.02 9.11 9.12 4.85 9.23 9.00 4.91 5.19
1.99 3.39 3.75 4.92 1.11 4.77 1.89 8.50 9.43 9.75
2.16 8.78 7.93 1.82 6.09 2.79 3.89 3.37 6.40 9.66
2.80 7.74 9.47 5.50 2.05 2.98 4.65 1.69 9.31 7.95
7.17 3.21 8.16 8.92 8.16 1.83 8.97 7.45 2.09 2.27
7.39 5.53 2.92 7.80 7.40 8.90 1.90 6.25 8.88 7.93
1.69 7.64 1.22 2.88 3.21 9.38 8.07 2.53 1.69 1.98
5.26 8.27 7.72 5.40 1.55 2.75 8.78 6.82 6.41 9.02
5.45 7.78 4.47 7.36 4.88 7.17 3.36 6.14 3.24 3.53
9.52 9.42 6.49 7.81 8.26 3.28 6.18 8.83 3.24 5.10
7.68 8.40 5.65 1.22 6.98 4.79 9.13 8.22 3.72 1.85
4.75 4.34 5.41 4.82 6.73 5.50 9.24 5.43 4.88 1.56
3.33 8.54 9.10 1.08 4.17 1.82 8.18 1.50 8.07 4.95
5.58 7.06 2.92 6.39 4.37 4.07 2.46 2.58 8.92 7.37
4.07 6.26 5.72 8.84 7.53 2.09 7.02 5.83 4.41 6.04
4.26 8.48 5.07 2.91 2.88 6.81 3.31 6.58 5.79 4.92
4.22 7.30 7.19 4.26 4.23 1.19 7.63 8.24 3.55 4.31
1.24 3.24 7.98 2.95 6.78 7.01 4.64 2.82 1.87 6.10
7.14 6.18 7.58 6.73 9.24 4.28 7.27 8.88 5.81 9.38
3.61 8.25 2.19 4.98 2.71 1.19 2.97 6.79 9.67 5.22
7.10 3.38 6.26 5.65 7.41 2.62 9.35 2.61 1.16 2.06
4.63 3.80 3.18 6.07 2.94 2.93 9.11 7.74 2.22 9.30
4.32 6.92 5.31 6.92 5.46 2.45 1.44 8.54 7.18 9.89

Demandas:
0 0 0 0 1 0 0
0 0 0 0 0 1 0
1 0 0 0 0 0 0
0 1 0 0 0 0 0
0 0 1 0 0 0 0
0 0 0 0 0 1 0
0 0 0 1 0 0 0
0 0 0 0 1 0 0
0 0 1 0 0 0 0
0 0 0 0 0 1 0
0 0 1 0 0 0 0
0 0 0 0 0 1 0
0 0 0 0 0 0 1
0 0 1 0 0 0 0
0 0 0 0 0 1 0
0 0 1 0 0 0 0
0 0 1 0 0 0 0
0 0 0 0 1 0 0
0 1 0 0 0 0 0
0 1 0 0 0 0 0
1 0 0 0 0 0 0
0 1 0 0 0 0 0
0 0 0 0 0 0 1
0 0 1 0 0 0 0
1 0 0 0 0 0 0
1 0 0 0 0 0 0
1 0 0 0 0 0 0
1 0 0 0 0 0 0
1 0 0 0 0 0 0
0 0 0 1 0 0 0
0 0 0 0 0 0 1
0 1 0 0 0 0 0
0 0 0 1 0 0 0
0 0 0 0 0 1 0
0 1 0 0 0 0 0
0 0 0 0 0 0 1
0 0 1 0 0 0 0
0 1 0 0 0 0 0
0 0 0 0 0 0 1
1 0 0 0 0 0 0
1 0 0 0 0 0 0
0 0 0 0 0 1 0
0 0 1 0 0 0 0
0 1 0 0 0 0 0
0 0 0 0 0 1 0
0 0 1 0 0 0 0
1 0 0 0 0 0 0
0 1 0 0 0 0 0
0 0 1 0 0 0 0
0 0 0 0 0 1 0
1 0 0 0 0 0 0
0 1 0 0 0 0 0
1 0 0 0 0 0 0
0 1 0 0 0 0 0
0 0 0 1 0 0 0
0 0 0 0 0 0 1
0 1 0 0 0 0 0
0 0 0 1 0 0 0
0 0 1 0 0 0 0
0 0 0 0 0 0 1
0 1 0 0 0 0 0
1 0 0 0 0 0 0
0 0 0 1 0 0 0
0 0 1 0 0 0 0
0 0 0 1 0 0 0
0 0 0 0 0 0 1
0 0 0 0 1 0 0
0 0 0 0 0 0 1
0 1 0 0 0 0 0
0 0 0 0 0 0 1
0 1 0 0 0 0 0
0 0 0 0 1 0 0
0 0 0 0 1 0 0
1 0 0 0 0 0 0
0 0 0 0 0 1 0
0 0 0 1 0 0 0
0 0 0 1 0 0 0
1 0 0 0 0 0 0
0 0 0 0 0 0 1
0 0 0 0 0 0 1
0 0 0 0 1 0 0
0 0 0 1 0 0 0
0 0 0 0 1 0 0
0 0 0 0 0 0 1
0 0 0 0 0 1 0
0 0 0 1 0 0 0
1 0 0 0 0 0 0
0 0 0 1 0 0 0
0 0 0 0 1 0 0
0 1 0 0 0 0 0
0 0 0 0 1 0 0
0 0 0 0 0 0 1
0 0 1 0 0 0 0
0 0 0 0 1 0 0
0 0 0 0 0 0 1
0 0 1 0 0 0 0
0 0 0 1 0 0 0
1 0 0 0 0 0 0
1 0 0 0 0 0 0
0 1 0 0 0 0 0
0 0 0 0 0 0 1
0 0 1 0 0 0 0
0 0 1 0 0 0 0
0 0 0 0 1 0 0
0 0 0 1 0 0 0
0 0 1 0 0 0 0
0 0 0 0 0 0 1
0 0 0 0 1 0 0
0 0 0 1 0 0 0
0 0 0 0 0 0 1
0 0 0 0 0 0 1
0 0 0 0 1 0 0
0 0 1 0 0 0 0
0 0 1 0 0 0 0
0 0 0 1 0 0 0
0 1 0 0 0 0 0
0 0 0 0 0 1 0
1 0 0 0 0 0 0
0 0 0 0 0 0 1
1 0 0 0 0 0 0
0 0 0 0 0 1 0
0 0 0 0 0 0 1
1 0 0 0 0 0 0
0 0 0 1 0 0 0
0 0 0 0 1 0 0
0 0 0 0 0 1 0
0 0 0 0 0 1 0
0 0 0 0 0 1 0
0 0 0 0 0 1 0
0 0 0 1 0 0 0
0 1 0 0 0 0 0
0 1 0 0 0 0 0
0 0 0 0 0 1 0
1 0 0 0 0 0 0
1 0 0 0 0 0 0
0 0 0 0 0 0 1
0 0 0 0 0 0 1
0 0 0 0 0 0 1
0 0 0 0 0 1 0
0 0 0 0 0 1 0
0 0 0 0 0 0 1
0 0 0 0 1 0 0
0 0 0 1 0 0 0
0 0 0 0 0 0 1
1 0 0 0 0 0 0
0 0 0 0 1 0 0
0 1 0 0 0 0 0
0 0 0 0 0 1 0
0 0 1 0 0 0 0
0 0 0 0 0 0 1
0 1 0 0 0 0 0
0 0 0 0 0 1 0
0 0 0 1 0 0 0
0 0 0 0 0 1 0
1 0 0 0 0 0 0
0 0 0 0 0 1 0
1 0 0 0 0 0 0
0 0 0 1 0 0 0
0 0 0 0 0 0 1
0 1 0 0 0 0 0
0 0 1 0 0 0 0
0 1 0 0 0 0 0
0 0 0 1 0 0 0
0 0 0 1 0 0 0
0 0 0 0 0 1 0
1 0 0 0 0 0 0
0 0 0 1 0 0 0
0 0 0 0 0 0 1
1 0 0 0 0 0 0
0 0 1 0 0 0 0
0 0 0 0 0 0 1
0 0 0 0 1 0 0
0 0 0 0 0 0 1
0 0 1 0 0 0 0
0 0 0 1 0 0 0
1 0 0 0 0 0 0
0 0 1 0 0 0 0
0 0 0 0 0 1 0
1 0 0 0 0 0 0
0 0 0 0 1 0 0
1 0 0 0 0 0 0
0 0 0 0 1 0 0
0 0 0 1 0 0 0
0 1 0 0 0 0 0
0 0 0 0 1 0 0
0 0 1 0 0 0 0
0 0 1 0 0 0 0
0 0 1 0 0 0 0
0 0 0 0 0 0 1
0 0 0 1 0 0 0
0 0 0 1 0 0 0
1 0 0 0 0 0 0
0 1 0 0 0 0 0
1 0 0 0 0 0 0
0 1 0 0 0 0 0
0 0 0 0 0 0 1
0 0 0 0 0 0 1
0 0 0 0 1 0 0
0 1 0 0 0 0 0
1 0 0 0 0 0 0
0 0 0 0 1 0 0
0 0 0 1 0 0 0
0 0 0 0 1 0 0
0 0 0 1 0 0 0
0 0 1 0 0 0 0
0 0 0 0 1 0 0
0 0 0 0 0 0 1
0 0 0 0 1 0 0
0 0 0 0 0 0 1
0 0 0 1 0 0 0
0 0 0 0 0 0 1
0 0 0 1 0 0 0
0 0 0 0 1 0 0
0 0 0 1 0 0 0
0 0 0 0 1 0 0
1 0 0 0 0 0 0
0 0 0 0 0 1 0
1 0 0 0 0 0 0
1 0 0 0 0 0 0
0 0 0 1 0 0 0
0 0 0 0 1 0 0
1 0 0 0 0 0 0
1 0 0 0 0 0 0
1 0 0 0 0 0 0
1 0 0 0 0 0 0
0 1 0 0 0 0 0
0 0 0 0 1 0 0
0 0 1 0 0 0 0
0 0 0 0 0 1 0
0 0 0 0 0 1 0
1 0 0 0 0 0 0
1 0 0 0 0 0 0
0 0 1 0 0 0 0
0 0 0 0 1 0 0
0 0 0 1 0 0 0
1 0 0 0 0 0 0
0 0 0 0 0 0 1
0 1 0 0 0 0 0
0 1 0 0 0 0 0
1 0 0 0 0 0 0
0 0 0 0 0 0 1
0 1 0 0 0 0 0
0 1 0 0 0 0 0
0 1 0 0 0 0 0
0 0 1 0 0 0 0
0 0 0 0 0 1 0
0 0 0 0 0 0 1
0 1 0 0 0 0 0
0 1 0 0 0 0 0
0 0 0 1 0 0 0
0 0 0 0 1 0 0
0 0 1 0 0 0 0
0 0 0 0 1 0 0
0 0 1 0 0 0 0
0 0 0 0 0 1 0
0 0 0 0 0 0 1
0 0 0 1 0 0 0
0 0 0 0 0 1 0
0 0 0 0 0 1 0
0 0 0 1 0 0 0
0 0 0 0 0 1 0
0 1 0 0 0 0 0
0 0 0 1 0 0 0
0 0 0 0 0 0 1
0 0 1 0 0 0 0
0 0 0 0 1 0 0
0 0 0 0 0 0 1
0 0 0 1 0 0 0
0 0 0 0 0 1 0
0 0 0 0 1 0 0
0 0 0 0 0 0 1
0 0 0 0 0 0 1
0 1 0 0 0 0 0
0 0 0 1 0 0 0
0 0 0 0 1 0 0
0 0 0 1 0 0 0
0 0 0 0 0 1 0
0 0 1 0 0 0 0
0 0 0 1 0 0 0
1 0 0 0 0 0 0
1 0 0 0 0 0 0
0 1 0 0 0 0 0
0 0 0 1 0 0 0
0 1 0 0 0 0 0
0 0 0 0 0 0 1
0 0 1 0 0 0 0
0 0 1 0 0 0 0
0 0 0 0 1 0 0
0 1 0 0 0 0 0
0 1 0 0 0 0 0
0 0 1 0 0 0 0
0 0 1 0 0 0 0
0 1 0 0 0 0 0
0 1 0 0 0 0 0
1 0 0 0 0 0 0
0 0 0 0 0 1 0
0 1 0 0 0 0 0
0 0 0 0 1 0 0
0 0 0 1 0 0 0
0 0 0 0 1 0 0
0 0 0 1 0 0 0
1 0 0 0 0 0 0
0 0 0 0 1 0 0
0 0 1 0 0 0 0
0 0 0 0 1 0 0
1 0 0 0 0 0 0
0 0 0 0 0 0 1
1 0 0 0 0 0 0
1 0 0 0 0 0 0
0 0 0 0 0 1 0
0 0 1 0 0 0 0
0 1 0 0 0 0 0
1 0 0 0 0 0 0
0 0 0 0 0 1 0
1 0 0 0 0 0 0
0 0 0 1 0 0 0
0 0 0 0 1 0 0
0 1 0 0 0 0 0
0 0 0 0 0 0 1
0 0 0 0 0 1 0
0 0 0 0 0 1 0
0 0 0 0 1 0 0
1 0 0 0 0 0 0
0 0 0 0 0 0 1
0 0 0 0 0 0 1
1 0 0 0 0 0 0
0 1 0 0 0 0 0
0 0 1 0 0 0 0
1 0 0 0 0 0 0
0 0 0 1 0 0 0
0 0 0 0 0 0 1
0 0 1 0 0 0 0
0 1 0 0 0 0 0
0 0 1 0 0 0 0
0 0 0 0 0 1 0
0 0 0 0 1 0 0
0 0 1 0 0 0 0
1 0 0 0 0 0 0
0 0 0 0 0 0 1
0 0 1 0 0 0 0
0 1 0 0 0 0 0
0 0 0 0 0 1 0
1 0 0 0 0 0 0
0 1 0 0 0 0 0
1 0 0 0 0 0 0
0 0 0 0 0 0 1
1 0 0 0 0 0 0
0 0 0 0 1 0 0
0 0 0 0 0 0 1
1 0 0 0 0 0 0
0 0 0 0 0 0 1
1 0 0 0 0 0 0
0 0 0 1 0 0 0
0 0 0 0 0 0 1
0 0 0 1 0 0 0
1 0 0 0 0 0 0
0 0 0 0 1 0 0
0 0 0 0 0 1 0
0 0 0 1 0 0 0
0 0 0 0 0 0 1
0 1 0 0 0 0 0
0 0 0 0 0 0 1
0 1 0 0 0 0 0
0 0 1 0 0 0 0
0 0 0 1 0 0 0
0 1 0 0 0 0 0
1 0 0 0 0 0 0
0 0 0 0 0 1 0
0 0 1 0 0 0 0
0 0 0 1 0 0 0
0 0 0 0 0 1 0
0 0 0 1 0 0 0
0 0 1 0 0 0 0
0 1 0 0 0 0 0
0 0 0 0 0 1 0
0 0 0 0 0 0 1
0 1 0 0 0 0 0
0 0 0 1 0 0 0
0 1 0 0 0 0 0
0 0 0 0 0 1 0
1 0 0 0 0 0 0
0 0 0 0 0 1 0
0 0 1 0 0 0 0
0 0 0 1 0 0 0
0 0 0 1 0 0 0
0 0 0 0 0 0 1
0 0 0 0 0 1 0
0 0 0 0 0 0 1
0 0 0 1 0 0 0
0 1 0 0 0 0 0
0 0 0 1 0 0 0
0 1 0 0 0 0 0
0 0 0 0 1 0 0
0 0 0 0 0 1 0
0 0 0 0 0 0 1
0 0 0 1 0 0 0
0 0 1 0 0 0 0
0 0 0 0 1 0 0
1 0 0 0 0 0 0
1 0 0 0 0 0 0
1 0 0 0 0 0 0
0 0 0 0 1 0 0
0 0 0 1 0 0 0
0 0 0 0 1 0 0
0 0 0 1 0 0 0
0 0 0 0 0 1 0
0 0 0 0 1 0 0
0 0 0 0 1 0 0
0 0 0 0 0 1 0
0 0 0 0 0 0 1
0 1 0 0 0 0 0
0 0 0 0 0 1 0
1 0 0 0 0 0 0
0 0 0 0 1 0 0
0 0 0 0 1 0 0
0 0 0 1 0 0 0
0 1 0 0 0 0 0
0 0 0 0 0 0 1
0 1 0 0 0 0 0
0 0 0 0 1 0 0
0 0 0 0 1 0 0
1 0 0 0 0 0 0
0 0 0 1 0 0 0
0 1 0 0 0 0 0
0 1 0 0 0 0 0
0 0 1 0 0 0 0
0 0 0 1 0 0 0
0 0 0 0 0 0 1
0 0 0 0 1 0 0
0 0 0 0 1 0 0
0 0 1 0 0 0 0
0 0 0 0 0 0 1
0 0 0 0 1 0 0
1 0 0 0 0 0 0
1 0 0 0 0 0 0
0 0 0 0 0 1 0
0 0 1 0 0 0 0
1 0 0 0 0 0 0
0 1 0 0 0 0 0
0 1 0 0 0 0 0
0 0 0 0 0 0 1
0 0 0 0 1 0 0
0 0 1 0 0 0 0
0 0 0 1 0 0 0
1 0 0 0 0 0 0
0 0 0 0 1 0 0
0 1 0 0 0 0 0
0 0 0 0 0 0 1
1 0 0 0 0 0 0
0 1 0 0 0 0 0
0 0 0 0 0 0 1
1 0 0 0 0 0 0
0 1 0 0 0 0 0
0 1 0 0 0 0 0
0 0 0 0 0 0 1
0 1 0 0 0 0 0
0 0 0 1 0 0 0
0 0 0 1 0 0 0
0 0 0 0 1 0 0
0 1 0 0 0 0 0
0 0 0 0 1 0 0
0 0 0 0 1 0 0
0 0 0 0 0 1 0
0 0 0 0 1 0 0
0 0 0 0 1 0 0
0 0 1 0 0 0 0
0 0 0 0 0 1 0
0 0 1 0 0 0 0
0 1 0 0 0 0 0
0 1 0 0 0 0 0
0 0 0 0 0 0 1
0 1 0 0 0 0 0
0 0 0 0 0 0 1
0 0 0 0 0 0 1
1 0 0 0 0 0 0
0 1 0 0 0 0 0
1 0 0 0 0 0 0
0 0 0 0 0 1 0
1 0 0 0 0 0 0
0 0 0 0 0 0 1
0 0 0 1 0 0 0
0 1 0 0 0 0 0
0 0 0 0 1 0 0
0 0 0 1 0 0 0
0 0 0 1 0 0 0
1 0 0 0 0 0 0
0 0 0 0 1 0 0
0 0 0 0 1 0 0
0 1 0 0 0 0 0
0 0 0 0 0 0 1
0 0 0 0 0 0 1
1 0 0 0 0 0 0
0 0 0 1 0 0 0
0 0 1 0 0 0 0
0 1 0 0 0 0 0
0 0 0 0 0 1 0
0 0 1 0 0 0 0
0 0 0 0 0 0 1
0 0 1 0 0 0 0
0 0 0 1 0 0 0

Capacidades:
40 36 37 22 31 39 55
0 47 46 54 36 0 0
25 43 59 34 40 27 27
58 38 38 35 28 30 42
0 20 30 52 43 45 40
28 38 0 59 22 22 25
51 28 43 0 42 42 55
27 33 44 47 50 24 0
34 38 34 43 29 27 26
33 0 42 45 22 36 51
