m: 500
n: 5
p: 8

Distancias:
6.53 9.47 2.79 2.91 7.50
1.20 4.12 4.93 8.23 3.03
7.32 7.31 1.24 8.70 9.91
1.66 9.79 6.04 8.27 2.66
1.31 5.96 4.84 7.41 9.49
6.27 1.37 3.16 9.12 9.08
4.82 2.19 7.24 1.02 9.32
1.24 8.84 7.00 3.77 1.18
9.02 8.36 6.11 8.46 3.28
8.01 2.17 1.61 4.85 4.04
4.76 6.50 6.53 9.65 3.63
5.78 4.65 7.55 2.13 2.95
5.16 2.18 6.14 9.77 1.77
6.15 5.99 8.49 2.79 8.99
9.17 6.20 3.60 4.65 3.79
8.33 3.51 9.44 9.02 9.69
9.83 7.72 3.96 5.00 2.97
1.66 7.46 5.53 4.41 6.22
1.66 6.95 1.45 2.79 5.01
8.47 2.76 5.31 6.31 2.56
2.05 8.96 9.84 6.49 5.06
3.61 8.94 7.15 5.14 6.90
8.22 6.98 5.64 9.37 6.77
4.53 6.76 7.82 5.68 4.19
7.64 4.19 9.01 1.28 6.65
3.78 9.04 5.11 8.93 5.08
9.11 4.72 5.46 7.54 7.62
5.24 1.38 3.68 3.77 5.36
2.97 1.86 7.41 4.24 5.43
1.69 3.53 8.48 6.05 4.05
4.99 7.43 6.48 2.13 8.79
5.13 3.31 1.46 4.40 4.33
1.21 7.85 3.34 7.79 3.55
2.30 5.99 7.37 1.57 2.43
5.20 2.13 6.64 7.50 4.68
1.35 1.32 7.41 7.49 9.42
8.18 3.92 1.10 5.30 3.88
8.00 8.58 2.43 5.20 1.24
3.35 5.94 8.96 6.75 2.86
3.53 4.35 2.89 1.91 8.81
6.56 3.91 5.94 7.56 6.57
1.54 5.34 7.30 7.26 3.56
4.97 6.88 5.55 4.41 2.60
9.70 6.14 1.51 5.76 9.30
4.03 6.25 8.65 3.43 6.33
6.41 9.51 4.14 6.36 7.01
6.99 9.99 4.74 7.39 9.83
9.76 6.95 4.75 6.32 8.25
2.30 4.10 7.22 3.37 9.44
8.49 7.60 7.14 2.50 2.96
6.75 3.96 8.72 8.28 9.63
5.06 6.99 1.53 6.89 5.27
2.63 7.87 1.96 8.68 7.06
5.72 6.47 7.72 4.73 3.65
7.64 1.83 7.45 1.56 8.77
1.22 5.12 1.17 6.46 9.17
7.58 7.44 1.14 1.98 6.08
4.02 7.96 8.06 3.14 6.90
4.05 8.61 1.91 8.07 4.28
5.84 2.06 7.34 6.73 5.13
9.33 7.87 7.80 3.94 6.62
8.18 2.43 1.84 7.39 2.26
9.02 7.57 7.57 4.74 5.49
4.01 3.62 5.58 3.86 9.01
9.01 9.66 9.97 9.12 6.89
6.69 3.02 5.64 1.31 7.00
3.23 5.00 8.15 1.88 1.03
9.56 1.62 2.56 7.99 3.47
8.41 3.51 3.19 1.12 1.31
7.69 3.92 8.83 3.82 1.37
7.72 6.01 1.35 1.57 1.15
1.28 5.72 3.87 4.96 3.54
9.44 6.54 2.40 5.51 4.36
3.75 9.22 4.52 7.57 8.25
9.31 3.77 2.19 3.83 6.95
8.76 8.09 2.41 1.08 6.05
7.20 7.79 1.07 1.84 2.83
2.43 3.29 2.32 1.87 6.23
9.27 3.55 5.08 1.01 4.50
9.27 7.18 6.36 9.91 9.78
8.83 8.46 1.77 8.03 3.49
6.87 8.71 5.93 8.12 8.38
8.55 5.90 6.07 9.22 2.50
5.95 4.43 5.50 1.40 8.12
1.03 7.20 5.82 3.33 1.20
1.45 7.52 2.28 5.79 4.34
3.75 6.01 7.72 5.91 5.84
1.20 7.15 6.59 7.19 4.91
9.37 8.54 3.60 6.02 6.70
9.55 9.33 7.34 2.71 9.78
3.71 8.59 8.19 8.07 8.05
5.75 6.58 4.34 7.63 3.13
4.58 8.42 1.15 5.15 8.60
1.39 1.67 7.18 8.27 1.03
1.54 4.46 2.46 2.51 7.66
2.26 3.98 3.32 6.07 4.48
3.15 2.20 2.60 6.23 9.37
1.57 9.39 3.50 6.06 6.87
1.03 9.60 9.17 2.40 5.72
1.29 1.62 7.27 2.63 2.41
3.49 2.75 2.57 8.20 9.46
9.25 5.84 1.56 7.94 7.42
5.09 7.70 8.04 9.99 2.18
8.17 3.43 2.33 6.93 6.08
3.01 8.32 5.58 2.35 8.51
9.69 7.32 8.60 1.27 1.31
6.54 1.37 1.77 5.19 8.11
7.92 7.98 5.47 1.29 7.66
7.10 9.43 6.65 3.03 9.54
3.68 1.24 8.73 1.90 6.32
9.84 4.83 9.49 4.63 7.26
5.14 6.03 3.90 7.72 7.08
5.11 9.74 7.95 1.88 6.73
8.95 2.23 6.75 1.93 4.03
2.68 8.57 1.91 6.59 5.01
5.75 9.97 5.76 7.41 8.68
5.51 4.52 5.05 8.78 5.39
6.68 7.01 5.90 4.84 3.58
8.84 3.01 4.31 7.47 8.15
3.10 1.66 1.13 9.86 1.43
4.95 7.70 6.38 7.67 7.76
7.21 6.56 7.73 6.83 3.88
9.11 4.68 4.10 1.38 9.54
3.02 6.35 4.32 9.07 6.49
2.84 7.30 6.92 4.74 9.88
7.83 4.52 5.25 1.35 6.95
7.17 5.67 6.05 3.52 9.74
7.81 6.94 7.56 1.72 8.25
4.12 5.16 2.57 6.39 4.72
1.92 6.57 4.28 1.25 3.64
4.27 6.41 3.04 1.05 2.35
7.11 6.18 7.80 4.69 4.89
7.29 8.62 3.76 6.72 8.85
7.86 1.55 3.63 4.01 5.65
2.43 4.87 8.48 3.72 4.77
3.60 2.81 5.14 4.35 6.90
5.99 6.77 1.21 2.42 1.03
9.57 8.03 9.05 3.14 4.43
4.60 7.70 3.85 5.65 2.48
8.71 2.19 4.78 6.21 6.73
8.67 8.51 8.97 7.23 6.42
1.34 1.15 7.96 5.52 5.58
1.02 9.09 7.47 9.35 1.45
4.04 6.57 9.24 8.19 1.12
3.76 6.58 7.29 7.10 5.37
3.77 8.98 2.46 6.78 7.13
2.13 1.20 8.78 4.65 4.11
2.18 3.33 9.67 8.68 6.92
6.69 4.57 2.07 3.82 7.48
8.39 2.41 1.44 4.23 2.06
6.43 6.10 5.76 4.00 9.90
9.80 9.96 8.15 7.10 7.92
2.03 9.43 1.89 4.67 6.02
6.46 9.75 7.79 1.87 9.44
4.15 6.41 1.86 6.69 4.23
6.03 4.12 4.68 9.79 8.50
1.73 5.68 3.52 5.46 8.22
4.88 5.18 3.87 4.04 8.47
3.68 8.49 1.04 9.58 6.62
1.48 5.41 3.67 1.92 3.70
7.20 4.08 4.57 6.87 3.71
7.76 7.01 4.83 8.83 4.82
4.05 4.22 8.00 5.20 8.54
5.00 7.71 2.55 8.69 5.54
3.41 8.55 6.26 5.69 9.07
6.29 3.60 3.62 1.37 8.71
7.07 4.36 8.79 3.41 2.29
9.13 3.82 8.85 7.36 3.13
4.38 6.29 1.52 2.64 4.92
8.39 8.64 7.73 9.96 5.59
6.40 6.67 6.99 8.68 5.41
4.46 6.58 2.78 1.99 7.88
9.65 1.12 1.07 9.44 6.88
5.91 9.54 8.88 6.10 7.74
1.98 9.27 5.30 4.97 1.31
2.71 9.49 2.76 4.65 1.69
4.36 5.41 1.34 7.91 8.59
6.67 5.60 3.56 3.89 3.60
1.79 9.99 8.17 2.59 1.21
2.21 1.52 8.08 6.19 5.72
6.67 6.04 9.56 3.87 4.88
1.28 6.96 8.93 1.60 2.04
7.35 2.72 4.39 2.44 2.18
8.92 8.98 6.82 7.57 5.96
6.12 7.83 5.74 7.29 2.02
7.45 6.59 7.06 2.95 1.18
1.25 5.27 2.28 2.56 6.30
7.73 5.44 8.74 1.34 2.37
4.79 2.33 1.18 5.53 6.91
7.74 4.82 7.45 1.70 5.12
6.71 7.62 1.01 4.37 3.71
4.60 5.78 7.50 9.90 7.03
3.47 9.79 6.64 3.77 5.29
5.92 6.20 9.91 8.95 4.67
2.75 8.98 5.12 7.74 8.52
6.68 9.58 2.89 2.31 6.16
1.10 7.61 2.31 9.29 6.16
4.18 8.80 9.41 4.76 8.02
8.03 7.97 5.15 5.72 1.49
2.06 1.62 6.67 8.74 9.19
1.02 9.88 7.01 2.56 1.30
3.01 8.12 1.50 3.23 1.32
6.32 8.99 6.48 7.46 3.67
5.75 5.15 4.93 9.35 6.22
9.24 4.08 1.82 8.61 1.61
4.99 6.32 5.41 2.01 8.41
7.46 4.72 3.79 9.38 9.32
4.49 2.27 1.33 7.21 1.98
5.78 7.92 5.80 4.81 8.09
3.48 7.06 9.93 1.74 2.75
8.36 1.31 2.29 9.82 7.32
7.76 2.73 5.68 4.22 4.23
6.77 5.89 5.65 2.30 6.19
4.76 1.15 7.36 5.48 5.46
8.71 7.06 6.30 2.55 4.58
5.10 8.51 2.23 6.03 8.84
4.73 6.10 4.09 2.69 3.55
6.38 8.90 1.80 6.25 8.77
8.84 6.43 8.91 7.89 8.57
8.85 4.65 1.49 7.42 7.78
7.57 2.63 9.06 2.33 6.42
9.72 7.79 7.92 7.45 1.87
1.66 4.25 1.95 9.52 4.97
9.78 7.08 1.80 1.92 8.68
4.70 1.51 4.99 3.76 8.77
7.24 5.96 2.86 7.28 4.17
5.43 5.95 5.83 5.97 3.35
7.21 7.77 5.64 5.32 2.71
8.17 9.65 8.10 4.37 3.21
2.64 8.08 4.58 4.25 7.51
3.53 4.96 3.01 4.87 6.34
7.71 3.17 6.50 6.01 9.01
4.54 9.22 1.29 9.13 1.36
3.10 6.43 1.57 6.14 7.58
7.58 3.86 1.65 5.50 1.74
2.11 2.19 4.47 5.19 9.23
7.96 1.57 6.15 6.16 6.47
9.95 5.62 5.83 7.65 3.65
2.76 8.49 1.57 7.34 7.36
5.08 2.78 7.35 1.33 6.99
1.42 7.83 4.70 2.72 9.44
1.66 8.82 5.58 3.49 8.88
7.30 4.43 3.63 8.91 2.82
2.12 1.21 3.63 6.46 9.56
7.86 8.24 5.23 6.49 1.48
2.46 3.50 9.07 3.91 8.02
8.27 3.36 7.93 2.62 7.25
6.20 4.91 7.84 2.86 2.45
4.82 5.99 5.87 8.75 4.80
8.34 4.21 3.30 9.83 5.15
2.96 2.03 6.77 1.29 9.31
8.28 1.54 8.45 5.69 8.95
3.19 9.38 8.01 9.80 6.80
6.54 8.76 7.52 6.94 1.65
3.66 5.39 5.84 3.65 4.78
9.55 6.16 9.88 1.08 5.20
1.49 6.21 1.91 6.96 1.82
4.94 5.66 5.89 5.27 5.47
8.50 3.52 9.91 9.48 8.75
8.40 5.86 8.62 9.28 9.21
7.10 6.24 1.81 4.59 8.41
9.60 3.68 3.50 2.73 7.06
5.02 8.44 9.00 6.03 5.79
5.46 3.76 1.88 1.19 9.70
6.73 9.06 3.23 5.89 4.11
1.02 7.30 6.61 3.57 2.96
8.77 7.94 2.83 1.21 5.26
1.18 6.20 2.42 4.22 5.30
4.60 1.68 8.28 7.32 4.32
9.93 4.20 7.50 8.48 9.52
9.27 8.04 1.88 3.46 9.80
2.78 5.25 1.62 3.05 2.81
6.84 8.05 8.86 1.75 2.29
5.01 2.26 3.57 1.23 8.66
3.05 1.45 2.09 2.60 6.94
1.03 5.24 4.11 3.63 9.38
4.81 7.32 1.98 3.69 4.65
9.93 4.34 7.05 7.99 6.72
2.39 2.26 5.27 5.64 5.16
2.08 9.03 5.08 6.05 1.52
9.93 6.22 8.52 8.23 7.24
2.19 8.93 5.20 9.63 8.97
3.16 3.25 6.83 2.27 3.43
8.93 3.25 8.05 3.56 3.11
7.66 1.06 7.30 9.26 4.15
7.66 1.78 6.27 6.01 1.01
8.77 3.35 1.69 6.01 2.91
3.32 7.66 2.67 3.00 7.74
6.27 3.59 6.90 8.36 9.19
4.15 5.10 5.30 7.11 2.04
3.71 5.34 7.04 3.75 6.95
1.95 9.63 6.33 9.46 9.59
4.72 2.94 5.28 6.35 6.36
6.96 3.42 5.93 7.56 9.15
1.33 4.02 3.47 4.12 1.13
8.14 8.29 9.96 6.97 6.55
7.60 4.67 5.28 6.11 6.80
2.03 4.06 9.50 6.25 3.90
6.76 8.17 4.10 8.86 3.57
7.41 9.03 3.79 8.91 7.41
8.30 9.55 8.85 5.48 6.19
8.71 4.14 6.26 2.56 1.15
4.94 8.11 1.57 6.23 8.57
1.54 5.83 2.65 8.17 2.86
2.89 9.20 2.84 3.86 6.08
4.78 5.02 2.69 6.31 1.64
5.76 7.02 7.68 3.89 9.68
1.42 6.56 9.12 2.73 3.93
2.81 1.77 8.94 7.32 4.80
9.56 3.40 5.47 5.46 3.34
3.49 2.81 4.31 5.03 1.46
6.17 5.55 9.23 8.90 6.55
3.70 5.02 5.51 5.85 6.15
5.05 3.18 5.98 4.58 1.35
5.57 7.02 5.48 4.54 8.97
8.33 8.38 2.47 3.39 4.30
3.69 3.54 6.14 8.94 7.95
6.60 2.53 9.72 5.02 2.95
9.85 3.38 9.71 6.75 7.90
8.94 7.67 5.22 9.93 7.54
6.07 6.38 1.16 7.45 4.47
9.41 7.89 4.69 5.43 4.54
4.51 8.38 9.68 6.23 2.25
6.94 9.14 8.63 4.26 2.94
5.13 3.25 9.75 5.75 5.95
7.56 3.01 2.47 8.43 1.32
8.61 4.42 2.76 7.17 8.79
9.65 3.67 8.13 5.99 2.97
2.80 2.45 3.34 6.98 3.19
7.10 6.65 1.20 4.89 7.86
3.15 3.24 6.62 2.45 7.73
5.98 8.87 4.74 3.70 9.22
5.56 6.76 4.83 5.42 2.85
1.57 2.39 8.65 2.36 2.64
4.59 4.56 6.24 8.13 4.07
7.94 7.55 8.95 9.82 9.64
6.32 4.19 7.27 6.91 3.47
1.66 2.64 3.24 2.70 8.32
4.65 7.56 9.31 5.12 8.52
5.91 2.31 3.87 4.76 4.41
7.92 6.32 3.50 1.47 5.13
3.79 6.36 2.69 6.33 8.00
3.95 5.58 1.12 6.72 1.92
2.84 8.69 4.72 8.98 9.35
9.46 6.59 7.47 9.98 1.09
3.11 7.14 6.90 2.45 7.30
6.68 6.24 7.21 5.83 6.93
8.28 9.14 4.88 9.01 5.10
2.56 4.30 9.57 6.57 5.92
4.98 2.77 1.14 3.64 5.87
9.99 5.94 5.73 8.67 6.36
8.42 3.18 7.82 7.15 4.09
3.38 6.02 8.42 2.73 8.56
5.40 1.57 2.80 1.14 8.31
7.28 9.28 7.68 1.48 9.98
9.99 8.05 1.03 7.71 2.05
9.47 9.82 7.42 3.42 3.24
9.37 3.54 6.86 4.81 8.20
1.51 9.78 2.18 3.83 4.15
1.28 7.08 3.40 3.36 7.82
4.73 4.11 8.87 1.81 5.89
1.74 4.96 4.58 6.25 2.79
4.83 3.65 7.32 4.44 4.04
8.84 6.53 3.48 7.32 1.99
7.63 2.53 9.80 1.18 4.50
10.00 2.29 7.11 8.88 9.95
8.01 2.65 2.28 2.09 4.82
5.07 9.03 4.61 3.57 4.11
5.51 8.44 3.47 7.08 7.09
3.11 9.82 6.37 2.60 5.61
2.16 7.27 9.42 9.67 2.21
6.50 5.59 7.91 7.52 5.30
3.34 1.57 3.91 8.97 9.11
5.92 1.34 4.43 3.65 5.05
6.37 5.47 1.86 1.40 6.68
2.67 9.05 9.56 8.67 8.73
7.07 5.94 9.45 7.30 8.46
6.78 9.23 1.82 2.10 8.10
2.46 1.22 8.98 4.61 3.99
6.99 5.60 8.88 3.74 3.08
1.50 3.86 2.92 8.53 8.86
5.64 6.03 2.49 1.82 9.44
6.80 4.25 3.38 8.91 4.75
7.27 7.72 2.54 1.02 2.25
5.94 5.23 2.39 7.21 2.37
8.97 6.47 5.04 3.05 1.53
4.18 6.06 8.55 2.57 9.60
7.88 9.77 1.93 4.69 6.23
3.56 8.47 9.54 6.18 3.87
2.88 2.30 7.12 2.27 4.52
4.62 2.96 5.19 1.70 3.50
7.77 3.31 3.78 3.69 8.78
5.37 6.46 1.72 4.27 9.48
8.95 7.32 8.59 3.77 3.88
2.47 9.07 3.65 2.85 6.59
5.11 5.53 9.56 7.90 5.56
5.15 2.86 4.47 1.78 7.70
3.14 4.54 4.45 2.65 6.47
7.30 6.65 3.83 7.09 1.68
1.30 2.28 2.40 1.51 8.34
6.93 5.55 1.37 2.51 8.34
1.38 9.07 3.60 9.43 6.16
9.75 9.45 4.52 8.28 4.65
9.40 3.43 7.47 5.02 9.16
9.60 3.98 9.28 7.93 8.91
1.70 9.87 2.02 2.39 4.75
4.44 7.87 8.66 4.14 1.79
2.94 9.87 4.96 5.06 8.98
7.57 2.04 2.45 8.06 6.48
7.17 4.76 1.06 4.16 5.82
6.90 3.66 2.99 3.66 9.29
8.01 3.68 4.69 6.89 4.28
3.37 6.24 7.94 9.44 8.22
8.21 8.52 3.74 9.51 3.16
9.73 3.17 6.64 8.27 5.42
2.46 5.88 8.01 7.91 5.10
6.47 1.25 3.99 7.56 4.75
6.45 6.53 4.03 7.14 8.35
7.45 5.43 3.03 9.36 4.94
3.48 3.75 7.41 1.99 3.19
5.53 9.08 3.85 4.75 1.54
2.09 7.48 7.16 8.13 4.12
3.79 6.84 1.66 4.95 1.87
6.98 2.80 2.68 4.00 6.77
4.49 6.19 8.76 6.56 5.72
1.93 4.33 1.76 6.67 1.20
2.13 2.29 6.95 7.36 2.26
9.89 2.12 7.53 8.68 2.83
8.51 6.68 2.05 2.79 5.56
3.03 3.47 6.50 7.25 3.62
3.33 9.81 3.80 4.95 9.12
9.59 6.89 3.72 2.79 7.69
2.56 8.07 2.35 6.12 6.71
7.39 2.09 9.43 9.94 9.91
8.10 1.68 2.17 9.36 5.21
6.58 8.95 6.94 4.16 8.31
9.91 6.40 6.32 2.43 7.19
8.01 2.30 7.25 9.09 1.75
8.72 9.37 9.05 1.12 8.77
7.76 2.89 1.58 1.34 4.61
7.07 4.08 4.47 9.19 3.95
3.55 5.11 6.54 1.54 4.70
1.10 3.30 2.42 4.02 2.93
2.82 8.78 7.89 3.64 7.42
4.55 7.24 8.59 2.26 3.55
3.19 8.22 4.80 4.17 6.57
3.63 4.51 5.75 7.03 1.06
7.41 4.89 9.90 8.46 2.32
1.13 6.69 8.23 3.40 6.61
5.66 6.81 3.76 5.42 9.15
4.27 4.68 3.74 4.07 9.34
9.77 7.93 2.57 5.91 6.70
2.87 8.16 5.35 9.54 7.01
4.29 7.62 6.50 7.26 3.11
8.73 8.13 4.65 6.40 5.87
2.08 9.91 1.74 9.68 5.43
9.26 7.77 7.43 3.71 7.44
7.11 8.68 6.48 7.23 3.51
7.28 8.45 9.72 5.69 5.41
7.72 3.58 8.56 5.42 4.10
1.69 3.67 5.62 6.35 3.05
9.51 6.17 1.18 9.19 2.52
4.55 2.00 6.42 1.91 8.59
5.34 4.95 6.07 2.29 8.15
6.90 5.88 7.95 4.69 9.63
5.25 2.07 6.47 2.88 2.29
6.26 1.72 4.09 5.59 8.35
4.61 4.01 6.19 2.45 3.97
6.57 8.89 8.29 8.35 4.06
8.93 4.38 2.70 6.57 7.27
6.57 9.82 1.18 9.62 2.46
7.05 9.43 4.15 5.52 8.09
3.32 5.18 6.04 2.69 4.59
8.50 7.51 8.11 8.14 1.08
8.05 9.80 7.67 9.84 5.12
4.84 6.61 4.82 1.45 3.65
6.13 2.21 1.98 4.23 4.36
2.15 9.77 9.29 5.96 2.89
5.84 2.76 9.57 9.20 3.40
6.09 7.67 3.04 7.35 3.10
7.39 5.06 9.36 1.46 4.59
3.68 6.54 6.57 8.41 6.87
4.47 1.87 6.22 6.84 3.29
5.07 4.72 5.31 3.95 5.90
5.52 4.73 6.50 5.02 4.28
7.05 6.69 9.62 1.96 1.33
9.49 2.95 7.71 6.92 6.00
1.63 6.83 5.00 7.24 8.35
3.82 9.60 1.68 6.64 8.05
4.55 1.83 9.70 9.45 9.33
7.27 3.55 8.59 5.05 7.26
7.00 5.58 1.96 1.39 3.77
8.15 3.83 7.21 6.32 1.26
8.82 6.67 4.49 4.11 5.07
1.93 7.92 4.71 6.10 3.17
2.87 6.62 8.24 1.72 5.95
7.96 7.78 2.13 9.01 4.05
3.87 4.86 6.86 4.89 5.81
3.26 3.62 4.27 3.53 1.10
4.10 7.88 7.67 3.09 4.65

Demandas:
0 1 0 0 0 0 0 0
0 0 0 0 0 0 1 0
0 0 1 0 0 0 0 0
0 0 0 0 0 0 0 1
0 0 0 1 0 0 0 0
0 0 0 1 0 0 0 0
0 0 0 0 0 1 0 0
0 0 0 1 0 0 0 0
0 0 0 0 0 1 0 0
0 0 1 0 0 0 0 0
0 0 1 0 0 0 0 0
1 0 0 0 0 0 0 0
0 0 0 0 0 0 0 1
0 0 1 0 0 0 0 0
0 0 0 1 0 0 0 0
1 0 0 0 0 0 0 0
0 0 1 0 0 0 0 0
0 0 0 1 0 0 0 0
0 0 0 0 1 0 0 0
0 0 0 0 1 0 0 0
0 1 0 0 0 0 0 0
0 0 0 0 0 0 1 0
0 1 0 0 0 0 0 0
0 0 1 0 0 0 0 0
0 0 0 0 0 0 0 1
0 0 0 0 0 1 0 0
0 0 1 0 0 0 0 0
0 0 0 0 1 0 0 0
0 0 0 0 0 1 0 0
0 1 0 0 0 0 0 0
0 0 0 0 1 0 0 0
0 0 0 0 0 1 0 0
0 0 0 0 0 0 1 0
0 0 0 1 0 0 0 0
0 0 0 0 0 0 0 1
0 0 0 0 0 0 0 1
0 0 0 0 0 0 1 0
0 0 1 0 0 0 0 0
0 0 0 0 0 0 0 1
0 1 0 0 0 0 0 0
0 1 0 0 0 0 0 0
0 0 0 0 0 0 1 0
1 0 0 0 0 0 0 0
0 0 1 0 0 0 0 0
0 0 1 0 0 0 0 0
0 0 0 0 1 0 0 0
1 0 0 0 0 0 0 0
0 0 0 0 0 1 0 0
0 0 0 1 0 0 0 0
0 0 0 0 1 0 0 0
0 0 0 0 0 1 0 0
0 0 0 0 0 1 0 0
0 0 0 1 0 0 0 0
0 1 0 0 0 0 0 0
1 0 0 0 0 0 0 0
0 0 0 0 0 1 0 0
0 1 0 0 0 0 0 0
0 0 1 0 0 0 0 0
0 1 0 0 0 0 0 0
0 0 0 0 0 1 0 0
0 1 0 0 0 0 0 0
0 0 0 0 1 0 0 0
0 0 1 0 0 0 0 0
0 0 0 0 0 0 1 0
0 0 0 0 0 1 0 0
0 0 1 0 0 0 0 0
0 0 0 0 0 0 0 1
0 0 0 0 0 0 0 1
0 1 0 0 0 0 0 0
0 1 0 0 0 0 0 0
0 0 0 0 0 0 0 1
0 0 0 0 0 1 0 0
0 0 1 0 0 0 0 0
0 0 0 0 0 0 1 0
0 0 0 0 1 0 0 0
0 0 1 0 0 0 0 0
0 1 0 0 0 0 0 0
0 0 0 0 0 1 0 0
0 0 0 0 1 0 0 0
0 0 0 0 0 0 0 1
0 0 1 0 0 0 0 0
0 0 0 1 0 0 0 0
1 0 0 0 0 0 0 0
0 1 0 0 0 0 0 0
0 1 0 0 0 0 0 0
0 0 0 0 0 0 1 0
0 0 0 0 0 0 1 0
0 0 1 0 0 0 0 0
0 0 0 0 0 0 1 0
1 0 0 0 0 0 0 0
0 0 0 0 0 0 0 1
0 1 0 0 0 0 0 0
0 1 0 0 0 0 0 0
0 0 0 0 0 0 0 1
0 0 1 0 0 0 0 0
1 0 0 0 0 0 0 0
0 1 0 0 0 0 0 0
0 0 0 1 0 0 0 0
0 0 0 0 0 0 1 0
0 0 0 1 0 0 0 0
0 0 0 1 0 0 0 0
0 0 0 0 0 1 0 0
1 0 0 0 0 0 0 0
0 0 0 1 0 0 0 0
0 0 1 0 0 0 0 0
1 0 0 0 0 0 0 0
1 0 0 0 0 0 0 0
0 0 0 1 0 0 0 0
0 1 0 0 0 0 0 0
0 0 0 0 0 0 0 1
0 0 0 0 0 0 0 1
0 1 0 0 0 0 0 0
0 0 0 0 0 0 1 0
0 0 0 0 0 0 1 0
0 0 0 0 0 0 1 0
0 0 0 0 0 0 0 1
0 0 0 0 0 0 0 1
0 0 1 0 0 0 0 0
0 0 0 0 1 0 0 0
0 0 0 0 0 1 0 0
0 0 0 0 0 1 0 0
0 0 1 0 0 0 0 0
0 0 0 0 0 0 0 1
0 0 0 0 0 0 0 1
0 0 1 0 0 0 0 0
0 0 0 0 1 0 0 0
0 0 0 0 0 1 0 0
0 0 0 0 0 0 1 0
0 0 0 0 0 0 0 1
0 0 0 1 0 0 0 0
0 0 1 0 0 0 0 0
0 0 0 1 0 0 0 0
0 1 0 0 0 0 0 0
0 0 0 0 1 0 0 0
0 0 0 1 0 0 0 0
0 0 1 0 0 0 0 0
0 0 1 0 0 0 0 0
0 0 0 0 0 1 0 0
0 1 0 0 0 0 0 0
0 0 0 0 1 0 0 0
0 1 0 0 0 0 0 0
0 0 0 0 0 0 0 1
0 1 0 0 0 0 0 0
0 0 1 0 0 0 0 0
1 0 0 0 0 0 0 0
0 0 0 0 0 0 1 0
0 0 0 1 0 0 0 0
0 0 1 0 0 0 0 0
1 0 0 0 0 0 0 0
0 1 0 0 0 0 0 0
1 0 0 0 0 0 0 0
0 0 1 0 0 0 0 0
1 0 0 0 0 0 0 0
1 0 0 0 0 0 0 0
0 0 0 0 1 0 0 0
1 0 0 0 0 0 0 0
0 0 0 0 0 0 0 1
0 0 0 1 0 0 0 0
0 0 1 0 0 0 0 0
0 0 0 0 0 0 1 0
0 1 0 0 0 0 0 0
0 0 0 1 0 0 0 0
0 0 0 0 0 1 0 0
0 0 0 0 0 0 0 1
0 0 0 0 0 0 0 1
0 0 1 0 0 0 0 0
0 0 0 0 1 0 0 0
0 0 0 0 0 1 0 0
0 0 1 0 0 0 0 0
0 0 1 0 0 0 0 0
0 0 0 0 0 1 0 0
0 0 0 0 0 0 0 1
1 0 0 0 0 0 0 0
0 0 1 0 0 0 0 0
0 0 0 0 0 0 1 0
0 1 0 0 0 0 0 0
0 0 0 0 0 0 0 1
1 0 0 0 0 0 0 0
0 0 0 0 0 1 0 0
0 0 0 0 0 0 0 1
0 0 0 0 0 0 0 1
0 0 0 0 1 0 0 0
0 0 0 1 0 0 0 0
0 0 1 0 0 0 0 0
0 0 0 1 0 0 0 0
0 1 0 0 0 0 0 0
0 0 0 0 0 0 1 0
0 0 1 0 0 0 0 0
0 1 0 0 0 0 0 0
0 0 0 0 0 0 1 0
0 0 0 0 0 0 0 1
1 0 0 0 0 0 0 0
0 0 0 0 0 1 0 0
0 0 0 0 0 0 1 0
0 0 0 1 0 0 0 0
0 0 0 1 0 0 0 0
0 0 1 0 0 0 0 0
0 0 0 0 0 1 0 0
0 0 0 0 1 0 0 0
1 0 0 0 0 0 0 0
0 0 0 0 0 0 0 1
0 0 0 0 0 0 0 1
0 0 0 1 0 0 0 0
0 1 0 0 0 0 0 0
0 0 1 0 0 0 0 0
0 0 1 0 0 0 0 0
0 1 0 0 0 0 0 0
0 0 0 1 0 0 0 0
0 0 0 0 0 0 0 1
0 1 0 0 0 0 0 0
0 0 0 0 0 0 0 1
0 0 0 1 0 0 0 0
0 0 0 1 0 0 0 0
0 0 0 0 0 0 1 0
0 0 0 0 1 0 0 0
0 0 1 0 0 0 0 0
1 0 0 0 0 0 0 0
0 0 0 1 0 0 0 0
0 0 0 0 0 1 0 0
0 0 0 1 0 0 0 0
0 0 0 1 0 0 0 0
0 0 0 1 0 0 0 0
0 0 0 0 0 0 1 0
1 0 0 0 0 0 0 0
0 0 0 0 0 0 0 1
1 0 0 0 0 0 0 0
0 0 0 0 1 0 0 0
0 0 0 0 1 0 0 0
0 1 0 0 0 0 0 0
0 0 0 0 0 0 0 1
0 0 1 0 0 0 0 0
0 0 0 0 1 0 0 0
0 0 0 0 1 0 0 0
0 0 1 0 0 0 0 0
0 0 0 1 0 0 0 0
0 0 0 0 0 0 0 1
0 0 0 0 0 0 1 0
0 0 0 0 0 1 0 0
0 1 0 0 0 0 0 0
0 0 0 0 0 1 0 0
0 0 0 0 0 0 1 0
0 0 0 0 1 0 0 0
0 1 0 0 0 0 0 0
0 0 0 0 0 0 1 0
0 0 0 1 0 0 0 0
0 0 0 0 0 0 0 1
0 0 0 0 0 1 0 0
0 1 0 0 0 0 0 0
0 0 1 0 0 0 0 0
0 0 0 0 1 0 0 0
0 0 1 0 0 0 0 0
0 0 0 0 0 0 0 1
0 0 0 1 0 0 0 0
0 0 0 1 0 0 0 0
0 0 1 0 0 0 0 0
0 0 0 0 0 1 0 0
1 0 0 0 0 0 0 0
0 0 0 0 0 0 0 1
1 0 0 0 0 0 0 0
0 0 0 0 0 1 0 0
0 0 0 1 0 0 0 0
0 0 0 0 0 0 1 0
0 0 0 0 0 0 0 1
0 0 0 0 1 0 0 0
1 0 0 0 0 0 0 0
1 0 0 0 0 0 0 0
0 0 0 1 0 0 0 0
1 0 0 0 0 0 0 0
0 0 1 0 0 0 0 0
0 0 0 0 0 1 0 0
0 1 0 0 0 0 0 0
0 0 0 0 0 0 0 1
0 0 0 0 0 0 0 1
0 0 0 0 0 0 1 0
0 0 0 0 1 0 0 0
0 1 0 0 0 0 0 0
0 0 0 0 0 0 0 1
0 0 0 0 1 0 0 0
0 0 0 1 0 0 0 0
0 0 0 0 0 0 1 0
0 0 1 0 0 0 0 0
0 0 0 0 0 0 0 1
0 0 0 1 0 0 0 0
0 0 0 0 0 1 0 0
0 0 0 0 1 0 0 0
0 0 0 0 0 0 1 0
1 0 0 0 0 0 0 0
0 0 0 0 0 0 0 1
1 0 0 0 0 0 0 0
1 0 0 0 0 0 0 0
0 0 0 0 0 0 1 0
0 1 0 0 0 0 0 0
0 1 0 0 0 0 0 0
0 0 0 0 0 0 1 0
0 0 1 0 0 0 0 0
0 0 0 1 0 0 0 0
0 0 0 0 1 0 0 0
0 0 0 0 1 0 0 0
0 0 0 0 1 0 0 0
1 0 0 0 0 0 0 0
0 0 0 0 0 1 0 0
0 0 0 1 0 0 0 0
0 0 0 1 0 0 0 0
0 0 0 0 0 0 0 1
0 0 0 0 1 0 0 0
0 0 1 0 0 0 0 0
1 0 0 0 0 0 0 0
0 0 0 0 1 0 0 0
0 0 0 0 0 0 1 0
0 0 0 0 0 0 0 1
0 0 0 0 0 0 1 0
1 0 0 0 0 0 0 0
0 0 0 1 0 0 0 0
0 0 0 0 0 0 1 0
0 1 0 0 0 0 0 0
0 0 1 0 0 0 0 0
0 0 1 0 0 0 0 0
1 0 0 0 0 0 0 0
0 0 0 0 0 0 0 1
0 0 0 0 0 1 0 0
1 0 0 0 0 0 0 0
0 0 1 0 0 0 0 0
0 0 0 1 0 0 0 0
0 1 0 0 0 0 0 0
0 0 0 0 0 1 0 0
0 0 0 0 0 1 0 0
0 0 1 0 0 0 0 0
0 0 1 0 0 0 0 0
0 0 0 0 0 0 1 0
1 0 0 0 0 0 0 0
0 0 1 0 0 0 0 0
0 0 0 1 0 0 0 0
0 0 0 0 0 0 1 0
0 0 0 0 0 0 0 1
0 0 0 0 0 0 1 0
0 0 0 0 1 0 0 0
0 0 0 0 0 1 0 0
0 0 0 0 1 0 0 0
0 0 1 0 0 0 0 0
0 1 0 0 0 0 0 0
1 0 0 0 0 0 0 0
0 0 0 0 0 0 1 0
0 0 0 0 1 0 0 0
0 0 0 0 1 0 0 0
0 0 0 0 0 0 1 0
0 0 0 0 0 1 0 0
1 0 0 0 0 0 0 0
1 0 0 0 0 0 0 0
0 0 0 0 0 0 0 1
0 0 1 0 0 0 0 0
1 0 0 0 0 0 0 0
0 0 0 1 0 0 0 0
0 1 0 0 0 0 0 0
0 0 0 0 0 0 0 1
0 0 0 0 0 0 0 1
0 0 0 0 0 0 1 0
0 0 0 0 0 1 0 0
0 0 0 0 0 1 0 0
0 0 0 0 1 0 0 0
0 0 0 0 1 0 0 0
0 1 0 0 0 0 0 0
1 0 0 0 0 0 0 0
0 1 0 0 0 0 0 0
0 0 0 1 0 0 0 0
0 0 0 1 0 0 0 0
0 0 0 0 1 0 0 0
0 0 0 1 0 0 0 0
0 0 0 0 0 1 0 0
0 1 0 0 0 0 0 0
0 0 1 0 0 0 0 0
1 0 0 0 0 0 0 0
0 0 0 0 0 0 0 1
0 1 0 0 0 0 0 0
1 0 0 0 0 0 0 0
1 0 0 0 0 0 0 0
0 0 1 0 0 0 0 0
0 1 0 0 0 0 0 0
0 0 0 0 0 0 0 1
1 0 0 0 0 0 0 0
0 0 0 0 0 1 0 0
0 0 1 0 0 0 0 0
0 0 0 0 0 1 0 0
0 0 0 0 0 0 0 1
0 0 0 0 0 0 0 1
1 0 0 0 0 0 0 0
0 0 0 0 0 0 0 1
0 0 0 0 0 1 0 0
0 0 0 0 0 1 0 0
0 0 1 0 0 0 0 0
0 0 1 0 0 0 0 0
0 0 1 0 0 0 0 0
0 0 0 0 0 0 0 1
0 0 0 0 1 0 0 0
1 0 0 0 0 0 0 0
0 0 0 0 0 1 0 0
1 0 0 0 0 0 0 0
0 0 0 1 0 0 0 0
0 0 0 0 1 0 0 0
0 0 0 0 0 0 1 0
0 0 0 0 0 1 0 0
0 0 0 0 1 0 0 0
0 0 0 0 1 0 0 0
0 0 0 0 0 0 1 0
0 0 0 0 1 0 0 0
0 0 0 0 0 0 0 1
0 1 0 0 0 0 0 0
0 0 1 0 0 0 0 0
0 0 1 0 0 0 0 0
0 0 0 0 0 1 0 0
1 0 0 0 0 0 0 0
0 1 0 0 0 0 0 0
1 0 0 0 0 0 0 0
0 0 0 0 0 0 1 0
0 0 1 0 0 0 0 0
0 0 0 0 0 0 1 0
0 0 0 0 0 1 0 0
0 0 0 0 0 1 0 0
0 0 0 1 0 0 0 0
0 0 0 1 0 0 0 0
0 0 0 0 0 1 0 0
0 0 0 1 0 0 0 0
0 0 1 0 0 0 0 0
0 0 0 0 0 0 1 0
0 0 0 0 0 0 0 1
0 1 0 0 0 0 0 0
0 1 0 0 0 0 0 0
0 1 0 0 0 0 0 0
0 0 0 0 0 0 1 0
0 0 0 0 0 0 1 0
0 0 0 0 0 0 0 1
0 0 0 0 0 0 0 1
0 0 0 0 0 1 0 0
1 0 0 0 0 0 0 0
0 0 0 1 0 0 0 0
0 1 0 0 0 0 0 0
0 1 0 0 0 0 0 0
0 0 0 0 0 0 0 1
0 1 0 0 0 0 0 0
0 1 0 0 0 0 0 0
0 1 0 0 0 0 0 0
0 0 0 0 0 1 0 0
0 0 0 1 0 0 0 0
0 0 0 0 0 0 1 0
0 0 1 0 0 0 0 0
0 0 1 0 0 0 0 0
0 0 0 0 1 0 0 0
0 0 0 0 0 1 0 0
0 0 0 0 0 0 1 0
0 0 0 0 0 0 0 1
0 0 0 0 0 0 0 1
0 0 1 0 0 0 0 0
0 0 1 0 0 0 0 0
1 0 0 0 0 0 0 0
0 1 0 0 0 0 0 0
0 0 0 0 1 0 0 0
0 0 0 0 0 1 0 0
0 0 0 0 1 0 0 0
0 0 0 0 0 1 0 0
1 0 0 0 0 0 0 0
1 0 0 0 0 0 0 0
0 0 0 0 0 0 1 0
0 1 0 0 0 0 0 0
0 1 0 0 0 0 0 0
0 0 0 0 0 0 1 0
0 0 0 0 0 0 1 0
0 0 0 0 0 0 1 0
0 0 0 0 0 0 0 1
0 1 0 0 0 0 0 0
0 0 0 0 1 0 0 0
0 0 0 0 0 0 0 1
0 0 1 0 0 0 0 0
0 0 0 1 0 0 0 0
0 0 0 1 0 0 0 0
0 1 0 0 0 0 0 0
0 0 0 0 0 0 1 0
0 0 0 0 0 0 1 0
0 0 0 1 0 0 0 0
0 0 0 0 0 0 1 0
0 0 1 0 0 0 0 0
0 0 0 1 0 0 0 0
0 0 0 0 0 0 0 1
0 0 0 1 0 0 0 0
0 0 0 0 1 0 0 0
1 0 0 0 0 0 0 0
0 1 0 0 0 0 0 0
0 0 0 0 1 0 0 0
0 0 0 0 0 0 0 1
0 0 0 0 0 0 0 1
0 0 0 0 0 0 0 1
1 0 0 0 0 0 0 0
0 0 0 0 0 1 0 0
0 0 0 0 0 0 0 1
0 0 0 0 0 0 0 1
0 1 0 0 0 0 0 0
1 0 0 0 0 0 0 0
0 0 0 0 0 1 0 0
0 0 0 0 0 0 0 1
0 0 0 0 0 0 0 1
0 0 0 0 0 0 1 0
0 0 0 0 0 0 1 0

Capacidades:
54 24 45 30 0 46 0 33
53 27 29 26 58 56 39 0
41 0 0 37 40 38 55 35
50 20 0 51 53 24 0 53
46 54 41 0 33 0 39 59
