m: 500
n: 10
p: 6

Distancias:
8.77 5.56 4.54 9.93 1.16 9.20 8.28 8.27 7.62 8.54
5.89 3.62 6.81 7.51 7.97 6.89 8.09 4.12 6.40 7.53
1.08 6.32 8.89 7.87 2.53 3.32 5.28 7.96 2.89 2.78
2.50 7.23 1.67 3.00 5.04 5.52 2.62 1.20 5.54 7.69
6.81 9.53 3.66 2.31 3.96 2.91 8.30 1.07 7.38 7.48
6.03 9.90 6.55 5.42 5.13 9.93 7.16 5.07 9.24 2.93
4.60 3.59 1.52 4.97 4.05 6.68 2.40 7.18 1.24 3.27
4.89 8.68 4.23 8.41 2.90 7.08 2.50 5.17 2.30 4.91
8.63 2.73 1.10 9.97 6.57 2.28 9.29 4.28 7.81 9.32
3.63 3.92 4.19 6.43 8.25 7.25 1.39 2.95 9.78 6.64
4.07 5.70 2.47 2.75 3.13 4.37 1.30 5.02 9.82 8.89
1.52 8.25 4.79 5.12 7.32 7.76 4.49 5.38 5.28 4.22
3.00 3.86 1.40 7.80 6.96 6.74 9.35 9.21 1.13 3.74
9.25 9.51 3.80 1.65 8.89 9.11 8.37 2.65 9.43 4.69
5.39 6.58 9.93 2.27 8.17 6.27 3.87 2.27 7.88 8.18
5.67 2.98 2.19 6.74 8.79 8.04 5.99 8.59 3.15 4.55
2.69 1.77 4.82 1.81 2.16 3.82 1.82 7.55 1.25 8.29
7.12 8.97 2.55 9.73 7.85 9.93 9.91 6.49 5.57 3.98
6.72 2.42 6.22 5.04 9.05 3.49 9.12 9.89 1.59 9.05
5.17 4.13 6.03 4.30 8.86 1.33 6.50 7.24 6.47 4.17
3.91 5.87 8.51 5.38 6.77 5.62 3.92 2.15 2.93 5.24
7.51 6.94 2.56 6.88 9.58 6.78 1.42 3.49 8.23 8.03
3.19 5.90 7.28 7.60 3.27 1.52 4.18 3.55 3.61 6.48
6.71 1.82 1.41 3.33 2.53 2.30 4.18 9.52 6.45 7.66
9.32 7.22 4.04 9.67 8.11 2.23 3.77 7.04 2.44 8.09
2.23 9.66 1.53 1.16 6.86 9.48 4.17 8.34 7.76 3.87
3.24 4.35 7.68 3.17 5.14 9.39 3.98 2.87 9.90 6.05
4.74 8.99 2.96 9.36 4.53 6.89 6.36 1.42 7.00 8.77
7.53 5.79 5.70 2.39 3.65 3.20 5.51 7.11 2.90 7.02
1.45 1.57 3.23 6.95 2.61 4.53 4.12 8.35 6.82 5.14
5.29 9.48 9.22 7.95 5.64 3.24 9.05 5.03 3.75 6.37
5.47 4.68 2.11 5.65 2.81 8.13 2.59 8.41 2.77 5.47
9.71 2.69 3.76 7.47 3.48 7.17 9.91 9.92 7.23 5.99
5.55 6.39 5.24 3.13 7.52 4.24 9.89 4.63 6.21 3.59
2.61 3.46 6.25 5.32 3.65 1.19 5.05 3.02 3.67 2.51
1.48 4.05 5.52 1.88 3.45 6.89 2.56 1.64 4.19 9.03
3.10 8.52 6.95 1.79 3.15 5.71 2.69 5.61 4.71 8.36
8.85 6.98 3.48 9.26 4.28 3.99 2.82 2.35 7.56 8.43
8.64 6.34 1.19 1.25 5.23 5.99 9.30 6.13 7.15 4.39
7.34 5.76 9.77 3.72 5.31 1.45 9.57 8.78 4.32 7.50
3.84 7.29 5.19 5.68 4.73 4.04 7.58 2.20 8.26 6.54
2.96 5.15 3.38 7.68 9.58 6.58 9.90 8.43 5.14 5.73
3.45 1.30 7.72 8.69 5.36 9.63 1.84 1.19 9.07 4.17
7.43 5.18 3.76 1.72 5.60 4.30 4.73 1.26 4.11 4.52
2.07 9.88 4.43 5.83 3.43 1.12 6.32 9.12 7.39 5.24
2.81 2.89 1.80 4.25 1.58 4.05 9.72 3.06 9.07 5.56
5.79 9.55 2.19 2.01 2.25 2.94 6.74 5.23 8.90 3.63
6.35 4.03 7.88 2.44 2.54 8.52 5.65 4.06 7.15 9.54
3.20 6.99 1.19 7.98 7.78 6.04 7.13 1.99 3.24 5.27
9.93 9.06 8.45 3.19 2.84 4.06 5.00 1.48 2.32 2.25
7.60 8.64 2.17 7.87 7.19 5.27 4.43 2.40 2.32 1.15
7.83 9.10 6.52 7.69 8.02 5.02 5.89 3.72 1.35 8.29
2.25 8.70 4.64 6.67 3.73 7.41 8.35 2.80 9.21 1.88
7.62 6.71 3.24 6.72 7.24 9.68 4.18 5.69 2.92 8.39
2.14 5.60 4.07 6.30 8.02 6.53 7.72 4.30 9.18 4.82
9.04 2.12 6.24 1.32 2.47 4.62 8.34 9.12 3.94 5.13
1.88 4.82 7.60 9.63 2.61 8.89 1.17 4.32 5.97 6.30
8.26 9.03 9.64 3.16 9.87 5.85 2.56 5.10 7.48 4.74
4.51 3.68 4.90 2.81 5.00 1.33 4.31 3.94 7.53 5.20
1.80 2.75 4.29 7.90 6.17 7.27 9.06 2.26 8.95 5.36
2.76 3.81 9.56 8.82 4.11 5.83 3.44 4.19 6.16 9.83
9.67 9.60 9.37 7.24 5.15 2.31 3.35 5.29 2.76 3.76
5.81 4.06 4.06 3.50 3.76 5.16 4.88 2.48 7.35 5.56
2.97 2.95 7.08 5.02 7.50 4.16 2.14 7.45 5.14 3.92
3.61 4.40 7.00 3.63 4.35 8.24 8.58 1.23 7.99 1.80
1.55 1.19 7.91 4.65 7.20 9.39 9.20 9.55 9.40 8.52
3.26 3.41 9.51 9.71 7.56 7.33 1.01 6.54 1.80 9.48
4.69 2.97 8.64 4.75 1.78 6.25 1.79 9.51 6.21 6.48
3.10 3.39 6.18 8.79 6.41 1.16 2.07 8.78 4.63 6.73
6.29 4.26 7.97 7.32 9.32 7.35 3.80 8.57 4.34 7.14
5.15 2.82 3.98 7.80 6.55 1.74 5.01 7.98 6.63 8.18
8.25 8.57 5.40 3.03 7.03 5.68 7.33 7.85 8.76 4.41
2.74 3.87 7.03 9.78 6.04 4.87 4.74 4.65 3.29 8.73
1.83 7.76 3.94 5.45 7.86 4.79 1.75 6.42 5.24 7.41
5.56 4.80 4.25 5.58 4.51 2.20 3.16 3.29 3.16 1.25
9.21 9.50 1.89 4.91 7.81 3.19 6.54 3.52 4.97 6.63
5.38 6.18 2.62 6.11 2.85 4.19 8.84 3.82 1.53 8.90
2.47 4.91 6.39 9.31 6.84 7.43 9.28 2.31 8.39 2.83
6.47 3.58 2.31 6.53 8.98 7.27 9.03 6.24 2.37 3.66
7.45 4.88 4.14 6.15 1.78 9.57 5.90 2.59 9.07 4.95
2.79 5.39 1.77 4.95 7.61 3.67 2.95 4.36 8.93 3.40
3.77 5.47 2.59 3.27 2.60 6.08 6.34 6.54 2.48 4.51
4.72 8.66 2.32 9.24 9.95 5.46 4.70 1.90 3.96 7.82
6.13 8.47 2.31 7.76 4.97 1.75 5.00 4.41 5.26 7.06
8.82 7.72 2.93 9.15 3.41 4.48 8.58 9.84 7.46 2.79
4.22 2.05 1.82 9.12 2.64 6.24 7.21 1.79 3.14 3.75
5.80 5.67 2.13 4.38 8.84 4.51 5.32 7.58 6.01 6.57
7.05 4.38 7.96 3.79 7.25 2.95 7.44 2.54 3.04 7.45
5.91 6.88 8.82 5.31 4.13 5.45 2.71 3.28 7.47 4.18
3.95 7.51 4.83 4.64 1.48 3.96 7.72 1.25 7.32 1.96
6.05 2.43 7.00 9.81 9.81 8.84 2.64 4.17 5.50 2.93
8.45 1.26 1.58 7.36 5.12 1.71 3.37 1.57 4.49 1.07
6.23 3.32 1.08 7.54 7.16 6.19 4.98 3.79 8.87 6.87
1.13 2.55 5.11 8.60 1.50 4.55 9.85 1.21 8.48 9.25
8.78 5.96 4.34 9.47 4.96 2.75 1.07 1.99 7.19 8.38
8.71 3.24 4.85 3.16 3.23 8.51 7.76 3.58 6.55 4.80
6.84 8.05 3.02 8.61 8.61 1.34 6.83 5.51 6.60 1.30
7.39 8.96 8.95 4.06 9.18 5.50 1.10 1.42 1.46 8.29
4.30 2.03 3.33 6.69 6.56 6.98 9.79 6.54 7.06 2.54
2.35 5.07 2.65 9.70 8.99 2.25 1.07 5.10 1.30 3.62
3.16 6.14 4.46 3.92 3.03 8.27 6.84 9.83 9.36 3.00
2.65 3.58 5.27 5.27 7.92 8.14 3.58 6.31 8.33 2.00
4.36 6.17 1.07 4.59 4.06 3.72 6.44 8.57 3.24 10.00
6.61 5.50 3.55 2.45 9.99 7.34 9.24 4.18 7.58 7.26
5.85 8.80 8.34 7.58 5.53 9.26 5.21 8.02 2.37 7.57
4.89 7.02 6.98 9.35 9.76 7.91 6.09 1.58 9.36 9.33
8.88 4.14 1.22 1.10 9.72 3.67 7.47 2.34 8.02 1.72
7.93 9.04 1.55 5.67 4.37 4.25 1.33 9.29 6.20 1.49
1.84 3.57 4.89 4.55 3.70 7.21 2.76 4.48 4.48 7.08
4.08 3.97 7.65 7.28 1.06 9.04 6.18 5.85 3.04 5.69
7.92 1.14 2.96 7.81 6.44 6.61 2.37 6.43 6.23 2.71
7.83 4.24 8.97 7.57 4.47 4.48 4.78 4.84 9.69 9.58
3.37 1.80 2.73 7.00 5.43 1.69 8.15 4.54 1.22 5.66
6.38 9.43 1.84 3.85 7.56 3.89 1.24 4.56 5.32 5.19
7.00 9.62 7.24 2.78 9.65 9.53 3.78 9.58 9.42 4.91
2.24 9.56 2.20 4.50 6.40 2.86 8.52 5.88 5.69 4.13
5.53 8.50 2.46 5.30 8.19 5.78 9.81 5.92 2.46 4.99
2.60 1.28 7.31 7.29 3.56 4.73 7.44 8.63 4.34 1.43
3.86 7.24 6.12 1.21 6.43 2.14 8.14 9.98 4.58 8.55
3.75 8.35 6.26 5.69 3.91 3.55 3.42 5.20 9.82 7.89
3.18 7.83 1.28 3.85 8.46 6.18 8.74 5.34 5.98 8.01
4.19 2.50 1.10 3.99 8.73 3.22 2.98 5.34 5.99 9.26
1.60 2.68 2.79 8.49 5.14 4.60 5.22 1.03 3.04 1.42
5.71 2.55 3.25 3.55 7.33 4.16 2.85 7.18 7.16 1.54
5.86 1.82 3.99 8.83 4.17 2.37 9.18 9.18 2.99 1.57
8.52 2.42 6.14 9.31 9.61 4.36 5.76 2.54 7.25 9.18
5.18 7.39 9.43 5.27 2.42 7.52 5.42 2.61 6.36 3.49
6.82 2.35 6.51 1.33 2.31 8.24 9.58 4.34 6.65 8.86
6.68 4.99 5.89 8.67 6.75 9.25 7.70 7.09 1.96 6.79
6.52 5.79 8.45 1.17 6.86 4.90 4.64 6.42 4.80 6.67
5.38 7.18 6.01 8.92 2.16 9.90 7.90 1.87 2.73 9.13
5.10 9.42 4.12 8.08 5.73 5.21 1.25 4.07 2.40 8.50
3.21 8.59 4.46 1.68 2.38 9.15 5.21 9.92 8.35 1.08
6.55 3.54 6.79 5.91 5.59 3.16 9.60 8.41 3.37 9.51
8.89 8.08 2.64 8.31 7.43 2.61 9.19 2.68 9.63 6.53
3.82 6.45 9.68 3.45 5.62 8.86 5.06 1.25 4.53 2.54
2.74 1.86 8.12 8.00 3.31 8.84 7.76 9.78 1.60 8.01
8.69 8.91 2.53 2.88 2.09 1.50 1.31 1.37 7.70 3.88
5.43 7.48 7.76 3.33 2.86 3.56 1.77 3.28 7.04 8.26
4.57 2.99 5.91 2.38 9.81 3.09 4.96 3.50 8.93 7.75
6.05 5.88 5.46 5.59 6.49 1.27 1.77 4.59 9.46 1.49
6.41 1.56 5.04 7.60 8.22 9.07 1.93 7.44 3.95 1.10
9.63 7.00 8.08 1.57 2.28 4.34 9.56 4.80 4.03 9.53
6.03 2.96 3.25 9.04 2.93 8.93 9.44 4.92 2.57 9.18
8.61 2.78 6.88 4.54 5.81 2.92 4.25 1.64 6.63 6.04
7.55 5.05 9.23 4.31 7.63 7.96 2.88 6.44 9.78 7.00
4.20 1.96 1.01 6.99 1.06 7.43 8.58 7.66 3.07 7.77
7.63 8.62 7.26 1.55 8.06 4.08 4.22 4.61 4.50 5.56
6.23 2.30 6.00 1.16 8.44 1.11 8.05 4.12 8.94 7.66
8.08 6.51 8.31 3.42 4.71 1.60 9.99 9.17 5.22 6.74
2.77 8.15 2.22 9.07 3.11 6.93 3.99 8.03 4.24 6.72
4.25 7.53 8.22 6.66 9.07 4.57 9.04 3.93 3.90 1.16
9.69 4.67 6.18 2.36 7.18 7.14 5.05 4.86 3.36 4.07
1.78 3.83 8.82 3.71 1.73 6.95 3.86 7.73 8.87 5.03
4.80 6.92 8.51 8.59 9.92 1.06 1.19 3.48 6.33 9.93
2.53 1.80 3.98 10.00 6.09 3.03 2.21 3.38 1.24 2.12
8.13 3.84 7.90 4.03 8.30 6.10 3.78 7.15 2.32 3.68
9.92 9.57 5.59 8.72 7.48 5.81 7.77 6.47 3.72 2.73
3.32 8.45 6.03 3.86 9.29 9.20 8.96 9.70 1.71 2.49
2.93 2.15 8.55 1.24 2.59 5.86 7.23 7.04 9.20 8.40
9.67 6.42 2.07 3.83 9.86 1.36 6.36 9.67 8.45 6.16
1.62 4.29 1.48 7.63 4.19 4.83 8.06 6.08 8.97 6.20
5.45 9.35 1.66 5.15 1.77 5.15 6.11 7.99 3.02 1.33
3.10 1.66 5.98 9.98 1.72 8.57 3.98 9.04 9.14 8.97
1.57 8.05 4.11 6.14 6.28 3.63 4.97 4.01 9.36 4.04
1.73 7.44 1.61 6.53 6.77 4.04 2.81 4.46 9.29 7.83
5.77 6.06 6.78 8.72 9.71 3.87 4.92 2.24 9.09 8.10
6.28 3.20 2.45 6.92 6.86 6.56 9.13 8.39 5.47 1.29
7.25 8.05 1.20 9.65 6.97 8.86 7.80 3.25 2.07 3.13
1.56 5.29 7.71 6.55 8.25 1.01 7.01 6.56 1.23 7.21
1.72 7.03 6.61 5.45 7.50 8.33 8.63 3.45 3.06 7.38
7.06 4.14 5.25 6.08 3.98 6.16 7.23 9.60 2.25 9.55
1.27 8.51 2.47 5.96 6.27 8.48 3.10 4.84 6.16 4.07
1.45 8.77 3.16 3.39 9.71 2.57 3.08 3.23 7.93 1.04
3.25 2.26 5.16 1.48 8.67 1.53 7.02 5.85 9.85 1.73
2.46 7.80 9.34 1.05 8.26 5.46 6.37 5.28 6.64 7.81
1.35 5.14 6.31 9.96 7.87 6.26 9.66 1.28 5.58 9.01
2.56 6.63 3.37 6.09 6.80 8.31 8.33 9.65 9.48 8.80
2.62 5.20 2.76 6.44 7.34 8.04 1.63 1.48 9.96 2.82
2.45 5.44 1.72 8.40 6.68 1.24 8.92 6.56 3.74 8.54
1.11 8.06 3.01 4.32 4.48 8.32 8.19 2.00 1.60 7.24
3.21 6.07 6.08 3.57 5.01 6.97 1.33 7.81 6.33 7.84
2.23 9.16 6.98 4.56 8.14 3.00 4.47 4.29 4.30 3.40
8.30 9.94 6.69 7.84 3.99 8.45 4.62 6.58 7.03 5.45
2.72 5.42 5.05 5.87 1.23 9.67 7.79 9.89 6.78 7.33
1.21 4.15 7.32 9.57 7.29 8.08 9.14 6.78 2.54 1.54
4.91 7.98 3.78 2.02 2.71 5.00 7.25 9.37 5.01 7.73
2.41 9.87 2.32 1.36 8.76 7.69 7.46 2.06 7.18 6.02
4.01 8.47 1.97 5.27 7.67 5.83 2.81 5.96 9.88 6.23
9.87 7.10 4.05 5.13 1.98 1.45 4.23 1.12 5.97 1.24
8.77 6.35 8.14 8.00 7.86 3.50 2.19 4.29 4.96 7.99
2.11 4.29 8.95 3.92 1.52 6.42 4.04 1.65 3.09 2.30
4.05 9.08 7.80 8.98 3.63 4.02 8.91 3.14 4.22 8.37
6.18 6.02 2.50 7.61 8.80 4.42 1.26 1.22 3.45 1.08
7.65 1.44 2.23 1.87 7.06 1.53 3.09 9.06 7.69 3.66
5.86 8.10 9.48 1.24 2.14 2.81 4.19 2.63 7.74 1.49
9.33 6.05 1.87 7.11 3.66 2.00 7.84 2.62 6.63 5.53
3.72 2.07 8.95 1.61 5.82 1.53 1.11 4.58 9.10 6.36
5.68 6.43 6.58 2.91 6.39 1.56 5.25 5.06 2.40 5.85
4.66 1.34 5.52 1.74 2.90 5.05 3.14 1.59 5.11 3.42
9.53 3.18 4.09 5.01 1.55 5.75 6.77 4.46 2.24 6.18
6.30 7.26 1.70 9.64 3.34 9.40 7.83 2.01 7.15 6.48
6.69 9.43 5.53 4.48 1.69 5.11 2.44 1.48 6.96 5.71
2.73 1.23 5.09 6.05 2.58 6.58 4.13 1.57 1.36 7.59
1.99 5.63 3.41 1.95 8.29 9.96 1.79 5.91 2.70 8.20
6.09 7.57 9.67 3.50 8.42 5.45 7.63 4.51 2.75 8.41
7.04 2.22 1.20 5.29 6.70 9.06 7.25 6.61 6.49 4.89
3.22 5.19 7.36 4.39 8.19 7.62 1.38 3.63 7.46 4.43
9.23 9.88 3.12 1.59 2.35 2.66 6.82 4.56 3.43 2.00
7.71 4.81 2.57 9.54 6.16 8.29 1.18 3.22 8.90 1.03
9.25 2.03 2.98 5.07 4.98 7.13 3.00 5.68 4.56 8.47
7.79 1.11 9.65 3.45 3.95 5.38 8.25 9.20 2.17 3.05
8.60 2.43 8.25 6.70 3.51 3.68 5.39 1.33 3.02 6.47
1.38 4.50 9.06 5.17 9.83 9.07 6.09 3.50 5.31 4.68
4.63 6.44 4.68 4.71 4.78 6.19 1.10 8.38 2.00 3.03
3.61 7.63 4.07 2.80 9.54 5.48 5.99 6.28 7.47 9.79
5.30 6.75 1.73 7.50 5.24 4.39 9.74 1.60 1.34 3.34
9.14 9.45 2.93 4.51 5.20 2.66 9.56 1.44 7.45 6.51
4.31 4.81 6.37 4.90 7.21 6.85 8.41 5.52 5.19 7.82
8.38 1.41 4.84 6.49 1.61 7.95 2.71 3.43 1.08 4.71
8.64 6.32 4.65 1.93 5.95 2.76 7.66 1.08 6.11 3.78
9.97 8.93 4.18 9.31 4.69 8.58 6.84 3.53 8.31 5.98
2.85 6.21 2.05 8.46 5.34 4.35 5.50 2.87 4.81 4.65
6.80 6.03 3.12 7.10 9.26 3.35 9.72 1.97 3.41 1.88
8.91 9.87 8.91 1.13 3.76 2.19 8.87 9.88 1.50 9.39
4.11 6.54 5.12 5.43 3.98 4.43 8.77 2.75 1.91 4.18
9.98 2.08 4.81 1.48 3.42 7.80 9.59 9.60 4.12 8.44
8.84 8.44 7.97 1.30 4.94 9.14 8.13 6.51 3.29 2.90
8.41 5.58 1.45 4.48 1.33 9.32 5.43 1.64 5.05 6.13
7.87 4.39 7.60 3.56 1.19 3.32 4.31 6.64 9.40 1.03
8.15 9.86 9.96 8.23 3.91 5.92 6.39 8.71 8.79 6.81
4.77 6.16 9.37 8.25 8.07 6.80 8.11 1.61 1.60 2.41
3.81 6.79 8.99 6.97 5.26 6.99 8.76 7.35 2.30 9.87
7.25 7.34 4.99 9.43 2.16 6.35 1.78 5.85 3.85 8.70
5.16 5.21 2.67 2.87 7.42 4.63 6.99 8.10 7.66 9.46
5.54 5.75 3.85 5.20 3.55 4.77 7.14 4.10 6.03 3.19
3.46 7.42 7.31 5.26 7.84 4.67 6.97 6.34 7.36 8.41
7.20 6.23 1.15 8.42 9.76 7.55 6.41 2.31 5.09 4.57
7.39 9.15 5.95 4.38 7.47 8.83 2.60 8.86 7.54 8.02
6.21 8.19 1.05 4.21 9.26 6.79 9.19 5.60 4.25 8.30
2.93 7.81 1.44 7.18 7.82 2.10 6.71 1.78 4.43 5.18
4.74 4.36 6.95 3.80 3.88 2.51 9.63 3.21 7.94 5.64
4.68 9.79 8.01 2.30 7.60 6.41 7.74 9.30 7.41 3.74
6.86 6.83 5.88 6.87 4.81 7.28 6.99 8.47 4.88 6.49
8.50 5.95 5.84 1.52 6.36 2.74 9.51 4.25 6.03 1.80
4.73 5.96 8.07 9.94 8.49 2.01 3.15 2.82 5.54 3.02
9.77 1.82 7.96 7.87 7.23 1.20 8.36 9.66 9.68 3.91
2.24 7.85 1.80 1.77 1.18 9.09 4.66 5.43 2.67 9.71
2.97 7.12 2.71 9.72 7.96 6.73 5.37 3.01 1.03 9.02
9.18 6.03 8.80 9.60 7.66 8.68 5.59 8.85 5.62 9.34
3.14 9.31 7.64 1.93 4.24 7.81 5.08 5.72 4.65 9.47
8.21 4.84 1.18 9.75 9.25 4.53 7.75 3.47 3.77 4.53
2.90 2.83 9.89 7.96 3.01 1.81 4.26 8.09 2.17 8.90
1.50 7.42 7.06 9.16 7.67 2.22 5.97 3.07 2.50 1.21
1.68 8.72 3.18 5.79 2.81 5.16 6.61 2.71 8.96 4.14
3.73 2.98 9.72 6.88 3.30 2.55 4.27 1.07 2.61 9.44
8.77 5.08 7.35 1.61 3.75 9.31 9.67 4.23 3.84 9.90
3.21 6.89 9.00 5.96 7.44 9.11 2.25 3.20 3.98 3.46
8.57 1.85 8.64 8.58 7.33 4.57 8.14 2.42 3.66 5.26
4.53 7.90 8.16 7.67 6.74 3.61 7.48 2.61 2.76 4.48
2.21 7.62 9.55 3.35 6.65 4.79 9.19 2.58 9.41 3.29
1.82 6.16 2.36 5.15 6.45 3.63 4.04 8.58 4.17 1.12
6.50 4.51 1.50 5.21 7.83 9.36 5.19 9.93 9.44 8.87
2.33 1.33 2.74 4.21 1.38 2.57 5.44 6.60 2.86 7.63
3.88 6.65 6.90 9.36 2.12 2.99 6.65 4.20 5.02 5.06
1.83 8.68 1.59 1.27 3.23 8.44 2.60 9.78 6.48 2.40
4.98 9.57 7.04 1.88 2.33 2.34 1.90 3.36 3.88 6.41
8.32 9.57 6.53 5.56 1.95 1.68 3.28 1.28 4.00 4.28
4.42 6.36 7.18 2.65 9.99 4.06 8.45 6.34 1.13 4.99
5.57 2.60 7.38 8.96 4.24 3.03 1.80 3.00 1.29 3.03
7.60 6.99 8.01 5.97 7.77 5.01 5.90 1.91 7.44 6.30
6.46 5.79 4.94 5.26 7.93 5.85 2.92 7.25 4.28 9.79
1.82 2.48 8.65 2.17 4.38 8.65 4.65 4.52 9.30 9.42
7.67 8.67 6.83 3.90 9.73 9.86 6.44 1.14 7.50 1.17
9.08 2.49 3.51 1.65 6.37 9.27 7.69 5.51 7.27 5.30
7.47 5.92 4.82 7.17 2.68 3.56 2.53 4.30 7.84 1.92
5.55 3.23 1.05 4.59 1.51 6.05 8.44 6.99 7.51 2.59
9.42 1.47 5.03 1.60 1.60 9.13 3.32 5.41 5.21 4.47
9.65 4.35 2.71 3.97 8.79 1.86 6.15 8.08 4.89 5.74
7.35 6.41 4.86 8.50 6.43 7.01 2.43 4.95 3.28 3.98
9.57 7.97 4.67 3.88 5.29 3.38 3.46 4.92 1.25 6.32
4.17 7.28 9.55 1.68 5.48 7.50 8.05 4.04 7.15 8.81
4.04 4.43 1.58 4.68 7.75 6.04 6.67 3.60 7.88 8.18
4.68 2.67 1.38 4.10 1.36 2.33 2.64 6.07 2.44 1.21
5.70 3.95 5.19 6.03 9.30 2.16 8.74 8.21 7.75 8.71
8.01 6.78 9.95 3.15 1.40 1.15 9.73 2.95 5.68 4.09
7.65 2.29 3.39 1.73 3.90 1.92 1.16 8.46 7.94 6.86
6.00 6.95 7.94 3.71 1.09 4.93 5.17 8.58 9.92 4.59
2.82 1.26 1.18 2.30 2.83 5.02 5.94 8.03 8.18 5.14
8.38 1.97 8.66 6.91 2.31 6.67 5.31 7.71 5.10 4.37
2.16 5.11 2.43 1.08 3.78 6.07 5.92 4.44 7.32 4.26
2.24 2.54 5.73 9.66 8.51 8.64 1.20 2.95 6.99 1.14
1.20 7.78 7.59 5.39 7.83 5.43 7.43 2.76 5.32 7.70
2.13 4.11 8.85 4.23 2.00 7.96 7.83 3.45 4.53 3.34
1.72 1.68 6.72 7.44 7.55 6.07 8.10 4.75 3.11 6.30
4.16 2.05 5.94 5.83 6.36 3.06 6.30 5.69 4.37 4.88
7.46 4.94 6.40 6.97 1.43 7.49 2.34 8.35 9.07 5.27
1.50 1.84 3.25 9.64 7.16 1.83 6.80 2.94 4.83 3.53
1.21 2.94 4.21 4.54 9.95 2.07 4.58 3.03 6.77 2.54
2.31 4.52 5.02 9.94 2.45 2.92 2.92 6.03 8.98 3.22
9.17 4.77 1.90 9.21 7.06 2.82 7.78 4.91 9.45 3.55
9.89 7.43 9.71 6.25 3.37 4.08 1.68 3.88 6.28 2.98
1.64 1.68 7.17 1.74 5.74 1.05 9.77 1.43 1.14 3.67
4.78 2.10 8.94 3.20 6.07 5.19 7.07 8.11 6.94 4.69
5.10 7.02 4.68 7.57 2.94 6.77 1.47 2.72 6.26 6.46
4.08 6.04 1.63 3.41 2.70 7.61 9.55 8.92 8.92 9.52
2.81 2.88 4.10 8.91 5.51 3.79 3.10 1.01 6.09 6.21
2.92 8.67 3.80 1.12 1.44 5.69 5.37 9.68 9.48 6.36
1.94 4.42 9.43 5.31 4.95 6.02 2.46 2.99 5.63 8.12
2.19 9.57 8.61 2.28 7.20 1.45 2.87 3.54 3.05 9.05
4.25 1.60 9.71 3.88 7.38 9.80 5.88 1.23 1.77 4.20
9.82 6.18 7.38 2.76 4.48 8.41 6.49 5.00 6.68 3.58
2.76 9.61 2.11 8.27 3.71 9.00 6.79 4.73 6.90 4.59
5.16 1.35 8.04 5.67 6.59 6.71 5.34 6.39 3.84 8.83
9.88 6.65 2.48 3.57 1.68 8.09 6.97 6.44 9.46 9.07
7.22 5.21 8.11 4.21 3.29 5.13 7.17 8.60 6.82 6.76
7.25 6.23 2.93 5.88 6.79 5.99 2.73 1.94 9.33 1.14
5.40 7.41 6.99 6.46 4.99 7.79 8.56 9.12 3.40 7.63
5.18 6.93 9.59 2.43 1.23 9.26 1.15 7.38 7.21 3.78
5.36 1.40 8.93 3.63 4.38 7.12 6.89 1.98 2.11 5.84
6.66 5.07 7.26 6.34 8.75 6.75 8.56 3.90 2.65 8.64
9.71 1.14 3.14 4.07 9.59 5.96 1.99 5.80 6.02 2.43
5.58 6.41 6.14 5.23 1.08 6.47 2.17 1.35 3.02 5.12
3.61 9.28 3.70 1.20 6.47 8.69 9.65 1.76 8.64 9.73
3.17 8.51 2.01 5.42 7.89 9.23 7.48 2.56 6.02 9.55
9.71 3.55 8.52 1.50 5.76 7.41 3.24 1.27 8.97 8.09
4.61 3.89 2.34 9.07 9.90 7.53 4.30 8.83 5.67 6.17
6.56 2.91 9.97 4.86 2.90 3.38 5.49 1.71 3.95 6.47
1.42 4.20 2.90 9.15 3.05 8.24 8.73 5.73 5.02 5.18
4.40 8.87 6.65 8.65 5.27 6.10 1.93 5.20 8.32 9.27
9.50 1.25 1.55 2.33 5.34 1.75 3.77 9.57 4.24 6.59
3.41 9.50 2.96 7.40 1.75 1.46 4.10 6.07 2.95 1.14
4.14 9.77 2.16 6.98 6.86 5.72 8.64 3.13 1.56 2.67
8.62 5.93 6.82 8.90 3.42 6.35 7.39 9.63 5.97 1.63
4.55 3.38 2.20 2.10 1.04 1.98 3.14 2.23 5.54 5.92
9.44 9.48 1.86 3.08 3.43 9.85 2.88 4.29 4.89 4.05
6.48 1.19 1.42 7.73 4.02 1.39 8.31 9.14 2.27 8.98
2.16 4.96 7.62 3.59 6.37 5.95 9.18 4.54 3.37 2.93
2.59 2.26 4.44 3.80 2.63 4.38 4.20 5.57 3.76 9.36
2.74 9.58 4.86 4.44 3.92 9.84 5.65 4.10 3.54 9.94
1.92 1.56 2.33 6.14 1.78 8.58 1.55 1.64 9.60 3.59
4.54 3.65 9.54 1.74 2.62 9.24 6.45 1.74 8.05 3.48
3.98 4.67 8.09 9.17 3.94 8.60 8.68 3.67 1.61 1.97
7.36 5.25 8.77 4.95 9.32 1.47 2.91 8.28 5.75 1.92
4.93 7.41 9.41 7.98 2.78 7.46 2.07 9.43 9.56 5.58
9.69 3.02 1.10 5.87 8.88 8.35 1.02 3.01 5.02 4.23
2.24 7.88 9.41 6.75 1.45 7.96 5.04 5.66 3.63 6.63
6.40 7.82 9.61 4.93 8.92 5.78 8.25 4.00 7.36 9.69
7.54 1.82 5.87 5.31 7.01 5.66 2.97 5.56 3.40 2.60
3.42 5.53 8.26 7.46 6.67 1.60 1.31 5.99 1.25 9.84
3.15 3.00 6.63 7.39 4.95 8.58 1.32 1.25 4.90 4.72
1.93 3.35 2.26 4.58 1.05 6.86 1.74 9.91 9.58 9.64
3.27 5.00 7.95 1.85 4.87 2.54 8.81 5.92 6.08 2.14
4.79 5.13 4.89 3.07 8.73 2.08 2.43 3.04 3.75 9.69
4.46 4.48 8.31 2.39 9.85 4.50 3.12 9.89 3.05 6.18
4.75 6.33 5.55 9.79 3.93 6.31 9.04 9.70 9.24 6.25
8.53 2.53 1.66 5.86 6.24 8.31 9.76 3.48 9.66 9.01
5.25 2.82 9.25 7.84 4.39 6.51 9.00 2.92 5.81 7.55
9.44 1.47 1.60 3.87 4.42 1.02 9.90 9.72 3.15 1.71
4.54 6.40 2.16 8.17 3.28 1.54 1.58 6.01 8.62 3.92
1.37 9.37 5.66 2.49 7.33 2.13 5.57 9.16 2.50 6.01
2.96 2.95 4.07 1.86 9.26 9.64 3.78 2.00 2.74 5.91
1.20 4.66 3.70 7.16 5.17 5.27 6.92 9.66 6.07 8.84
1.58 1.29 6.43 8.32 3.08 1.00 9.35 2.87 6.06 6.11
1.03 2.77 5.76 2.82 2.00 8.53 2.15 4.45 6.50 9.18
2.08 7.12 6.92 1.38 4.83 8.18 9.58 6.92 1.67 7.07
7.89 2.00 9.53 5.61 4.01 7.32 7.56 9.95 5.63 2.94
3.17 8.67 4.65 5.94 8.64 4.50 3.17 4.96 7.86 8.00
8.60 6.97 5.13 6.23 9.40 5.94 1.61 2.55 7.28 3.13
1.19 7.14 4.30 6.96 4.10 8.41 7.67 8.53 5.04 5.13
5.60 8.29 4.57 1.25 3.73 6.14 7.12 5.91 3.76 1.18
1.18 8.53 9.02 3.46 8.99 9.42 1.06 1.38 9.39 4.73
7.16 2.99 2.45 8.03 6.55 6.37 5.68 7.26 1.26 1.15
8.70 4.38 1.88 5.45 3.68 8.17 9.79 5.49 6.03 1.16
5.97 3.29 2.25 3.69 4.15 8.99 1.67 8.91 7.72 3.93
5.20 9.66 6.11 2.40 7.53 3.69 5.97 9.25 6.06 6.70
3.64 2.13 4.35 5.27 3.49 3.03 9.22 2.03 2.86 6.24
5.49 8.88 2.69 4.47 7.56 2.91 6.96 2.56 5.86 1.41
3.67 8.87 9.02 6.00 8.92 9.81 1.05 8.58 7.85 8.54
3.38 4.61 5.86 9.74 6.96 5.15 7.11 5.09 2.18 8.33
4.35 3.17 5.85 7.88 7.00 5.72 2.38 1.45 1.57 2.15
7.29 3.07 1.53 4.32 4.16 8.96 3.44 1.83 2.35 7.20
2.11 8.24 9.08 7.42 3.91 2.87 4.51 9.98 7.44 3.40
4.67 2.44 2.97 5.09 9.22 6.83 8.97 6.93 9.40 6.20
5.22 4.08 6.09 1.66 4.95 2.30 4.72 8.50 2.14 9.85
9.80 3.44 9.77 3.87 6.44 7.13 2.76 4.75 5.61 2.58
9.25 3.97 5.59 7.95 3.67 8.17 3.51 8.30 7.85 6.07
2.41 4.13 6.65 7.34 6.88 1.48 2.32 3.05 7.42 3.10
4.52 6.45 9.00 9.10 3.70 5.22 9.86 2.92 2.77 2.97
3.98 2.63 8.09 6.60 5.78 3.28 3.52 4.58 5.75 1.59
9.79 7.56 1.37 3.34 4.60 6.08 3.22 1.67 3.10 7.24
7.57 1.22 6.22 7.45 6.33 9.18 3.30 7.47 3.29 1.51
2.00 7.17 2.55 5.86 3.81 1.22 1.67 1.62 9.73 3.23
4.05 7.60 5.04 3.44 9.46 7.39 5.60 9.90 9.74 3.76
3.15 7.17 3.45 3.73 9.60 3.06 3.40 6.59 5.27 4.69
2.59 5.56 2.42 4.12 8.12 9.69 2.27 1.20 2.32 6.73
2.82 2.07 7.30 6.62 7.34 4.94 4.78 3.48 3.46 7.62
2.99 6.20 9.13 9.06 2.04 3.94 5.40 9.42 1.65 3.90
9.32 2.15 5.81 2.81 5.86 3.56 9.14 3.95 9.36 2.36
8.84 6.68 8.94 7.68 1.26 4.57 6.34 5.33 8.31 9.75
2.04 5.21 5.67 9.24 2.49 7.21 2.29 1.12 4.07 3.03
5.27 6.39 4.08 5.56 6.71 2.05 3.04 7.46 6.36 4.55
8.40 9.79 7.85 6.32 3.59 7.79 8.98 2.90 9.63 5.60
9.79 6.09 5.07 3.64 1.06 3.14 9.66 6.23 9.84 1.47
4.45 8.81 1.74 4.55 6.81 4.25 6.45 3.78 9.33 9.28
7.20 3.88 6.51 7.44 1.76 3.35 2.42 9.43 4.81 7.78
7.56 2.86 2.86 2.83 9.53 4.58 6.37 2.46 4.03 1.81
5.37 2.68 9.45 4.96 9.56 7.91 2.70 4.32 5.73 6.04
1.47 4.94 5.28 9.30 3.55 1.17 3.31 7.90 3.51 5.22
6.52 7.54 7.23 1.59 4.16 1.84 6.96 6.79 4.27 7.50
8.30 4.17 2.58 5.07 4.92 6.56 9.37 3.21 9.14 6.06
2.48 8.06 6.23 6.09 6.93 5.38 5.42 9.40 8.03 6.16
5.77 7.44 7.70 6.15 7.43 5.42 6.78 9.56 6.15 2.73
9.83 9.36 7.59 4.34 5.36 9.63 9.04 6.36 3.36 7.73
1.86 6.12 2.98 7.43 6.88 9.96 3.59 6.02 4.05 1.86
6.42 2.41 9.80 3.50 9.48 8.74 2.74 7.43 9.84 3.66
7.18 5.35 8.62 7.39 3.94 6.77 2.75 2.15 8.43 2.84
4.12 6.75 6.13 7.03 7.41 8.53 4.93 5.60 5.16 3.44
9.69 1.67 9.92 5.38 6.40 9.06 7.47 9.44 1.30 2.08
8.15 5.77 2.43 5.41 8.98 3.13 2.75 2.09 8.01 4.20
8.41 3.04 7.40 8.44 3.68 9.64 2.81 7.57 5.84 1.63
9.43 1.03 9.99 7.99 2.49 9.37 7.32 7.41 7.85 8.67
9.16 4.55 7.19 1.68 9.58 4.35 8.28 5.12 2.38 2.71
6.15 8.98 8.32 9.84 4.41 6.82 3.45 3.95 2.53 1.97
1.34 7.39 1.76 4.53 7.65 6.30 3.40 2.37 6.88 3.48
3.93 9.90 5.12 5.08 7.34 9.23 2.62 4.78 7.71 3.16
3.38 7.64 6.21 4.30 5.63 3.82 4.77 1.23 7.07 8.27
8.16 4.45 3.02 3.24 7.35 7.40 9.17 9.69 9.43 7.22
9.40 8.41 3.64 1.44 7.60 1.40 3.53 8.34 5.67 2.73
6.96 7.67 5.95 9.24 7.18 8.82 4.11 6.60 7.93 5.88
6.79 9.96 1.04 9.87 9.88 9.72 3.07 4.64 6.09 9.18
6.43 5.04 6.03 8.14 1.10 5.58 6.49 5.60 8.44 8.72
4.22 4.65 9.65 4.93 4.10 4.54 7.25 3.45 8.59 8.55
3.80 1.85 4.83 3.09 1.93 4.28 7.06 9.29 6.27 6.68
6.09 4.14 8.81 6.90 3.02 3.94 5.64 1.81 9.88 4.68
8.88 4.48 3.45 5.19 7.77 6.49 4.52 7.20 2.56 5.84
8.18 7.63 7.43 4.92 3.56 5.18 2.06 3.56 7.51 3.22
6.12 4.31 8.50 8.86 6.26 5.48 8.73 6.85 3.56 9.76
3.58 7.53 4.32 3.88 6.27 1.40 5.10 3.51 4.56 5.29
2.54 3.78 1.30 5.91 4.19 4.83 8.48 9.81 5.39 8.60
4.18 3.35 3.11 8.36 5.06 5.94 2.18 3.34 9.05 6.08
3.74 8.69 5.42 9.79 2.54 6.88 3.42 2.16 1.68 8.84
9.20 2.96 4.86 4.58 6.57 1.80 3.08 9.15 7.48 2.17
9.01 9.86 8.19 6.27 3.50 6.68 4.22 4.68 6.68 6.67
8.56 6.31 6.58 9.84 5.92 7.05 5.97 1.60 7.87 8.68
7.25 5.04 6.25 4.55 8.17 5.84 1.47 3.72 9.36 2.63
7.06 1.45 7.49 1.97 1.73 8.92 2.16 8.67 2.00 1.54
6.86 9.07 7.64 4.65 7.82 1.17 6.29 3.85 4.75 5.92
7.08 5.97 3.15 7.85 4.67 4.37 2.83 1.82 3.50 4.38
2.94 4.31 7.82 9.96 2.63 3.92 5.11 2.05 8.26 4.27
3.00 5.88 9.98 9.31 1.90 3.45 5.09 6.35 3.77 6.64
5.89 5.31 8.95 6.05 2.62 9.80 7.64 7.75 6.79 8.65
4.04 4.20 6.40 7.25 6.11 4.16 4.02 2.34 4.98 3.69
8.40 6.11 8.02 3.86 6.30 1.55 5.81 7.81 3.20 5.96
5.90 2.84 8.19 9.15 2.60 5.59 8.72 1.16 8.66 6.51
8.93 1.45 9.41 3.56 3.39 7.17 9.85 3.38 1.88 3.47
9.47 4.55 3.72 2.86 3.91 6.20 3.50 3.02 1.37 9.31
7.73 4.32 6.36 6.34 2.14 8.01 4.73 6.12 8.31 1.92
1.67 2.67 3.50 9.46 3.00 5.08 5.79 5.72 6.98 7.68
3.99 9.23 9.58 4.98 7.22 1.75 4.56 2.09 4.07 9.22
1.25 5.87 9.07 9.49 1.98 1.91 3.57 2.94 8.55 8.64
9.20 6.08 7.42 3.69 4.36 8.29 8.48 5.92 7.15 3.88
3.18 2.14 3.85 7.70 3.74 1.81 3.02 1.99 3.26 8.67
8.67 4.09 2.94 3.99 3.35 6.67 3.60 8.19 5.65 8.03
5.29 2.26 6.69 4.03 3.05 4.81 2.68 5.71 8.76 4.78
6.59 7.26 7.70 3.20 5.81 3.78 8.25 3.77 1.54 6.60
6.04 5.84 6.28 7.35 3.48 4.58 2.70 9.27 6.07 9.56
4.25 5.15 4.70 3.38 1.85 9.92 5.95 3.84 8.67 7.09
3.00 9.33 6.21 1.28 3.17 8.89 7.90 5.67 7.63 3.91
5.32 8.52 4.20 3.86 7.38 6.86 6.50 6.75 6.07 9.26
5.89 5.63 4.08 6.14 9.32 6.86 4.35 7.06 3.73 8.55
3.93 6.91 9.21 8.25 6.12 9.43 9.26 7.91 4.53 4.62
4.63 1.81 5.85 4.50 2.75 8.44 2.92 7.08 4.43 8.43
6.21 3.89 7.62 8.73 5.31 2.04 6.87 6.34 7.35 8.52
3.71 3.80 4.72 1.43 2.84 6.69 7.98 3.97 1.90 1.15
6.94 7.69 7.04 8.14 3.63 8.10 3.29 9.94 5.39 8.74
4.12 3.64 3.89 8.76 8.47 5.58 4.42 1.68 3.88 9.17
2.71 9.73 4.74 9.53 2.38 9.48 4.60 7.85 4.31 6.44
8.86 5.35 4.40 8.15 6.69 4.13 4.02 4.16 2.73 9.16
8.74 7.82 7.60 2.71 2.80 7.52 1.47 4.90 9.29 7.16
8.07 8.68 4.38 9.78 5.28 5.30 7.87 6.17 1.36 7.47
7.90 2.66 1.43 7.11 3.24 3.40 1.10 7.36 1.83 6.55
7.32 5.51 5.48 2.66 2.00 5.63 1.84 4.84 6.55 5.71
2.85 3.37 1.82 8.26 1.85 7.45 5.46 2.60 8.41 8.15
2.46 5.26 9.23 5.72 1.44 9.85 9.23 3.04 4.01 9.90
3.20 6.16 5.26 5.68 3.57 6.87 6.25 3.54 4.48 5.28
6.72 7.58 6.82 4.53 4.33 6.61 4.96 4.68 7.37 9.49
4.56 5.91 8.55 9.65 9.67 5.39 1.05 6.21 3.48 2.74
9.69 1.73 1.35 1.63 3.40 1.93 5.07 8.79 4.40 6.28
3.27 6.78 1.24 1.06 7.32 5.67 1.50 7.86 9.31 8.57
1.45 4.82 6.96 5.28 8.62 5.51 3.71 8.35 9.13 2.72
2.83 1.89 4.72 8.10 6.44 3.80 6.90 8.37 4.36 4.09
7.59 3.28 4.55 3.52 6.48 1.09 6.10 5.15 3.07 9.16
2.90 8.57 2.50 2.90 4.97 1.34 2.43 1.96 3.30 6.35
1.20 1.41 9.26 2.46 5.71 5.81 4.00 5.68 5.67 9.05
5.49 4.75 1.15 4.80 6.36 3.73 8.12 2.81 3.56 4.11
6.40 4.19 9.82 4.88 5.26 4.67 6.52 4.58 8.10 5.50
2.32 2.66 6.71 6.69 4.53 5.18 9.47 6.64 3.50 5.08
3.98 1.86 6.23 1.31 9.44 8.18 9.65 9.52 3.63 7.17
4.22 6.47 1.23 2.85 5.33 4.48 3.80 1.83 3.63 4.42

Demandas:
0 0 0 0 1 0
0 0 0 0 0 1
0 0 1 0 0 0
0 0 0 1 0 0
0 0 0 0 1 0
1 0 0 0 0 0
0 0 0 0 0 1
0 0 0 0 0 1
0 0 0 0 0 1
1 0 0 0 0 0
0 0 0 1 0 0
0 0 0 0 0 1
0 0 0 0 0 1
0 0 1 0 0 0
0 0 0 0 0 1
0 0 0 0 1 0
0 0 0 0 1 0
0 0 1 0 0 0
0 0 0 0 0 1
0 1 0 0 0 0
0 0 1 0 0 0
1 0 0 0 0 0
0 1 0 0 0 0
0 0 1 0 0 0
0 0 0 0 0 1
0 0 0 1 0 0
0 1 0 0 0 0
0 0 0 0 1 0
0 0 0 0 0 1
0 0 0 1 0 0
0 0 0 0 0 1
1 0 0 0 0 0
1 0 0 0 0 0
0 0 0 1 0 0
0 0 1 0 0 0
1 0 0 0 0 0
1 0 0 0 0 0
0 0 1 0 0 0
1 0 0 0 0 0
0 0 0 1 0 0
0 0 0 0 0 1
0 0 0 0 0 1
1 0 0 0 0 0
0 1 0 0 0 0
1 0 0 0 0 0
1 0 0 0 0 0
0 1 0 0 0 0
0 0 0 0 0 1
0 0 0 0 1 0
0 0 0 0 0 1
0 0 1 0 0 0
0 0 1 0 0 0
0 0 0 1 0 0
0 0 1 0 0 0
0 1 0 0 0 0
0 0 0 0 0 1
0 0 0 0 0 1
0 0 0 0 0 1
0 0 0 1 0 0
0 0 1 0 0 0
0 0 0 1 0 0
0 1 0 0 0 0
0 0 0 0 1 0
0 0 1 0 0 0
0 1 0 0 0 0
0 0 0 0 0 1
0 1 0 0 0 0
0 0 0 0 1 0
0 0 0 1 0 0
0 0 1 0 0 0
0 0 0 0 1 0
0 0 0 0 0 1
0 0 1 0 0 0
0 0 0 0 1 0
0 0 1 0 0 0
0 0 0 1 0 0
0 1 0 0 0 0
0 1 0 0 0 0
0 0 0 1 0 0
0 0 0 1 0 0
0 0 0 0 0 1
0 1 0 0 0 0
0 1 0 0 0 0
1 0 0 0 0 0
0 1 0 0 0 0
0 0 0 0 1 0
1 0 0 0 0 0
0 0 0 0 1 0
1 0 0 0 0 0
0 0 1 0 0 0
0 1 0 0 0 0
1 0 0 0 0 0
1 0 0 0 0 0
1 0 0 0 0 0
0 1 0 0 0 0
0 0 0 1 0 0
0 1 0 0 0 0
0 0 0 0 0 1
0 0 0 0 0 1
0 0 0 0 0 1
1 0 0 0 0 0
0 1 0 0 0 0
0 0 0 1 0 0
0 0 0 1 0 0
0 0 0 0 1 0
0 0 0 0 0 1
0 0 1 0 0 0
0 0 0 0 0 1
0 0 1 0 0 0
0 0 1 0 0 0
0 0 0 0 0 1
0 1 0 0 0 0
0 0 1 0 0 0
0 0 0 0 1 0
0 0 0 0 0 1
0 0 0 0 0 1
0 0 0 1 0 0
0 0 0 0 0 1
0 1 0 0 0 0
0 0 0 0 0 1
0 0 0 0 0 1
1 0 0 0 0 0
0 1 0 0 0 0
1 0 0 0 0 0
0 0 0 1 0 0
0 0 0 1 0 0
0 0 1 0 0 0
0 0 0 0 1 0
0 0 0 0 0 1
0 0 0 0 0 1
0 0 0 0 0 1
0 0 0 0 1 0
1 0 0 0 0 0
0 0 0 0 0 1
0 0 0 1 0 0
0 0 0 1 0 0
0 1 0 0 0 0
0 0 0 0 1 0
0 1 0 0 0 0
0 0 1 0 0 0
0 0 0 0 1 0
0 1 0 0 0 0
0 0 0 1 0 0
1 0 0 0 0 0
0 0 1 0 0 0
0 0 1 0 0 0
0 0 0 1 0 0
0 0 1 0 0 0
0 0 0 1 0 0
0 1 0 0 0 0
1 0 0 0 0 0
0 0 0 0 0 1
0 0 1 0 0 0
0 0 0 0 0 1
1 0 0 0 0 0
0 0 1 0 0 0
0 1 0 0 0 0
0 0 0 0 1 0
1 0 0 0 0 0
1 0 0 0 0 0
1 0 0 0 0 0
0 0 0 0 0 1
0 0 0 0 1 0
0 0 0 1 0 0
0 0 0 0 1 0
1 0 0 0 0 0
0 0 0 0 1 0
0 0 0 0 1 0
0 0 0 0 0 1
0 1 0 0 0 0
0 1 0 0 0 0
0 0 1 0 0 0
1 0 0 0 0 0
0 0 1 0 0 0
0 0 0 0 0 1
0 0 0 0 0 1
0 0 0 1 0 0
0 0 0 0 1 0
0 0 1 0 0 0
0 0 0 0 1 0
0 0 0 1 0 0
0 0 0 0 1 0
1 0 0 0 0 0
0 0 0 0 1 0
0 0 0 0 1 0
0 0 0 1 0 0
0 0 0 1 0 0
0 1 0 0 0 0
1 0 0 0 0 0
0 0 0 0 0 1
0 0 0 0 1 0
0 0 1 0 0 0
0 0 0 0 1 0
0 0 0 0 0 1
0 0 0 1 0 0
0 1 0 0 0 0
1 0 0 0 0 0
0 1 0 0 0 0
1 0 0 0 0 0
0 1 0 0 0 0
0 0 0 0 1 0
0 0 1 0 0 0
0 0 0 0 1 0
0 0 0 1 0 0
0 0 0 0 1 0
0 0 0 1 0 0
0 1 0 0 0 0
0 0 0 0 1 0
0 0 0 0 0 1
1 0 0 0 0 0
0 0 0 0 1 0
0 0 0 0 0 1
1 0 0 0 0 0
0 0 0 0 0 1
0 1 0 0 0 0
1 0 0 0 0 0
1 0 0 0 0 0
1 0 0 0 0 0
0 0 1 0 0 0
0 1 0 0 0 0
0 0 0 1 0 0
0 0 1 0 0 0
0 1 0 0 0 0
1 0 0 0 0 0
1 0 0 0 0 0
0 0 0 0 1 0
0 0 0 1 0 0
0 0 0 0 1 0
0 0 1 0 0 0
1 0 0 0 0 0
0 0 1 0 0 0
0 0 0 0 0 1
0 1 0 0 0 0
0 1 0 0 0 0
0 0 0 0 0 1
1 0 0 0 0 0
0 1 0 0 0 0
0 1 0 0 0 0
0 0 0 0 0 1
0 0 1 0 0 0
0 0 0 1 0 0
0 1 0 0 0 0
0 1 0 0 0 0
0 0 0 1 0 0
0 0 0 0 1 0
0 0 0 0 0 1
0 0 0 1 0 0
0 0 0 1 0 0
0 0 0 0 1 0
0 0 1 0 0 0
0 0 0 0 0 1
1 0 0 0 0 0
0 0 0 1 0 0
0 0 0 0 1 0
1 0 0 0 0 0
0 0 1 0 0 0
0 0 0 0 1 0
0 1 0 0 0 0
0 0 0 1 0 0
0 0 0 0 1 0
0 1 0 0 0 0
0 1 0 0 0 0
0 0 0 1 0 0
1 0 0 0 0 0
1 0 0 0 0 0
0 0 0 0 0 1
0 0 1 0 0 0
0 0 0 0 0 1
0 0 0 0 0 1
0 0 0 1 0 0
0 0 1 0 0 0
0 0 0 0 1 0
0 1 0 0 0 0
0 0 1 0 0 0
0 0 0 1 0 0
0 0 1 0 0 0
0 1 0 0 0 0
0 0 0 1 0 0
0 1 0 0 0 0
1 0 0 0 0 0
0 0 0 1 0 0
0 1 0 0 0 0
1 0 0 0 0 0
1 0 0 0 0 0
1 0 0 0 0 0
1 0 0 0 0 0
1 0 0 0 0 0
0 0 0 0 1 0
0 0 0 0 1 0
0 0 0 1 0 0
0 0 0 0 1 0
0 0 1 0 0 0
0 0 0 0 1 0
0 0 0 0 1 0
0 0 0 1 0 0
0 0 1 0 0 0
1 0 0 0 0 0
0 0 1 0 0 0
0 0 1 0 0 0
0 0 1 0 0 0
0 0 1 0 0 0
0 0 1 0 0 0
0 1 0 0 0 0
0 1 0 0 0 0
0 1 0 0 0 0
0 0 1 0 0 0
0 1 0 0 0 0
0 0 0 0 1 0
0 1 0 0 0 0
0 1 0 0 0 0
1 0 0 0 0 0
0 1 0 0 0 0
0 0 0 0 1 0
1 0 0 0 0 0
0 0 0 1 0 0
0 0 1 0 0 0
1 0 0 0 0 0
1 0 0 0 0 0
0 0 0 0 0 1
0 1 0 0 0 0
1 0 0 0 0 0
0 0 0 1 0 0
0 0 0 1 0 0
0 0 0 0 0 1
0 1 0 0 0 0
1 0 0 0 0 0
0 0 0 1 0 0
0 0 1 0 0 0
0 0 1 0 0 0
0 0 0 0 1 0
0 0 0 0 0 1
0 0 0 0 1 0
0 0 0 0 0 1
1 0 0 0 0 0
0 1 0 0 0 0
0 1 0 0 0 0
0 0 1 0 0 0
0 0 0 0 1 0
0 0 1 0 0 0
0 0 0 0 0 1
0 0 0 1 0 0
0 0 1 0 0 0
0 0 0 0 1 0
0 0 0 0 1 0
1 0 0 0 0 0
0 0 0 0 1 0
0 0 0 0 1 0
0 0 0 1 0 0
0 0 0 0 1 0
0 0 1 0 0 0
0 1 0 0 0 0
0 0 0 0 0 1
0 0 0 0 1 0
0 0 0 1 0 0
1 0 0 0 0 0
0 0 0 1 0 0
0 0 1 0 0 0
0 0 1 0 0 0
0 0 0 1 0 0
0 0 0 0 0 1
0 0 1 0 0 0
0 1 0 0 0 0
0 0 0 1 0 0
0 0 0 1 0 0
1 0 0 0 0 0
1 0 0 0 0 0
0 0 0 0 1 0
1 0 0 0 0 0
0 0 0 0 0 1
0 0 1 0 0 0
0 0 0 0 0 1
0 0 1 0 0 0
1 0 0 0 0 0
0 0 1 0 0 0
0 0 0 0 1 0
0 1 0 0 0 0
0 0 1 0 0 0
0 1 0 0 0 0
0 0 0 1 0 0
0 0 0 0 0 1
0 0 1 0 0 0
1 0 0 0 0 0
0 0 0 0 0 1
0 0 0 0 1 0
0 0 1 0 0 0
0 0 0 0 0 1
0 0 0 1 0 0
0 0 0 0 1 0
0 0 0 0 1 0
0 0 1 0 0 0
0 1 0 0 0 0
0 0 1 0 0 0
1 0 0 0 0 0
0 1 0 0 0 0
0 0 1 0 0 0
0 0 0 0 0 1
0 0 1 0 0 0
0 1 0 0 0 0
0 0 0 1 0 0
0 0 0 1 0 0
0 0 0 0 1 0
0 0 1 0 0 0
1 0 0 0 0 0
0 0 0 0 1 0
0 0 0 1 0 0
0 0 0 1 0 0
0 0 1 0 0 0
0 0 0 0 1 0
0 1 0 0 0 0
0 0 0 0 0 1
0 0 0 0 0 1
0 0 0 0 1 0
0 0 0 1 0 0
0 0 1 0 0 0
0 1 0 0 0 0
1 0 0 0 0 0
1 0 0 0 0 0
0 0 1 0 0 0
0 1 0 0 0 0
1 0 0 0 0 0
0 0 0 0 1 0
0 0 0 0 1 0
1 0 0 0 0 0
0 0 0 1 0 0
0 0 0 1 0 0
0 0 0 1 0 0
0 1 0 0 0 0
0 0 0 1 0 0
1 0 0 0 0 0
0 0 0 1 0 0
0 0 0 0 1 0
0 1 0 0 0 0
0 0 0 1 0 0
0 1 0 0 0 0
1 0 0 0 0 0
1 0 0 0 0 0
0 0 0 0 1 0
0 1 0 0 0 0
0 0 0 0 1 0
0 1 0 0 0 0
0 1 0 0 0 0
0 1 0 0 0 0
0 1 0 0 0 0
0 0 1 0 0 0
0 0 1 0 0 0
1 0 0 0 0 0
0 0 0 0 1 0
1 0 0 0 0 0
1 0 0 0 0 0
1 0 0 0 0 0
0 1 0 0 0 0
0 1 0 0 0 0
0 0 0 0 0 1
0 0 0 0 1 0
0 1 0 0 0 0
0 0 0 0 0 1
1 0 0 0 0 0
0 0 1 0 0 0
0 0 0 0 0 1
0 1 0 0 0 0
0 0 1 0 0 0
0 0 0 0 0 1
1 0 0 0 0 0
1 0 0 0 0 0
0 0 0 0 1 0
1 0 0 0 0 0
0 0 0 1 0 0
0 0 1 0 0 0
1 0 0 0 0 0
0 0 1 0 0 0
0 0 0 1 0 0
0 0 1 0 0 0
0 0 0 1 0 0
0 1 0 0 0 0
0 1 0 0 0 0
0 0 0 0 0 1
0 1 0 0 0 0
0 0 0 0 1 0
0 0 0 0 0 1
0 0 1 0 0 0
0 0 0 0 0 1
0 1 0 0 0 0
0 0 1 0 0 0
0 0 1 0 0 0
0 0 0 0 0 1
0 0 1 0 0 0
0 0 0 0 1 0
1 0 0 0 0 0
0 0 1 0 0 0
1 0 0 0 0 0
0 0 0 1 0 0
0 0 1 0 0 0
0 0 1 0 0 0
0 1 0 0 0 0
1 0 0 0 0 0
0 0 0 1 0 0
1 0 0 0 0 0
1 0 0 0 0 0
0 0 0 0 0 1
0 0 0 1 0 0

Capacidades:
52 50 53 48 50 30
25 52 49 33 40 55
34 27 37 29 21 23
30 29 40 41 25 41
25 35 40 50 54 31
42 34 32 43 52 53
31 20 0 48 29 37
42 25 38 33 25 0
38 20 39 24 41 35
28 58 0 57 34 42
