m: 1000
n: 10
p: 8

Distancias:
1.06 6.35 8.20 6.80 6.40 1.71 3.54 4.94 7.51 1.20
2.32 9.17 3.79 8.56 6.36 1.80 1.17 9.33 6.82 9.68
6.67 2.05 8.58 4.31 6.19 2.99 8.40 2.01 4.15 2.99
7.30 3.17 1.48 4.50 8.47 1.53 2.17 2.88 4.54 8.22
2.52 7.85 2.33 4.60 9.08 7.63 7.68 9.62 7.11 3.96
1.71 6.78 5.29 9.13 6.59 7.02 1.57 7.92 5.98 8.03
8.38 3.23 7.06 3.65 3.43 9.21 1.19 2.82 3.34 7.22
8.54 4.66 8.47 2.20 6.77 3.27 4.25 6.82 9.26 6.79
7.59 3.94 7.12 4.92 4.61 6.16 7.62 7.92 9.56 2.34
3.05 2.34 7.69 9.74 7.98 8.48 1.73 5.63 3.05 7.54
2.78 5.28 7.05 3.28 2.99 9.59 5.53 3.85 2.85 1.48
8.18 3.16 1.15 1.51 6.08 3.65 5.94 1.92 8.24 9.87
4.89 2.58 6.88 1.90 4.32 3.25 6.81 3.74 4.77 7.34
3.81 6.51 9.00 9.57 3.19 1.13 9.14 5.21 6.99 7.90
5.39 7.32 7.67 1.48 9.42 7.60 8.74 6.62 9.85 2.88
8.81 8.58 9.09 1.52 8.48 4.94 1.60 7.27 3.34 6.18
5.90 8.91 3.97 8.13 8.44 3.73 3.99 9.05 2.56 7.10
7.18 3.86 9.41 4.84 1.33 8.68 2.44 4.32 8.49 3.51
3.26 8.17 9.11 4.69 8.93 6.40 3.94 3.11 5.79 2.89
9.09 4.74 9.84 6.74 2.46 7.11 1.19 9.95 4.29 3.75
5.07 5.10 5.84 2.16 9.18 9.46 7.26 1.72 4.04 8.29
3.55 7.29 6.89 5.44 1.92 9.57 1.79 1.54 9.24 6.54
3.56 5.55 2.01 5.47 4.33 1.78 1.95 3.70 9.93 6.45
8.30 3.06 4.70 2.65 1.15 7.75 5.10 4.08 9.49 3.96
9.65 7.30 4.63 6.67 5.97 1.42 8.74 1.83 6.11 9.06
7.37 5.14 1.98 8.06 9.55 6.32 2.79 2.81 3.77 6.64
7.10 9.04 5.94 1.93 6.68 7.91 8.86 7.36 7.17 6.88
5.21 8.35 1.78 4.80 9.83 3.75 2.82 2.92 6.30 1.62
3.82 1.75 3.25 8.98 1.95 6.01 4.13 8.13 4.13 1.59
4.42 7.58 7.23 4.05 6.84 8.80 4.19 9.40 6.18 8.30
2.49 9.99 4.38 3.79 5.92 6.31 3.54 4.69 4.39 2.71
5.20 1.42 6.82 7.29 6.80 7.90 1.71 3.68 8.04 1.84
9.64 5.41 5.19 7.59 4.33 9.02 4.34 2.28 4.50 5.56
7.28 2.73 9.89 5.53 7.12 1.81 8.87 5.37 5.71 5.67
2.16 8.08 7.85 3.14 4.75 7.91 2.48 5.22 2.34 7.07
5.10 4.07 4.88 4.01 3.61 4.31 9.48 4.54 9.44 5.23
7.12 6.08 6.77 4.55 1.37 1.17 4.65 4.41 6.20 3.90
7.72 4.79 5.73 8.86 7.80 5.69 2.59 7.90 6.22 5.80
7.89 4.96 8.38 5.70 5.78 8.92 2.28 1.69 2.46 2.05
5.34 1.05 5.18 3.48 5.67 8.92 5.15 7.65 3.86 1.60
5.40 7.57 9.63 7.64 3.21 6.65 2.07 4.66 8.68 9.20
2.24 1.39 2.00 8.07 9.53 5.68 8.49 5.26 8.36 4.75
1.82 3.53 9.46 8.47 1.17 3.86 9.06 6.92 3.43 8.92
6.49 2.53 3.51 8.34 3.38 9.66 7.08 5.53 8.07 6.93
4.06 8.22 4.58 6.60 2.11 5.75 7.83 7.99 7.77 9.44
1.20 2.11 1.99 5.27 8.38 1.56 8.33 6.41 1.64 1.23
8.27 9.78 4.78 9.09 4.50 7.74 9.39 5.05 1.91 8.56
3.43 2.07 1.17 1.46 5.47 9.76 2.59 7.47 1.99 1.20
2.95 2.79 7.77 8.47 7.81 5.56 8.34 3.90 4.26 8.76
7.42 9.43 5.68 9.34 9.29 2.95 8.25 9.36 4.96 6.13
9.98 2.56 1.13 4.52 7.76 4.30 4.42 1.17 9.83 5.11
8.88 8.54 7.96 9.85 2.55 5.04 3.37 6.36 7.91 1.40
4.19 2.16 8.61 4.58 4.50 9.71 7.90 1.55 9.45 5.75
6.21 7.19 2.50 9.47 9.58 6.05 4.79 1.02 1.89 3.81
2.40 7.59 6.52 3.66 4.82 3.95 7.39 2.18 1.76 7.59
1.42 7.17 7.00 9.52 8.51 2.29 6.98 4.69 7.99 2.31
1.45 3.18 1.79 1.79 6.43 1.20 6.91 3.27 1.99 7.62
4.66 4.64 9.81 2.41 1.86 1.98 7.03 2.63 9.72 5.86
2.92 4.29 6.10 4.69 9.91 1.28 9.51 4.58 3.75 7.77
2.39 2.14 5.37 6.37 5.87 4.89 8.63 2.75 9.42 5.55
6.11 3.20 1.62 9.14 5.66 1.73 4.04 2.50 9.17 4.35
5.70 9.74 5.16 5.06 9.56 2.74 5.61 3.71 1.57 4.00
5.00 6.69 5.86 2.21 1.83 4.03 2.03 3.08 8.03 6.68
6.50 7.61 5.11 8.76 1.45 5.50 8.01 3.54 7.60 4.52
3.82 5.14 6.35 5.26 2.53 6.63 4.57 5.89 7.59 2.52
7.44 1.71 8.11 1.95 1.29 8.58 6.57 3.16 2.19 3.62
6.27 5.96 4.99 9.25 1.61 9.85 6.99 5.57 9.90 1.56
1.26 5.81 4.87 6.00 3.54 9.95 6.77 6.92 5.33 5.48
7.85 8.29 4.61 7.09 3.21 7.73 5.33 7.59 7.02 3.65
9.49 1.44 2.25 8.91 9.51 9.61 2.60 1.11 1.47 6.55
8.81 4.51 5.18 6.26 9.24 9.52 2.88 9.06 6.26 3.61
7.44 3.75 1.88 7.62 2.12 1.03 2.65 9.19 4.72 4.26
9.29 5.64 7.21 7.99 5.01 5.17 3.80 7.25 7.99 4.18
2.70 2.66 7.04 3.16 5.69 8.82 3.48 8.88 8.00 8.93
6.98 2.32 1.32 2.75 8.22 3.77 3.77 6.99 2.75 6.81
9.70 1.40 5.21 6.09 7.10 6.81 1.31 2.06 4.91 5.13
2.50 8.35 5.41 2.67 6.71 4.45 7.95 6.66 1.58 2.78
1.03 7.87 1.06 9.31 1.47 7.14 8.11 4.03 8.00 9.35
2.62 7.62 4.26 3.49 6.27 4.89 1.36 6.58 7.28 1.45
5.45 4.67 2.02 8.85 1.36 4.69 2.25 6.59 2.43 5.20
7.13 3.68 2.02 7.16 1.54 1.95 3.68 7.97 4.97 5.90
8.75 1.34 6.24 5.39 8.23 2.62 8.22 4.41 9.11 2.61
2.21 1.52 6.24 5.51 2.68 3.41 6.31 2.18 8.73 3.56
7.09 9.94 9.00 2.23 6.83 8.40 1.80 9.28 4.15 2.10
3.24 6.59 2.67 3.16 5.73 6.18 6.48 6.11 8.93 9.96
3.43 6.50 5.47 5.60 1.72 3.02 5.27 4.30 5.27 2.83
8.38 1.98 1.38 6.47 7.46 5.82 4.22 5.92 3.30 7.05
8.31 1.63 8.67 7.40 5.46 5.48 5.36 5.12 3.37 2.50
6.56 2.99 8.72 7.14 7.13 7.43 7.45 7.43 8.02 2.94
3.18 1.85 4.02 3.99 1.89 8.32 1.11 4.66 3.81 3.75
4.43 2.46 7.35 6.76 7.23 6.49 2.56 2.19 9.38 9.42
2.79 5.15 2.24 4.45 1.28 4.12 9.76 5.92 5.80 6.41
6.52 3.53 6.50 7.51 4.92 2.03 2.86 2.90 4.88 4.39
5.30 4.35 8.01 7.85 8.01 8.24 1.64 3.45 7.66 6.78
9.58 3.76 8.21 6.07 4.67 6.74 8.85 4.25 2.24 7.86
9.70 5.58 7.37 3.76 4.55 3.02 3.05 9.78 8.72 3.72
3.56 2.63 3.35 1.93 2.65 6.58 9.44 5.98 8.82 1.25
3.11 6.07 2.84 1.57 5.44 2.25 6.49 3.47 9.14 6.10
3.39 7.10 5.45 2.62 7.92 6.24 8.28 1.90 5.54 8.65
5.57 5.65 1.09 2.24 2.05 7.08 4.02 4.45 6.97 1.60
6.65 9.75 3.82 3.45 9.41 4.36 5.43 9.69 8.76 9.23
5.03 8.35 6.36 4.75 5.01 9.27 1.68 2.00 2.96 6.22
5.36 5.27 8.17 6.68 1.25 3.90 2.98 5.11 7.49 4.05
8.09 6.29 7.46 9.44 9.33 4.24 4.30 2.75 6.45 3.36
4.14 4.55 3.59 7.04 2.09 9.03 9.31 2.02 7.06 8.11
9.21 3.19 6.82 2.75 8.01 7.15 3.78 4.02 6.78 6.58
3.86 5.04 3.76 2.48 2.99 4.11 4.20 6.83 7.74 9.32
8.05 8.59 6.60 1.95 7.85 7.89 4.27 4.52 1.68 1.89
4.36 3.33 7.76 8.14 1.07 4.93 1.74 5.48 9.95 3.54
4.61 3.79 2.07 6.81 1.78 1.62 9.05 9.30 4.33 1.24
8.28 1.48 6.07 3.52 5.52 8.57 1.02 2.61 4.01 3.31
9.98 7.39 2.67 7.64 3.50 3.41 4.96 4.18 5.27 1.29
2.04 7.49 3.92 4.49 5.21 4.81 6.34 7.93 7.75 4.08
5.73 3.76 9.46 5.54 1.52 4.61 9.89 5.54 8.80 3.58
5.36 4.59 2.63 3.18 7.71 2.81 9.51 6.90 5.11 1.32
9.18 1.91 6.54 4.92 8.69 5.84 4.00 8.93 1.85 9.14
6.62 9.99 7.72 1.49 7.46 2.60 6.40 3.46 7.63 5.61
8.46 2.92 5.63 8.43 9.24 4.20 7.60 2.85 5.59 6.37
8.07 5.25 7.52 7.13 9.02 7.28 8.67 2.01 4.93 5.34
5.10 3.03 3.59 9.44 6.81 1.89 9.87 1.98 5.82 8.11
6.65 3.20 2.74 8.41 3.62 4.80 3.27 5.08 6.43 2.95
2.32 9.85 7.90 1.73 9.05 3.36 7.15 2.28 2.34 1.58
6.76 1.48 9.41 1.09 6.62 9.04 7.24 4.83 6.05 7.29
9.32 2.15 7.22 6.86 3.74 9.29 6.18 3.33 3.19 3.02
2.35 2.09 7.72 9.57 2.84 8.13 4.76 2.83 6.66 9.97
6.73 8.93 3.44 5.96 4.42 6.80 7.90 8.45 5.38 1.61
1.02 8.45 9.75 7.34 8.41 8.29 8.04 6.83 3.81 3.95
5.87 9.77 5.37 7.03 7.20 7.52 1.41 4.00 6.21 5.39
8.37 3.00 9.48 8.32 2.84 7.55 2.09 4.32 2.90 2.25
7.02 4.51 3.51 8.01 7.31 6.34 6.35 3.12 3.25 4.29
1.90 4.71 1.79 2.86 3.44 4.55 1.88 3.96 2.52 3.39
6.83 2.99 5.49 6.36 3.36 2.82 2.74 3.86 3.99 5.03
8.49 7.33 2.48 9.47 8.64 2.39 1.26 5.41 7.83 1.24
3.81 2.48 7.28 2.32 3.96 8.46 7.21 7.06 1.11 1.44
2.95 2.89 1.89 7.45 4.36 7.78 3.12 7.50 7.82 6.29
9.98 7.47 6.76 3.50 5.79 7.22 8.57 5.09 2.88 1.75
1.70 2.97 8.60 2.35 6.97 8.06 2.07 7.04 3.43 8.97
5.41 3.70 5.73 5.00 8.91 6.94 6.38 6.13 2.23 7.86
3.01 7.69 9.62 8.32 2.10 1.26 1.07 8.61 6.06 9.32
4.55 8.11 5.04 1.04 9.33 9.64 4.14 9.34 7.63 5.24
9.60 9.66 5.60 8.03 9.68 5.92 8.95 4.84 7.47 6.07
5.91 6.95 9.18 6.66 9.57 4.45 9.95 2.72 3.98 2.35
4.10 8.80 7.57 6.72 3.72 2.43 4.65 3.82 8.96 7.81
9.51 3.56 9.51 5.66 3.07 8.54 5.92 4.60 4.68 7.50
8.67 9.93 7.32 1.96 8.49 1.86 2.04 2.54 2.32 3.72
5.33 4.68 8.06 4.14 6.12 8.46 8.27 6.12 8.20 8.22
5.69 8.99 4.41 7.54 6.69 4.33 5.74 3.52 8.33 1.34
3.66 5.30 7.79 6.27 6.84 2.72 3.55 6.89 2.43 9.45
5.03 9.54 2.92 2.01 1.96 4.91 4.15 3.16 7.66 5.41
7.26 1.79 1.17 1.72 6.77 4.26 8.43 8.92 6.48 3.44
2.11 7.29 4.54 2.08 8.71 1.92 6.37 6.25 1.84 8.91
8.60 4.33 5.77 1.89 4.82 3.22 4.37 2.51 5.91 2.74
2.57 2.39 5.19 3.33 7.51 4.50 2.00 6.19 1.17 4.93
9.36 9.00 8.80 2.60 1.79 6.93 1.42 5.70 2.98 5.82
5.97 7.75 2.01 7.02 6.16 1.97 1.31 2.65 6.21 2.50
9.44 6.69 6.76 9.72 7.06 9.97 1.76 7.76 8.38 1.92
5.87 8.47 7.06 9.54 3.91 2.20 8.94 2.99 9.75 5.55
2.64 7.17 1.10 5.47 8.74 1.69 7.66 8.11 5.51 7.33
6.05 6.46 1.11 5.37 8.95 5.92 3.57 1.03 7.90 9.67
3.92 5.81 9.92 2.90 7.75 7.91 5.83 1.18 6.25 5.73
2.44 7.68 5.94 6.34 4.19 2.46 5.96 5.72 5.92 2.42
6.79 4.89 1.84 8.90 2.46 3.74 9.81 8.57 6.18 6.15
5.37 4.30 6.73 7.52 2.82 1.95 8.54 9.50 7.50 7.82
5.58 9.24 9.94 8.29 7.26 5.20 8.24 2.97 9.31 1.60
5.03 9.98 7.90 9.60 1.16 2.12 3.85 9.06 1.68 6.94
6.61 9.75 7.75 6.91 8.27 7.79 2.33 1.92 3.30 3.31
4.25 4.71 5.11 1.81 5.17 4.19 3.67 6.67 5.50 6.64
1.64 6.74 2.90 6.34 6.26 4.23 5.29 5.37 6.09 2.44
1.85 7.30 8.30 5.31 6.20 2.93 5.99 2.71 6.91 7.20
2.83 3.57 7.93 2.72 6.46 3.09 4.86 4.74 6.99 9.11
4.98 7.04 2.23 5.17 3.59 2.40 3.18 6.90 7.12 3.75
8.10 8.89 6.25 5.49 2.78 6.41 7.11 2.32 1.24 4.55
3.55 8.39 2.38 1.97 2.35 4.33 2.96 7.34 5.74 1.35
6.78 1.34 2.81 6.45 7.75 7.47 7.72 7.93 2.17 9.69
1.30 3.28 9.03 7.71 4.45 7.47 6.86 8.95 4.46 6.42
9.00 1.18 6.75 5.62 7.93 6.20 7.22 7.03 9.19 4.18
9.39 5.03 7.94 8.62 8.63 9.61 7.86 6.45 5.64 5.18
7.30 1.86 8.32 1.84 1.41 3.10 7.22 5.56 9.93 3.86
5.01 6.93 3.58 1.04 9.34 4.72 9.04 2.83 9.18 7.54
5.34 4.33 2.91 1.60 3.67 7.93 4.50 7.17 1.21 9.64
7.84 7.35 9.24 5.90 8.46 3.90 4.21 7.90 5.99 9.43
9.96 5.74 7.53 9.76 7.63 2.62 9.81 3.04 5.60 3.22
2.48 4.62 6.00 3.18 4.12 1.93 9.59 3.93 4.02 6.15
4.05 6.64 5.02 8.79 7.47 6.94 3.21 8.51 9.30 8.48
6.74 3.14 7.02 9.86 3.58 2.50 2.34 9.75 3.31 8.76
2.10 1.58 1.28 4.50 8.88 8.27 5.47 7.11 8.25 1.73
4.47 8.82 5.79 4.04 4.70 8.11 6.82 7.33 9.18 7.00
9.92 5.81 9.91 8.51 1.75 4.76 7.95 9.99 8.14 4.10
4.32 6.82 4.57 2.28 2.42 3.15 8.53 4.88 6.48 6.99
1.87 3.64 4.60 1.00 6.07 5.80 8.20 5.32 5.51 3.27
4.50 4.06 3.82 6.74 8.62 4.44 9.59 8.75 4.25 6.57
7.91 1.63 1.12 2.48 3.00 4.90 8.36 9.21 5.58 6.65
5.34 1.94 3.87 8.63 7.90 6.38 9.16 8.39 7.71 9.60
5.67 4.19 7.22 3.05 7.38 8.47 6.73 9.87 8.73 1.24
8.29 3.89 4.68 9.53 6.11 6.44 3.83 8.46 7.92 6.98
8.36 9.19 7.42 5.46 7.90 7.94 4.10 6.20 7.68 8.19
3.10 2.12 6.11 7.74 4.28 9.99 9.17 7.18 5.93 6.15
1.85 9.71 5.94 4.08 9.87 6.70 2.67 4.00 3.92 1.70
5.32 9.73 7.01 5.86 4.05 8.03 4.50 1.07 3.36 4.01
1.49 3.40 9.54 1.16 8.43 2.74 8.36 3.96 2.04 7.24
6.25 6.90 5.78 6.45 8.32 9.08 6.59 5.72 2.62 3.85
1.96 4.88 1.20 3.54 1.04 4.11 2.36 8.31 2.46 5.07
6.67 1.25 7.93 3.74 9.86 9.04 2.08 2.07 2.82 1.30
5.15 1.97 1.77 2.07 8.20 9.68 9.44 4.45 5.30 3.29
4.36 3.76 1.91 5.20 4.49 5.50 7.66 3.76 3.65 7.22
5.15 2.22 4.44 7.04 3.40 1.34 1.03 9.73 2.12 8.10
5.72 9.12 8.47 7.00 6.08 4.54 3.30 4.80 7.36 5.76
4.91 5.89 2.63 5.69 9.54 6.27 3.00 7.65 4.52 8.15
8.76 2.33 2.61 1.56 7.81 3.66 2.08 2.52 2.46 7.20
1.66 9.05 6.66 5.80 9.79 8.91 7.60 3.96 7.76 3.82
6.46 8.93 4.28 2.86 4.12 8.11 7.08 4.87 5.71 3.39
2.51 9.01 7.54 4.76 6.83 6.77 3.18 4.44 8.78 4.91
5.28 2.34 7.18 8.68 6.86 2.82 3.35 6.02 6.83 6.85
9.22 1.36 8.69 8.47 8.00 7.64 2.42 9.83 8.38 6.67
1.33 7.73 5.66 2.13 6.93 4.40 6.14 7.27 3.30 6.61
1.10 2.91 9.22 9.83 5.80 8.38 2.68 9.27 2.38 8.01
8.92 9.87 8.85 6.38 6.81 9.13 7.21 3.10 3.48 1.71
6.84 4.04 2.05 5.70 1.45 4.89 8.88 3.53 2.02 2.42
9.45 6.91 5.15 8.04 2.72 2.41 2.47 7.54 3.60 3.18
3.45 7.54 4.28 7.53 3.24 9.65 2.01 8.34 9.50 4.37
5.90 5.61 4.33 3.27 9.24 6.65 6.70 4.77 9.11 9.11
3.78 8.35 2.69 2.88 5.61 2.55 4.01 4.70 9.54 2.82
2.54 8.72 3.09 1.63 6.14 1.20 2.86 3.05 3.84 1.83
6.80 4.30 2.69 3.40 5.35 3.38 1.47 9.03 5.46 4.37
2.18 8.07 5.24 8.88 1.62 5.75 3.88 2.53 7.87 6.61
3.94 4.83 6.13 5.86 2.31 3.54 9.36 6.18 8.13 3.32
7.64 7.48 5.47 7.36 2.42 9.33 5.00 9.58 1.58 9.58
8.20 3.44 1.24 2.74 9.64 9.83 3.79 5.10 9.23 7.17
3.03 8.96 5.30 6.70 8.88 1.13 8.54 2.30 9.37 3.20
1.39 5.89 3.17 3.51 8.63 6.78 3.75 7.05 3.03 3.47
1.64 1.66 5.68 7.11 2.16 1.57 9.80 5.45 6.99 4.46
2.74 4.38 8.03 6.93 2.77 7.73 9.32 4.35 2.48 6.79
5.70 8.45 9.63 8.98 9.71 8.13 3.61 1.51 5.05 2.28
4.87 3.31 7.37 1.06 9.44 1.91 1.46 5.45 3.28 8.17
9.15 9.95 9.49 5.10 8.66 3.30 3.85 6.56 2.12 2.31
9.26 9.81 4.14 4.64 3.88 3.54 3.53 9.04 7.46 1.09
7.58 4.06 6.45 6.27 7.04 3.07 9.54 5.01 7.96 4.55
8.16 8.14 1.23 6.08 6.53 9.25 9.21 2.36 9.67 4.04
8.39 9.21 6.00 9.95 3.11 7.82 6.61 2.27 2.52 1.60
9.03 1.29 3.03 4.86 6.53 4.92 2.54 8.12 9.52 6.95
3.67 9.96 6.75 1.62 7.78 5.30 9.30 7.89 8.85 1.29
4.91 2.44 6.44 3.82 7.54 5.91 6.02 9.37 7.76 8.34
3.67 6.98 1.84 9.57 5.82 9.09 7.11 2.51 9.46 7.95
5.12 6.17 6.09 3.06 2.94 9.70 4.21 5.61 2.05 1.76
9.11 2.10 4.98 5.92 2.21 8.28 1.39 2.92 7.69 4.66
8.21 2.36 5.01 8.78 1.62 7.41 5.23 1.17 8.48 3.70
7.91 7.07 6.80 4.36 5.21 7.38 8.99 6.07 5.06 3.34
7.71 1.44 8.98 8.33 9.96 7.21 7.62 6.15 4.25 9.25
9.37 8.66 7.34 2.25 5.24 9.67 6.63 6.92 3.79 6.76
7.88 9.08 3.14 2.18 1.66 7.47 1.49 5.53 9.50 4.67
6.92 7.38 1.34 9.54 8.22 2.96 1.95 2.25 9.22 5.59
3.02 2.10 6.87 5.23 6.35 6.68 2.69 4.35 8.28 1.44
8.06 9.73 5.20 3.27 7.71 9.46 2.30 9.04 6.58 1.58
7.03 3.60 1.24 4.44 3.26 6.63 5.91 4.89 9.81 6.78
6.83 5.21 2.89 1.02 5.50 8.23 7.65 6.07 3.68 1.62
3.66 5.27 7.10 2.67 6.84 2.52 1.27 1.14 8.08 9.16
5.12 8.15 1.80 7.67 9.35 3.58 8.00 7.22 4.49 8.38
3.16 8.13 6.31 9.58 7.42 3.10 6.99 6.95 7.25 5.24
7.51 6.54 7.06 9.68 5.55 2.51 9.11 9.21 5.50 4.24
7.37 5.74 8.77 4.97 1.03 7.96 1.06 6.24 6.71 2.67
9.16 1.54 4.53 7.53 6.27 5.11 4.48 1.86 3.16 7.63
5.37 5.22 5.60 5.88 5.13 3.32 9.20 5.75 6.46 7.70
2.43 3.77 3.14 2.20 5.63 8.70 8.40 8.10 4.98 5.80
6.64 3.08 1.69 2.97 8.72 9.95 7.50 8.95 3.76 5.83
8.93 4.09 4.97 5.76 8.83 4.23 3.11 5.75 2.09 8.53
2.19 2.43 4.70 7.02 9.26 6.09 1.87 2.53 7.37 5.10
3.49 8.08 8.38 5.69 2.34 1.28 8.04 5.09 9.35 2.54
6.49 4.63 7.22 4.97 9.97 4.01 3.38 6.93 5.41 5.54
8.30 6.22 1.30 2.19 1.66 1.79 6.57 7.15 5.06 8.49
1.87 5.46 4.85 3.69 6.15 9.92 6.32 8.93 9.45 2.30
2.76 2.04 1.81 3.85 7.28 2.22 7.21 5.79 5.32 8.80
5.25 2.57 4.04 1.21 1.06 9.92 3.43 3.54 9.29 3.29
7.99 1.65 5.94 3.94 5.68 7.13 9.76 4.11 5.44 9.88
7.20 7.92 1.70 4.39 6.89 6.05 6.43 4.98 3.21 4.71
1.07 8.73 6.12 8.23 5.84 5.16 1.61 5.20 9.73 9.49
4.59 2.71 3.86 5.34 6.62 9.71 7.41 9.15 2.64 6.18
4.89 7.08 6.11 5.41 6.78 1.60 6.27 1.05 9.61 1.60
4.13 5.11 4.39 5.62 6.02 8.29 1.25 3.98 4.41 4.47
6.70 2.34 7.11 1.23 7.91 9.81 7.30 9.91 3.31 9.26
8.02 3.70 7.79 5.56 1.86 4.03 2.28 3.61 9.82 8.96
7.45 1.90 8.06 2.82 6.66 9.12 6.03 8.56 2.88 9.46
3.99 8.46 9.00 8.72 1.41 9.53 2.96 4.15 5.59 3.99
1.07 6.50 2.54 8.29 1.85 1.12 9.24 1.02 8.00 1.21
8.02 5.16 2.94 9.10 7.60 6.22 5.38 6.77 6.41 2.57
5.60 3.42 7.44 5.63 9.38 5.76 1.67 4.78 1.15 2.89
4.14 4.45 2.68 2.62 1.06 6.77 9.18 1.51 7.22 3.04
1.15 4.82 9.30 3.51 6.15 6.99 6.43 2.39 7.69 6.56
9.19 2.53 7.98 2.73 7.31 7.27 6.47 8.23 4.27 8.55
1.44 6.00 1.07 8.57 9.38 1.53 2.47 8.78 6.58 5.17
8.62 3.23 2.22 5.06 6.73 6.93 7.80 8.04 1.37 4.13
7.33 7.13 6.20 9.35 3.32 3.49 3.95 5.51 1.80 5.93
4.54 3.76 8.32 1.74 9.66 1.26 3.13 8.61 1.53 9.03
5.33 6.56 9.55 6.37 2.99 5.95 8.19 2.82 3.92 5.86
1.04 9.92 4.48 2.76 7.18 3.03 4.16 6.20 8.61 5.41
1.60 2.65 7.74 6.10 2.41 4.46 4.08 7.78 6.84 6.23
6.28 5.24 4.52 1.85 7.55 3.86 6.64 3.84 9.61 8.21
4.47 9.95 9.79 5.90 1.54 1.99 3.49 7.47 7.72 6.15
9.26 2.21 9.74 2.69 5.32 3.43 5.05 1.52 9.96 9.70
5.10 6.32 7.22 2.00 2.49 8.47 2.39 4.82 4.55 7.80
8.98 4.77 1.31 1.52 7.73 9.95 7.28 1.18 1.48 1.93
7.21 3.94 1.01 9.87 8.72 1.95 3.16 4.74 8.20 5.79
1.89 7.78 2.88 9.36 5.40 9.22 3.29 5.82 9.28 9.82
5.53 3.91 6.79 1.88 3.28 1.76 9.37 2.68 8.90 4.42
5.14 7.43 2.64 9.88 9.69 3.16 7.33 8.71 7.52 2.38
4.27 5.37 8.34 8.22 9.75 2.16 7.62 4.77 2.16 4.94
3.70 1.78 5.02 1.39 7.68 2.07 7.13 6.80 8.96 1.14
8.46 9.56 3.00 6.61 6.78 6.97 2.78 8.60 2.02 2.84
6.46 7.54 7.29 7.79 1.57 2.55 5.50 7.16 9.43 5.65
5.46 4.99 7.94 2.37 5.56 4.23 7.74 2.39 9.61 2.50
5.43 3.04 3.70 1.54 3.14 1.67 2.86 8.37 4.59 4.51
2.23 2.34 6.20 7.74 6.54 4.27 4.09 7.52 2.89 8.96
8.21 1.97 7.76 8.65 1.39 2.91 7.92 1.04 2.82 9.95
1.84 3.82 9.83 5.70 2.06 9.61 5.99 9.47 5.07 9.82
1.09 7.21 1.94 3.96 6.19 1.12 8.16 1.55 1.36 7.81
7.97 2.91 1.80 1.81 2.65 8.95 4.37 5.05 8.12 9.63
8.96 2.60 2.31 5.08 4.04 5.34 5.12 5.02 7.27 7.66
2.85 1.48 3.54 2.51 1.39 8.37 8.67 4.11 1.55 1.63
7.47 9.31 6.38 2.71 2.67 5.02 1.13 1.25 2.23 9.96
1.76 6.96 4.38 8.51 5.15 8.32 6.72 7.31 6.02 9.37
6.98 5.16 6.76 8.50 6.02 4.52 2.30 3.31 9.77 1.26
8.14 3.43 9.73 4.62 9.69 7.15 6.97 4.09 2.36 7.13
2.94 8.22 7.14 7.64 1.59 9.65 4.58 9.71 1.20 2.14
1.98 5.12 7.29 8.23 1.36 1.17 7.44 2.85 6.95 1.22
4.80 4.15 3.12 7.43 6.47 6.86 3.72 2.26 7.38 8.86
2.80 4.89 2.46 7.22 3.19 1.43 1.71 1.91 5.97 3.19
8.32 7.02 8.62 6.28 8.41 8.44 6.36 5.42 1.10 2.75
5.61 9.53 2.27 9.35 6.62 5.66 3.94 1.20 7.45 9.18
2.60 9.93 8.19 5.76 9.54 3.81 1.49 4.97 9.39 4.18
7.19 5.39 9.85 1.25 5.09 7.85 4.23 6.40 1.45 6.78
9.31 2.95 7.61 4.56 1.32 7.63 3.09 7.18 1.10 2.37
3.23 4.29 6.16 8.57 1.68 8.13 9.35 6.36 2.68 7.89
8.60 4.04 7.08 2.11 6.43 8.39 5.29 5.46 1.13 5.86
6.52 9.30 4.99 4.30 7.88 3.02 3.21 5.45 5.51 8.47
3.99 3.76 7.54 4.40 6.23 4.84 6.86 8.72 3.35 4.38
7.46 1.03 1.54 4.42 1.95 1.72 3.35 6.19 3.65 4.99
8.11 1.83 4.32 4.11 9.54 6.57 1.94 7.76 4.53 5.39
5.55 6.82 6.04 9.86 4.09 4.86 7.01 3.13 1.79 2.02
6.49 1.37 5.17 5.57 1.65 9.63 5.95 5.51 2.08 6.49
5.65 6.14 7.91 1.17 9.85 5.62 4.50 3.78 1.37 8.00
6.84 7.23 5.16 5.80 5.65 8.29 7.39 3.43 9.38 3.86
9.08 2.22 1.04 9.97 5.29 3.58 2.59 8.81 2.52 8.66
4.09 1.75 4.56 4.50 9.91 4.34 7.15 2.94 6.54 4.27
4.14 6.50 3.74 8.53 1.54 1.75 8.20 3.40 7.28 1.18
8.69 8.55 3.29 2.92 9.70 8.01 9.93 9.50 5.77 6.13
5.38 9.03 9.42 3.35 9.44 2.60 1.56 3.62 1.88 3.98
4.16 2.06 7.84 2.18 7.47 2.42 5.21 6.03 5.90 9.04
3.06 2.81 2.91 3.20 7.13 5.54 3.79 8.92 8.94 3.98
8.43 3.06 9.66 7.44 5.63 1.60 5.98 9.71 4.34 1.46
6.28 4.26 5.87 4.48 6.64 9.02 3.29 9.61 4.12 1.36
4.64 2.05 7.54 4.75 5.43 8.81 3.56 5.78 2.18 2.18
7.44 3.64 9.97 2.05 3.18 9.75 4.67 1.26 5.77 6.15
8.54 7.06 8.59 8.64 9.18 5.50 8.02 9.88 8.53 5.52
3.76 2.68 3.09 6.58 9.46 5.48 5.07 6.69 4.35 4.23
6.09 3.02 4.62 9.59 4.62 8.26 9.20 4.95 6.96 8.56
5.37 1.14 8.20 4.10 6.73 2.73 4.33 5.56 9.71 4.69
4.52 8.15 9.48 4.74 1.61 9.24 1.87 9.33 7.84 2.65
5.44 2.54 6.09 7.90 5.52 9.61 4.94 8.57 6.12 8.83
1.64 7.38 4.95 5.75 5.87 6.97 7.41 5.57 1.72 3.14
8.64 1.72 6.29 1.98 7.22 2.85 7.87 5.90 4.68 4.26
6.10 3.28 7.43 6.80 6.86 6.56 5.02 8.49 9.57 4.64
9.82 8.18 2.17 1.17 3.66 3.08 1.28 1.76 3.58 8.66
1.82 4.25 6.96 9.16 3.39 8.17 8.51 1.40 4.19 3.26
5.54 1.85 4.88 5.82 6.26 2.58 1.89 9.67 8.20 1.96
9.90 3.54 3.22 7.14 4.46 4.96 9.03 8.75 6.79 5.88
8.22 5.83 7.87 2.54 2.15 7.37 1.31 5.13 8.20 2.71
7.70 8.11 9.52 2.85 9.50 6.80 2.64 4.58 6.14 9.01
4.77 5.33 9.80 3.79 5.89 6.24 3.77 8.73 5.33 8.66
5.93 8.99 9.14 1.64 2.95 6.68 1.39 1.12 7.43 4.63
8.08 6.63 4.24 1.13 9.31 6.42 2.92 6.49 1.76 1.53
6.05 3.76 6.74 8.76 4.99 8.21 6.06 5.19 6.06 8.51
7.82 5.18 2.67 9.67 4.67 8.68 4.54 8.48 1.69 4.25
5.70 5.21 1.43 2.02 8.48 2.71 6.90 9.68 9.34 2.29
9.62 3.03 5.36 6.78 8.31 6.75 8.46 4.44 3.69 1.44
5.07 1.39 3.30 2.85 2.65 8.34 8.37 2.96 6.39 3.93
5.76 4.96 2.29 7.28 6.24 7.00 9.07 4.60 1.51 8.67
6.50 7.44 2.93 7.82 5.73 5.48 5.15 9.58 5.05 5.87
3.48 3.81 1.78 1.43 1.12 7.92 9.79 1.42 7.25 4.33
7.27 8.56 9.87 7.41 6.31 3.62 1.16 8.36 6.41 7.10
3.85 5.14 8.07 5.17 9.59 9.35 4.19 4.32 5.25 7.89
8.15 6.56 1.05 6.61 9.80 4.53 1.41 3.11 2.67 1.08
8.40 3.20 9.66 9.57 8.36 1.12 7.79 8.74 5.59 8.27
2.75 1.63 6.37 6.52 5.85 3.94 5.38 3.76 5.94 4.94
5.51 2.27 3.01 3.16 4.23 5.95 1.95 2.44 3.33 4.83
1.11 7.86 1.69 9.03 4.20 8.42 3.40 5.88 8.53 2.75
8.29 4.67 8.25 3.26 1.31 6.70 3.08 1.72 7.81 3.93
5.79 8.30 2.38 7.75 2.60 6.81 7.93 8.66 6.14 2.39
9.08 4.66 6.72 9.94 1.47 9.88 1.26 6.43 3.78 2.71
7.95 3.87 6.85 3.76 8.99 3.22 6.91 9.08 2.94 8.05
4.85 7.16 7.52 7.10 1.72 3.81 8.38 5.23 8.51 3.04
6.63 1.32 5.56 6.51 7.93 1.17 8.45 7.27 9.02 5.55
4.31 9.89 4.50 4.11 7.72 1.09 4.70 2.71 7.15 9.35
9.56 3.64 8.34 5.62 5.01 7.97 7.18 4.25 7.23 8.73
9.28 5.94 1.91 2.38 7.03 7.30 2.84 6.63 3.72 1.50
3.08 7.95 4.14 7.82 8.97 2.27 7.77 1.14 1.66 1.09
3.37 9.42 2.66 8.30 1.02 2.92 8.15 1.41 1.02 4.49
5.48 2.30 3.85 1.82 7.85 9.79 6.79 1.82 6.34 6.08
6.70 5.28 5.34 8.36 6.88 8.52 7.83 3.87 6.14 3.68
7.24 5.38 3.81 3.85 6.24 2.25 7.66 1.35 4.62 9.13
7.77 5.85 2.91 5.48 4.82 6.84 9.57 1.80 4.60 5.35
6.99 9.62 9.86 2.04 9.70 4.88 6.97 2.00 2.19 2.40
9.83 2.19 6.13 4.74 8.74 8.47 5.62 7.36 7.16 7.00
4.96 9.70 9.98 8.39 8.14 6.61 9.59 9.72 7.97 4.22
6.53 6.00 5.85 7.53 8.30 8.24 2.00 7.64 8.93 5.29
9.97 7.92 7.57 8.63 6.97 6.08 5.76 3.94 4.09 4.73
3.31 4.13 9.99 3.52 4.74 3.00 3.44 9.67 9.51 9.68
3.61 8.30 1.68 5.44 6.52 8.79 9.53 4.03 8.33 7.03
4.65 5.64 4.03 1.03 8.57 8.93 1.53 7.12 7.16 1.52
7.66 9.42 8.65 5.68 5.29 3.34 1.56 4.68 2.68 8.21
6.94 4.85 3.26 4.66 9.21 1.00 1.54 2.57 8.03 5.44
2.21 2.88 5.97 4.63 7.55 2.78 1.51 2.76 3.71 3.75
4.25 1.15 9.79 7.86 7.75 2.97 6.73 4.01 9.00 5.70
9.54 9.48 9.91 4.20 9.00 3.42 5.55 2.41 1.28 8.68
4.78 9.07 5.70 2.15 1.30 8.40 4.49 8.04 1.24 8.97
9.78 7.32 5.85 1.64 2.87 9.18 2.13 7.42 8.12 8.48
7.28 6.21 2.48 6.35 3.47 4.57 8.95 4.62 1.01 1.00
7.13 1.86 5.25 1.88 4.38 2.49 3.71 4.03 2.12 5.85
8.82 5.24 6.27 1.38 9.22 1.75 5.76 7.68 7.47 9.47
4.41 3.03 3.25 4.01 8.70 4.05 2.52 2.38 8.96 6.42
8.18 7.84 4.81 7.92 3.39 4.49 1.60 7.49 2.37 8.37
7.98 9.74 9.53 9.42 5.88 1.71 5.59 4.69 6.70 5.40
1.27 5.58 5.08 6.93 8.87 7.81 3.03 2.79 5.67 4.10
6.47 1.79 8.99 4.07 8.09 4.44 7.76 4.77 4.18 5.06
8.88 9.83 7.06 1.64 5.63 1.00 4.52 3.31 1.18 9.62
6.37 9.21 5.72 1.20 3.79 4.26 3.00 5.28 2.51 5.83
7.29 6.16 5.14 8.40 2.39 4.33 4.54 3.48 1.33 1.15
3.03 5.67 3.22 1.57 2.65 1.28 3.84 2.62 1.00 5.97
1.13 4.68 6.36 4.29 9.88 4.55 6.95 5.99 1.96 4.36
6.02 4.68 2.32 5.02 7.08 8.89 6.70 1.61 8.17 4.66
2.29 7.54 9.97 9.49 7.24 4.35 9.84 8.62 3.49 3.75
1.61 7.90 1.70 1.99 9.30 2.72 1.55 5.50 8.38 9.88
4.27 2.28 4.73 6.53 6.43 7.65 1.89 8.43 7.59 6.68
8.96 8.51 1.79 3.93 7.79 2.30 1.67 5.66 6.20 2.13
9.02 1.48 7.73 3.67 2.48 5.60 8.28 2.20 5.98 6.51
4.09 7.04 1.63 6.94 1.74 5.38 7.73 6.78 3.57 8.13
4.38 9.57 5.00 5.97 5.25 5.50 8.78 4.95 3.55 6.11
4.63 4.98 4.24 4.93 6.09 8.85 3.51 9.69 9.43 7.94
8.50 6.33 4.46 7.86 3.64 1.74 7.36 6.00 5.71 3.99
8.66 2.60 5.89 9.47 5.80 6.09 9.65 5.04 7.89 2.79
5.03 1.63 5.11 8.32 9.12 9.06 2.40 7.97 8.48 5.93
8.48 2.95 9.80 4.64 5.24 3.30 2.59 3.90 3.81 7.94
3.55 1.57 9.07 8.15 9.54 3.61 4.49 2.56 7.97 1.51
5.42 9.41 5.33 1.95 4.79 5.78 3.61 9.76 2.78 2.21
9.12 7.69 7.49 9.55 2.09 4.87 4.20 9.85 4.25 5.07
7.16 8.52 3.59 6.36 1.07 7.87 1.60 8.97 6.46 6.34
9.50 3.57 7.26 4.90 4.23 6.26 7.60 9.45 4.32 6.91
1.44 3.14 3.66 7.07 7.46 9.55 2.47 1.63 1.26 2.85
9.06 4.93 1.79 5.29 7.32 8.02 8.17 7.69 1.22 9.32
2.78 6.66 7.12 8.30 9.91 3.55 3.85 8.66 3.33 5.67
1.98 3.89 2.91 3.46 1.10 1.52 1.04 4.13 3.14 4.70
3.62 3.65 5.71 6.04 1.93 2.45 7.37 7.49 6.92 9.12
8.55 6.68 9.01 8.95 6.84 9.30 9.26 4.86 9.24 7.89
6.46 6.77 8.93 5.49 7.75 4.77 7.08 5.40 2.27 8.66
4.86 7.09 4.30 3.08 3.63 9.06 2.21 6.30 9.04 1.33
3.26 8.12 5.99 9.86 2.84 1.98 2.95 6.01 3.98 3.43
2.02 3.36 9.56 9.53 7.00 5.29 3.54 8.77 2.32 9.19
8.14 7.87 6.67 7.88 4.87 9.66 6.67 2.48 1.88 3.59
5.38 9.34 3.36 9.54 2.00 2.28 9.36 5.22 1.42 9.95
2.77 9.32 5.79 4.16 9.75 4.67 4.36 4.92 3.50 5.87
2.23 1.86 4.03 8.06 1.48 2.31 8.89 1.94 1.96 8.18
1.21 2.45 8.84 4.09 2.27 8.05 4.73 9.76 9.35 9.78
8.20 9.78 4.84 4.03 1.04 7.15 3.11 7.74 6.50 7.93
7.18 6.97 4.73 3.15 5.91 5.80 1.46 1.98 1.68 9.16
7.24 2.56 1.30 6.97 1.75 2.77 3.11 7.03 5.08 1.35
8.41 9.78 3.80 3.29 2.16 9.81 1.68 4.85 5.25 6.28
7.59 5.71 9.30 4.76 4.91 1.11 7.73 5.55 1.51 4.46
1.10 9.20 8.45 4.74 4.99 3.78 8.07 5.89 6.27 3.93
4.85 3.27 5.61 1.94 9.25 1.89 6.55 4.14 8.47 1.76
9.37 5.28 6.39 3.40 7.94 2.05 6.32 9.36 3.50 1.58
2.79 8.71 3.54 5.52 8.12 6.77 8.00 4.15 5.83 2.65
7.04 6.17 9.74 8.47 9.09 1.78 3.53 2.77 1.43 2.58
9.32 6.12 9.41 6.95 9.66 3.39 5.44 9.37 5.12 7.28
6.39 3.84 7.70 5.86 2.01 1.24 2.81 7.76 3.98 5.72
4.77 9.55 1.89 6.49 2.24 6.11 6.70 9.54 1.95 1.46
5.53 8.12 7.37 8.99 1.56 4.43 2.49 4.85 2.28 1.63
6.30 5.45 4.17 3.78 8.46 5.18 3.53 3.36 6.64 9.51
7.08 9.00 5.52 1.27 9.03 9.53 9.85 9.75 6.54 5.28
2.98 5.00 2.71 4.00 2.25 9.62 9.39 9.90 9.93 3.82
1.31 9.56 3.48 3.30 7.03 4.77 1.16 8.35 4.62 7.34
1.62 3.96 8.46 5.26 4.06 2.91 8.50 9.53 5.55 9.93
7.18 6.59 7.36 9.36 4.51 2.55 4.38 4.96 7.94 2.44
4.49 8.29 4.56 7.48 1.50 8.45 1.23 8.19 9.65 4.39
8.58 7.74 3.65 3.43 2.57 6.83 7.47 5.30 7.64 3.12
2.17 5.12 5.14 3.23 9.08 7.19 8.17 5.60 3.87 5.25
1.71 4.33 8.26 3.72 7.19 4.18 4.62 5.78 3.39 3.43
1.05 1.13 6.50 9.73 6.83 2.49 9.53 8.16 4.09 3.85
3.28 1.33 2.92 8.12 8.86 6.38 6.91 4.18 9.46 9.02
3.65 5.49 2.04 1.34 4.33 7.25 9.62 9.67 6.86 5.13
3.57 8.62 3.12 7.83 1.71 3.39 8.06 8.53 9.21 2.53
7.77 1.46 8.28 2.47 4.67 8.99 5.20 3.46 5.24 4.76
4.06 2.56 5.34 2.26 3.31 4.44 9.73 5.35 9.05 2.66
6.62 8.85 4.84 5.12 6.67 2.70 2.73 5.20 9.79 8.60
9.74 3.50 8.75 2.16 2.20 9.00 4.95 3.28 5.32 8.27
8.27 3.71 8.78 2.46 7.57 4.62 5.86 4.59 5.25 4.96
9.98 5.80 8.95 3.76 2.83 7.36 1.05 1.51 4.81 9.27
3.96 9.55 6.30 4.34 9.20 8.76 9.49 3.72 3.74 4.29
2.24 9.97 1.23 8.05 6.11 9.52 8.21 5.60 2.17 6.98
1.20 6.80 5.94 9.86 6.22 7.33 2.98 8.62 6.67 3.49
2.63 6.78 7.88 9.21 4.39 7.06 3.11 2.49 8.88 4.06
8.60 3.83 5.27 9.71 8.86 9.70 2.35 4.52 2.38 6.11
5.06 3.70 6.24 5.87 4.08 6.62 4.39 5.79 4.96 3.63
4.74 5.04 6.85 4.07 2.07 8.86 6.66 5.22 5.75 7.49
5.02 2.30 2.51 8.99 5.41 1.88 1.67 5.99 6.41 7.35
8.76 7.76 8.30 3.28 5.67 9.49 8.75 9.19 3.46 5.34
4.60 2.37 5.61 8.06 9.34 4.77 5.87 5.23 4.16 4.52
5.81 9.05 2.32 4.85 2.30 6.68 7.43 5.93 9.33 1.71
5.10 5.70 1.41 3.80 9.99 8.14 4.81 2.08 2.98 7.05
9.41 1.11 1.53 6.99 3.13 3.70 1.56 6.20 2.91 4.96
9.64 2.40 7.15 8.13 7.75 5.85 5.28 6.47 7.58 1.35
4.55 9.03 2.82 1.98 1.09 1.52 7.44 2.31 9.97 5.96
4.12 2.19 1.95 3.39 9.86 8.58 6.22 3.22 9.95 2.53
8.08 9.00 9.77 3.98 6.45 5.65 3.09 4.24 7.26 5.24
2.17 6.65 3.15 7.05 3.36 2.05 5.28 4.45 6.55 7.25
3.26 5.01 4.87 7.81 5.03 1.49 1.21 4.94 7.94 8.63
8.53 5.57 8.27 8.39 8.92 9.36 7.52 2.18 1.68 5.11
1.21 1.57 2.15 3.34 4.50 8.89 4.21 7.86 9.30 3.53
5.58 8.24 2.98 2.70 6.76 5.03 7.86 5.60 9.65 4.09
5.08 8.25 8.54 2.00 8.03 2.04 9.85 1.76 5.58 2.99
4.64 6.04 8.93 8.57 4.57 2.46 8.28 5.33 8.49 7.88
7.19 8.83 1.90 3.91 1.52 7.83 5.56 7.81 2.89 2.86
1.78 6.01 7.38 5.56 9.79 5.73 7.60 4.12 6.07 8.56
9.42 1.84 5.08 6.18 1.40 9.60 5.13 4.83 2.15 6.25
9.49 7.47 3.61 2.40 5.96 3.98 4.81 9.25 5.10 9.21
8.47 5.62 7.02 6.31 7.16 8.37 2.25 8.15 9.42 7.02
7.56 4.96 2.80 6.84 8.50 5.33 8.18 7.45 10.00 6.42
4.21 5.93 8.31 4.70 3.36 3.63 3.77 8.92 1.92 2.08
7.66 7.37 2.24 7.85 2.52 6.48 1.09 2.04 2.44 4.63
6.13 9.80 3.84 2.37 9.38 1.73 4.23 7.57 3.95 7.82
8.54 4.17 9.52 5.58 9.10 3.13 3.73 9.76 5.95 9.58
5.32 2.71 8.61 5.85 5.07 2.09 2.82 5.84 9.29 8.30
8.32 5.46 1.90 8.36 8.56 5.16 7.59 6.11 7.23 2.04
7.48 5.38 6.80 5.92 8.82 9.28 3.26 6.30 4.23 3.12
4.53 2.94 7.89 2.33 8.01 9.39 1.58 3.16 3.71 5.87
5.84 6.07 8.67 7.11 8.36 6.52 9.09 5.74 3.00 4.16
8.85 5.02 8.44 7.82 7.10 1.88 5.85 4.00 6.67 2.93
4.09 2.38 1.03 4.98 7.58 3.94 4.60 6.71 9.91 2.93
9.71 3.56 3.22 5.31 4.11 3.68 3.13 5.71 5.92 6.48
2.54 9.33 4.67 1.94 6.47 6.22 1.14 5.63 2.97 9.51
1.42 8.06 9.09 5.35 7.76 2.06 6.50 4.10 9.96 2.12
2.67 7.84 7.36 9.03 8.52 7.83 7.84 8.66 4.42 3.38
8.78 3.82 8.67 3.45 9.84 9.37 1.07 9.18 7.75 6.50
6.62 1.77 5.94 3.89 2.93 6.01 8.71 5.95 2.95 8.50
2.21 8.01 3.75 8.49 4.16 8.32 7.97 9.57 6.79 6.46
1.59 1.27 9.04 5.13 1.39 6.43 9.19 7.46 5.28 2.45
1.59 4.00 5.52 9.58 2.02 8.66 7.82 9.02 5.18 3.46
7.79 8.63 4.36 3.66 8.42 3.28 1.59 8.44 1.96 9.59
9.92 4.19 8.82 3.31 4.71 7.56 7.46 6.54 2.68 6.56
5.88 8.82 5.91 2.93 9.35 2.97 6.67 4.96 1.75 6.29
6.13 9.92 1.64 4.35 4.85 1.66 4.02 1.47 2.20 8.10
2.21 4.22 2.10 7.84 6.84 6.95 3.33 4.63 2.70 9.96
7.73 3.84 9.80 9.71 3.13 7.50 2.87 2.18 1.05 9.60
5.61 7.72 4.88 3.49 1.54 2.45 3.70 1.24 6.27 8.69
4.50 5.85 6.61 9.30 7.25 5.90 6.50 5.15 9.10 5.31
7.70 1.47 9.36 7.78 2.98 9.60 7.73 7.78 4.95 1.29
7.96 5.70 8.05 5.15 6.73 2.32 4.55 5.38 9.60 6.84
1.36 9.09 4.64 6.25 3.80 4.03 3.42 3.43 3.33 1.33
1.75 8.18 6.26 9.34 5.14 2.79 8.47 6.17 5.82 8.91
4.37 6.72 9.37 9.30 4.32 7.45 8.78 4.93 7.30 9.53
7.37 2.84 4.83 4.28 1.45 2.64 9.34 3.69 9.65 5.31
8.93 3.63 8.80 8.08 6.74 9.73 9.58 2.79 7.94 1.77
5.88 3.44 7.31 7.36 7.25 1.89 6.24 5.92 6.50 7.80
9.28 2.74 5.12 9.09 9.67 1.07 3.11 1.23 7.20 2.16
3.94 3.44 8.31 7.55 9.43 6.84 9.84 4.28 7.08 9.26
4.27 2.46 7.47 8.98 4.18 3.53 5.61 4.22 9.85 8.33
3.89 5.56 3.72 7.79 3.03 3.28 2.05 4.37 5.49 9.04
3.05 9.68 9.19 6.32 8.25 3.92 7.27 7.27 2.93 4.07
7.53 6.55 5.14 1.52 5.86 7.49 7.10 9.64 7.01 2.76
9.99 7.98 9.59 9.19 8.04 1.17 5.27 5.02 3.87 7.57
2.36 6.28 7.51 4.40 7.11 7.90 4.94 4.71 1.64 9.23
1.58 7.68 3.34 3.07 1.95 5.75 7.53 4.97 3.20 6.26
6.58 8.94 2.01 2.37 4.54 8.74 3.89 8.64 4.58 7.04
6.38 7.94 2.49 9.75 1.23 8.44 4.64 2.81 6.86 4.87
8.75 3.26 1.95 8.80 8.07 6.23 9.54 8.05 7.74 7.43
4.83 2.43 4.84 2.72 2.22 7.57 6.73 4.70 2.45 9.83
6.42 7.18 6.48 3.19 6.96 8.08 2.49 5.88 3.52 4.44
6.51 1.31 6.13 1.90 4.28 2.47 6.58 3.09 8.32 1.54
3.46 8.97 2.86 9.87 6.20 6.57 9.36 7.89 1.59 5.24
1.36 9.41 1.60 1.40 3.66 3.40 5.73 5.86 1.90 5.11
2.12 7.47 7.40 1.63 3.04 7.51 1.08 9.55 4.14 3.46
5.30 5.82 9.46 9.38 9.19 5.42 2.67 9.05 5.30 7.80
7.89 3.28 7.74 9.87 3.83 1.96 8.78 2.50 5.41 4.57
9.41 4.30 4.83 3.87 3.13 6.52 5.18 5.89 6.57 3.52
4.53 1.73 4.30 9.25 3.72 5.63 2.09 9.13 2.54 1.81
2.52 7.98 2.04 5.81 9.79 4.22 3.79 7.55 9.43 6.90
6.71 1.94 9.19 6.36 4.18 4.08 5.41 5.49 7.81 8.02
1.78 9.26 9.18 7.60 3.92 4.19 3.59 1.48 7.63 1.32
5.42 2.79 2.01 8.53 7.81 2.72 8.60 8.78 6.22 9.23
3.59 3.70 4.41 6.35 2.54 3.56 2.14 9.40 8.32 3.45
8.87 4.30 3.84 9.51 6.32 7.89 8.17 9.23 1.30 5.08
9.81 8.89 8.73 4.43 8.56 6.16 5.36 8.67 2.98 7.01
8.05 6.13 1.91 6.29 7.60 7.43 7.39 7.05 9.18 8.15
3.10 8.54 2.51 9.84 1.16 3.63 3.84 6.10 7.84 1.80
5.89 3.62 9.55 9.37 9.63 7.68 7.64 9.60 2.75 6.96
4.35 4.88 8.94 6.87 2.04 6.85 6.62 7.66 7.19 6.23
3.90 2.28 1.26 3.22 2.86 8.59 2.33 7.72 6.30 5.01
3.81 4.20 3.55 4.60 6.85 3.96 4.30 5.30 5.00 4.11
7.87 7.34 3.60 5.99 5.16 5.09 8.96 1.64 6.47 4.73
3.47 4.11 4.88 9.91 2.87 5.68 2.35 9.69 9.31 1.90
5.59 3.85 5.35 3.45 7.57 6.59 7.74 4.47 1.75 4.22
4.93 5.66 3.87 1.97 2.31 7.61 5.58 7.02 9.05 7.17
4.90 4.89 5.50 8.67 4.13 1.65 6.14 9.42 7.87 6.90
5.92 6.39 5.67 7.23 7.25 1.84 7.72 8.19 1.90 2.52
6.55 5.58 2.63 1.98 8.27 2.24 3.09 9.76 3.51 8.36
7.91 2.33 1.25 2.85 6.56 7.92 6.69 7.17 7.90 1.33
3.42 4.26 1.94 1.75 3.03 5.07 6.14 3.51 4.68 1.77
3.32 2.78 3.75 2.54 3.96 4.82 9.58 2.45 7.60 7.92
2.32 7.30 9.86 6.44 4.73 4.10 1.96 2.36 9.08 4.24
2.50 4.02 5.15 1.01 9.08 8.20 8.34 2.98 7.59 1.48
4.79 6.21 8.43 4.27 1.79 5.09 7.19 7.64 9.94 1.57
5.06 5.52 9.24 9.69 1.25 6.46 5.69 3.21 7.46 5.36
4.25 5.07 2.97 8.00 4.76 8.40 4.52 6.40 7.88 4.40
6.50 1.87 8.10 5.37 3.14 1.13 6.83 2.37 4.11 9.89
8.15 9.78 2.48 2.66 4.03 9.17 6.56 2.66 8.04 9.21
6.14 8.53 6.94 1.09 7.61 9.26 6.99 7.93 2.05 6.29
5.70 5.31 9.77 1.03 9.75 9.46 3.51 7.13 7.75 3.36
5.76 1.78 1.75 6.00 2.22 3.31 3.62 4.56 5.80 5.98
1.32 7.12 3.04 7.90 4.26 8.70 4.55 2.98 5.57 8.10
6.74 7.07 2.49 2.93 9.11 8.39 7.60 6.03 1.16 6.18
1.85 8.02 4.69 8.42 5.68 3.07 5.69 6.23 2.58 8.20
4.68 1.69 2.47 7.58 9.41 2.73 4.60 3.04 7.67 9.88
1.14 4.74 8.96 1.52 1.96 8.91 3.16 8.22 8.04 4.58
9.28 1.35 4.71 1.79 8.44 7.74 8.41 4.06 6.50 6.27
6.70 3.44 4.61 9.14 2.02 2.97 1.42 3.73 9.24 6.37
7.55 9.80 5.00 1.21 7.22 1.80 8.67 3.56 6.20 4.78
6.31 3.28 4.00 6.70 4.37 9.52 9.90 3.03 4.38 7.42
3.25 5.96 9.05 5.74 7.50 1.01 7.77 3.66 9.33 1.81
4.87 4.84 5.94 9.31 3.01 8.04 8.19 2.98 8.31 10.00
2.34 7.52 3.19 7.48 2.42 1.92 3.41 7.80 9.39 1.54
8.52 5.64 6.23 8.08 6.75 8.41 8.33 7.79 5.15 9.69
3.46 6.55 3.53 9.53 3.70 7.62 9.49 8.98 5.36 6.68
5.83 4.07 6.18 2.51 3.44 1.91 5.36 6.78 6.56 3.82
3.58 7.59 5.21 4.08 1.97 6.06 5.22 6.73 8.63 2.94
7.79 6.12 7.28 8.28 4.01 2.50 4.12 3.16 9.32 9.71
10.00 4.24 1.82 3.56 3.02 8.49 5.32 1.21 6.99 8.41
9.50 9.48 8.06 1.89 7.18 9.95 9.72 5.03 5.36 2.07
4.82 2.36 8.13 1.35 5.79 6.45 3.78 8.54 9.62 8.22
2.13 2.56 9.31 2.12 3.97 4.45 4.80 9.58 4.03 7.52
9.72 5.26 5.95 5.41 6.83 7.01 8.16 1.74 6.17 2.06
9.42 4.60 7.17 2.42 8.40 9.25 3.09 8.86 1.44 3.07
8.35 5.98 9.88 3.15 2.21 5.98 8.50 1.89 6.40 9.02
9.95 9.02 4.98 4.00 1.67 2.07 7.47 3.98 9.79 2.34
7.51 3.88 5.71 1.88 2.74 9.00 2.52 1.19 8.85 8.08
4.04 8.01 2.45 1.83 1.49 7.80 8.79 8.54 7.07 9.87
7.31 2.38 2.25 7.30 5.76 3.15 3.19 8.33 9.43 1.58
6.88 7.57 2.23 8.65 4.69 7.01 7.83 9.24 7.84 2.85
1.84 1.75 2.01 4.50 7.73 9.70 1.26 2.51 4.23 7.53
9.70 3.07 7.73 9.30 6.69 4.77 9.25 1.63 2.89 5.43
9.71 1.51 3.06 3.66 1.64 9.62 9.11 4.30 1.18 2.69
3.28 5.83 6.11 9.98 4.60 2.57 1.78 5.04 4.50 9.56
2.24 1.37 6.32 9.51 7.44 6.28 2.81 9.32 9.98 2.29
5.96 6.03 8.79 1.40 1.68 6.30 6.69 5.11 5.02 9.17
9.44 5.18 6.36 8.41 8.94 4.56 7.71 8.22 8.52 2.08
8.44 9.02 5.98 6.95 6.14 1.74 3.49 2.37 8.06 9.02
6.73 4.37 1.85 4.03 8.65 2.54 4.95 8.72 2.82 6.07
5.48 1.60 7.30 3.70 4.73 1.62 4.83 3.07 8.60 1.82
7.12 4.83 4.59 7.72 8.73 3.47 9.09 8.95 1.15 1.06
9.79 1.67 8.76 1.50 5.83 3.87 3.14 3.83 5.84 3.33
8.46 9.31 1.23 4.12 9.63 7.15 6.16 4.36 4.23 6.42
3.63 3.20 7.33 7.09 8.23 3.74 4.26 3.78 9.34 9.17
9.49 7.37 1.38 6.48 9.02 3.46 9.81 1.67 8.50 9.20
1.58 3.49 9.05 5.74 5.14 2.96 7.14 7.36 9.61 4.32
2.92 6.53 6.48 8.58 3.51 7.37 2.32 6.08 4.14 7.69
5.94 3.95 9.93 6.83 7.72 7.93 8.56 5.07 6.83 8.77
3.85 5.71 1.86 8.43 7.44 4.30 3.03 9.97 8.77 1.75
9.21 6.13 6.52 6.58 6.83 2.42 3.29 8.69 9.90 4.59
7.02 7.81 4.92 1.40 2.83 3.34 6.03 6.27 6.17 6.91
2.01 5.86 4.10 8.02 1.05 5.33 4.55 6.37 6.94 2.93
7.38 9.33 1.98 1.07 4.46 5.87 2.17 3.17 9.28 8.12
9.26 4.61 5.46 9.72 2.03 3.13 9.55 8.15 3.68 6.48
3.93 9.83 6.68 7.07 1.87 2.00 6.14 9.73 8.00 8.70
9.86 8.56 6.34 7.62 1.06 6.69 1.28 9.46 2.85 1.20
4.81 4.75 4.90 7.97 8.66 1.69 8.57 3.02 9.75 1.45
8.80 7.02 8.85 1.97 8.05 8.46 8.08 2.30 8.54 4.69
6.21 2.46 3.24 6.51 4.97 4.00 1.02 1.76 3.68 7.01
5.65 1.79 6.47 4.15 8.40 9.44 3.43 5.23 1.29 3.76
4.23 8.63 3.83 4.76 7.26 9.47 3.41 7.11 1.65 5.03
6.94 7.19 1.04 3.43 3.75 5.06 9.29 9.94 7.63 3.65
2.82 8.05 8.20 5.45 1.40 1.28 2.04 2.98 4.72 8.21
3.58 3.43 4.14 4.05 5.25 3.22 2.47 4.07 5.82 2.83
1.47 6.98 7.81 9.38 6.27 1.61 4.33 1.62 5.48 6.85
6.93 1.84 5.35 2.09 5.49 2.15 4.54 3.86 4.45 8.94
2.47 1.69 6.57 5.95 6.54 9.36 6.40 9.16 9.53 1.83
5.43 4.03 7.73 4.36 4.84 8.25 2.30 8.87 3.45 7.80
7.32 3.33 8.45 3.21 4.75 1.02 2.42 2.41 6.07 2.79
8.33 9.83 5.13 9.07 6.43 8.29 1.13 3.71 9.97 7.59
6.34 7.59 9.28 2.70 9.53 6.91 1.75 3.31 6.28 4.61
2.45 2.99 2.07 6.49 5.42 7.48 4.46 4.81 4.53 2.59
6.03 9.12 5.55 8.86 7.21 7.41 7.63 5.21 9.57 4.19
7.18 2.28 7.38 9.27 8.78 6.45 3.24 9.28 1.59 1.38
3.54 1.33 1.06 5.60 7.88 6.92 9.52 3.12 8.97 8.80
9.18 3.50 5.74 1.33 7.46 9.41 9.40 4.95 5.70 3.10
2.62 2.03 6.95 7.60 8.31 2.04 3.04 4.36 4.59 8.04
5.81 1.03 1.58 4.23 3.06 9.12 6.56 2.33 8.06 2.47
3.70 4.08 6.03 1.48 2.97 1.93 3.22 4.82 3.77 4.82
6.77 1.16 9.84 8.13 4.42 4.57 3.50 8.26 3.66 4.98
9.25 4.71 5.82 1.59 3.10 9.42 2.86 2.53 3.04 3.12
5.72 2.68 3.64 6.71 8.85 5.51 4.01 1.29 5.96 6.11
9.78 1.38 2.15 6.67 8.70 4.18 6.17 9.33 3.90 5.39
8.97 3.57 7.80 3.48 6.52 6.73 7.87 7.90 3.01 2.63
9.67 1.97 6.80 7.80 6.59 8.73 4.50 6.03 8.30 7.71
2.63 8.53 8.54 8.67 1.70 3.96 4.61 5.89 2.10 3.32
2.11 8.36 5.77 4.31 7.21 9.10 5.19 9.78 4.33 6.88
9.20 2.30 8.07 6.07 5.61 1.16 1.08 8.09 3.70 7.34
2.41 6.32 5.80 5.59 9.82 6.35 3.43 4.71 8.85 3.05
1.67 2.27 9.27 5.22 9.53 1.05 7.16 3.11 4.06 7.54
3.90 5.79 2.04 7.24 7.34 2.59 4.11 7.72 1.33 5.69
1.69 7.23 4.77 1.99 1.48 4.75 1.08 7.08 7.43 7.18
8.51 5.99 4.99 5.06 1.75 6.56 7.94 3.04 6.09 2.18
5.60 3.42 1.39 9.03 7.12 4.45 5.18 3.68 8.67 7.05
1.37 7.33 9.64 2.98 4.24 7.22 6.13 8.67 8.11 4.85
7.13 2.52 8.53 4.43 7.49 9.35 9.97 3.11 6.52 7.49
9.76 5.40 1.40 3.37 7.63 1.89 8.69 9.84 7.00 8.26
5.28 6.26 2.93 1.86 1.76 8.66 7.08 9.74 2.83 2.19
7.65 6.21 4.74 1.75 8.04 8.65 5.69 6.95 8.66 3.57
4.73 3.31 3.23 9.34 1.51 8.86 1.54 4.34 5.79 2.89
9.24 5.07 4.44 8.06 6.91 8.91 2.60 9.68 5.38 2.10
3.74 6.47 6.93 5.95 8.49 6.77 3.67 3.71 2.55 7.63
2.49 7.63 5.15 1.06 5.81 1.58 2.61 1.63 9.04 2.15
2.80 1.11 4.78 2.07 3.05 5.91 1.03 4.67 8.28 7.54
2.36 6.94 2.19 2.21 2.52 7.74 4.14 8.68 8.69 2.09
2.06 9.25 1.12 6.52 7.98 7.40 5.82 1.73 5.75 3.31
2.09 7.11 9.26 3.30 3.30 8.55 9.66 1.59 9.87 9.62
6.00 2.39 2.44 4.39 3.81 8.04 8.76 2.53 4.59 4.81
1.86 6.88 8.93 6.91 2.42 5.06 9.58 1.59 9.35 9.83
2.33 1.18 4.57 5.92 2.68 7.44 7.02 3.88 3.05 8.05
1.01 2.37 6.46 5.07 8.13 4.38 5.05 4.79 1.46 1.20
1.71 5.86 6.72 8.44 9.88 8.44 1.51 4.00 1.93 9.55
5.92 7.26 5.33 8.75 7.96 5.18 5.08 2.10 7.93 1.08
6.47 1.20 9.75 3.09 2.65 6.92 9.18 3.67 8.50 3.32
9.85 9.36 9.02 4.09 3.53 8.94 2.77 2.82 4.23 3.12
4.33 4.44 7.78 5.95 9.24 9.39 9.06 3.50 9.61 6.66
6.44 9.55 8.78 7.14 7.99 2.19 5.64 5.52 2.03 5.35
8.13 2.43 7.89 9.22 4.10 7.97 9.03 9.05 9.84 8.78
2.27 4.67 7.30 2.29 6.78 9.56 4.24 5.34 6.82 3.79
2.04 8.03 7.96 5.75 5.65 6.85 1.52 7.87 2.94 9.60
1.47 5.27 5.88 6.24 5.74 1.36 5.38 6.64 9.78 8.25
5.62 7.21 8.18 8.54 9.95 9.02 3.51 5.56 4.73 7.77
2.53 6.67 6.02 8.37 5.56 1.89 8.63 8.69 8.31 6.02
2.33 9.74 2.08 8.45 8.09 7.49 6.15 9.80 6.81 3.71
6.35 3.61 9.72 9.28 4.06 9.95 4.60 9.49 5.40 7.65
9.99 3.71 4.96 1.36 2.33 1.22 5.93 7.74 2.50 3.82
9.17 6.09 1.72 8.10 4.60 6.67 3.71 4.11 4.04 6.03
4.66 5.26 2.78 1.14 5.41 6.82 5.47 8.03 2.65 2.02
4.79 2.18 6.87 3.12 2.04 6.45 9.77 3.48 2.09 2.02
2.21 7.04 7.97 7.62 2.85 5.07 2.56 3.04 8.66 4.18
7.97 8.57 4.31 8.64 8.50 6.96 6.74 5.92 9.00 2.67
1.24 5.84 2.28 2.83 3.69 2.75 7.83 2.41 4.00 6.06
2.17 5.97 6.53 2.75 8.88 2.22 3.22 3.55 3.09 7.37
1.31 1.84 6.43 7.54 8.23 7.36 9.10 8.81 6.70 8.46
9.48 8.16 9.82 7.80 3.03 6.46 9.81 2.80 5.07 8.90
8.79 5.52 2.74 8.99 3.91 9.38 4.13 2.86 6.47 8.44
9.37 9.38 1.38 9.57 8.52 2.08 3.34 6.84 1.07 4.83
2.33 7.92 9.13 7.00 3.25 7.68 7.47 5.05 3.93 3.05
9.07 4.26 8.94 1.36 5.77 9.03 9.66 6.88 8.84 5.82
8.20 3.80 4.05 2.35 1.62 5.67 3.04 2.99 8.44 4.34
2.94 8.09 1.81 6.51 3.92 1.76 6.73 3.26 3.06 7.79
9.21 8.28 3.22 1.10 8.16 3.84 4.25 8.31 1.97 8.38
8.95 2.59 7.65 2.98 6.71 2.17 7.94 8.15 2.33 5.28
4.15 7.62 7.48 7.46 6.92 1.61 1.15 8.20 1.88 8.43
3.55 9.12 1.87 2.39 1.51 6.46 6.48 3.54 3.27 4.40
5.34 3.40 6.65 2.54 3.51 4.94 9.14 2.71 4.39 4.49
6.03 6.38 5.75 5.27 9.19 8.74 1.67 9.01 4.64 2.81
2.94 7.16 6.12 2.90 7.58 9.20 3.23 7.95 7.12 5.62
1.05 8.78 9.48 7.28 3.00 4.94 5.31 5.60 3.92 9.98
8.38 4.69 1.25 9.24 6.07 5.87 4.39 4.46 9.30 7.96
9.79 8.99 4.67 3.64 6.65 2.73 8.16 1.31 4.60 5.29
7.44 3.96 3.18 2.35 2.54 4.66 7.44 8.51 4.42 5.47
3.05 4.87 9.31 3.74 7.34 2.40 6.33 9.80 9.22 2.58
7.01 5.63 8.98 8.60 4.56 1.45 8.40 7.74 8.30 9.32
6.73 5.73 9.93 9.61 9.09 6.15 6.41 5.02 4.08 9.80
3.90 3.19 5.24 9.19 8.47 6.39 1.76 6.77 1.82 8.88
1.39 9.49 6.86 5.55 9.87 1.29 2.52 5.77 5.59 8.64
9.22 3.79 2.67 4.48 3.91 9.33 4.08 8.42 6.24 3.08
8.27 5.03 9.74 5.05 1.87 4.43 2.95 3.27 9.06 6.28
7.98 2.72 2.61 3.10 3.61 2.08 6.54 2.17 5.15 10.00
3.33 5.33 6.20 7.57 3.94 8.74 4.54 5.47 7.94 4.10
6.99 2.42 2.06 4.75 4.64 6.05 4.80 4.54 3.70 6.27
3.12 8.37 8.16 6.08 3.70 4.13 5.55 4.22 7.20 5.35
5.63 2.59 2.96 8.78 8.62 9.79 8.74 2.56 7.65 3.15
4.62 3.13 3.51 7.88 7.33 2.52 5.45 1.55 6.85 6.91
9.69 7.59 2.96 3.68 5.37 5.29 5.15 9.49 5.65 7.13
6.72 9.04 1.54 2.29 5.78 9.92 1.76 7.84 9.82 1.60
8.44 8.15 3.79 5.54 2.69 4.04 1.39 9.42 9.30 1.37
9.12 8.54 2.16 9.14 2.49 2.70 2.25 8.36 5.39 8.41
5.62 9.46 9.79 9.74 5.66 9.45 6.06 6.06 7.97 8.17
4.54 1.59 5.24 4.99 1.03 5.71 8.76 9.32 9.83 7.16
1.90 1.93 8.95 2.13 8.61 6.68 5.59 4.33 8.93 5.56
3.71 5.35 2.79 5.12 4.49 5.02 1.01 5.67 4.74 8.04
2.37 9.79 3.70 2.77 1.64 7.83 1.90 5.43 7.03 9.82
4.18 1.34 1.45 6.16 8.15 7.35 5.75 1.38 6.68 4.18
7.77 6.98 8.40 1.21 2.24 5.27 5.30 8.93 5.85 4.07
9.00 4.09 4.08 5.80 9.53 1.01 2.99 5.91 7.63 4.94
8.41 8.70 3.97 2.38 8.69 1.51 5.45 7.20 5.60 1.17
3.56 4.12 8.61 2.26 6.08 5.88 3.28 9.58 5.91 3.90
3.62 6.86 2.16 7.40 9.24 2.31 9.41 8.58 3.07 9.33
4.46 9.07 6.70 6.74 6.42 2.51 5.27 3.22 6.30 3.63
2.39 4.75 6.15 5.69 7.67 2.61 3.74 7.86 2.11 9.65
5.32 8.20 1.43 2.43 4.33 8.85 7.50 9.24 4.12 4.21
9.03 3.81 4.57 3.43 8.48 6.74 7.41 8.76 6.30 7.50
3.53 1.01 6.72 2.62 7.07 8.43 7.28 5.74 9.61 4.17
9.96 3.36 4.54 9.84 5.02 9.49 5.94 8.83 5.09 5.97
8.86 1.36 2.41 8.23 7.52 8.11 2.50 3.03 7.66 5.15
3.05 4.98 4.26 6.64 3.93 6.87 3.71 4.67 9.35 6.64
5.49 3.30 5.87 1.97 5.02 9.07 4.85 9.02 9.77 8.27
3.69 9.76 8.53 2.59 2.61 9.20 2.30 7.46 2.26 4.52
9.75 6.44 4.24 9.04 6.11 6.61 9.32 5.49 1.35 4.19
9.53 1.10 4.54 4.72 5.81 7.77 9.16 5.02 7.90 7.15
2.52 9.00 6.96 9.18 3.43 3.06 7.74 5.54 7.44 1.51
9.41 3.64 7.06 9.65 4.81 4.85 9.19 3.18 5.47 5.21
9.44 1.95 9.19 7.93 1.24 6.75 9.43 9.94 2.08 1.67
6.46 8.81 4.52 7.00 8.29 1.37 5.14 2.66 8.36 7.56
2.87 7.60 4.79 7.60 9.79 4.17 7.08 2.60 6.82 5.85
3.12 4.06 2.67 9.92 4.27 3.21 1.55 7.67 5.17 9.84
1.60 8.42 2.00 6.61 5.11 1.54 1.35 2.92 3.18 5.79
7.90 5.90 3.65 7.27 6.86 1.78 5.39 1.09 3.45 5.97
7.83 1.12 3.54 3.86 4.06 1.58 9.43 4.27 5.66 6.12
5.64 3.29 4.10 7.35 1.76 4.91 3.87 1.01 3.71 3.09
7.55 7.21 7.75 3.33 8.31 7.36 5.22 9.15 6.82 7.41
2.80 3.89 1.39 1.80 2.41 8.69 4.43 3.11 4.84 4.29
2.52 2.72 1.10 5.50 4.17 2.81 5.99 9.10 2.44 1.14
8.85 3.60 1.93 9.04 5.94 1.07 5.33 3.27 1.34 9.55
4.62 8.57 8.11 8.70 1.44 3.92 3.12 6.51 3.59 2.36
6.35 8.10 1.20 4.75 6.55 5.37 5.37 1.90 8.79 5.27
7.26 3.32 9.73 9.46 9.65 7.73 6.98 4.94 6.35 1.71
8.61 5.11 2.97 6.24 1.15 8.17 9.33 5.49 5.46 3.03
4.34 9.24 6.89 6.66 7.11 8.79 8.58 7.06 7.38 3.54
3.48 6.62 3.86 1.54 7.37 2.80 7.00 8.39 7.30 2.64
1.38 9.85 3.05 5.22 3.53 6.06 5.25 8.61 8.24 1.08
1.88 7.93 4.64 7.02 2.29 4.88 6.27 7.81 3.22 3.34
1.86 9.02 7.75 9.62 6.46 5.19 4.49 9.63 1.91 6.71
2.58 2.66 6.32 4.69 4.58 6.10 4.84 4.79 2.65 8.91
4.41 9.87 1.81 2.79 1.55 8.83 7.20 9.42 1.83 1.99
9.98 2.70 6.39 9.37 2.95 3.57 3.73 3.40 5.48 8.77
5.04 5.54 9.64 6.51 5.31 8.48 8.32 9.31 2.34 1.76
7.51 1.06 8.19 5.82 3.86 6.27 3.01 1.99 7.64 7.94
4.01 3.67 9.23 3.56 4.04 6.09 2.44 6.94 9.77 1.00
4.80 5.06 8.91 8.57 6.10 7.57 6.10 9.07 3.98 2.86
3.62 5.97 2.52 9.56 7.91 2.26 4.90 4.29 4.62 1.05
3.95 6.51 4.52 7.07 8.09 3.33 4.32 8.30 4.57 8.72
1.41 6.58 7.69 7.05 9.31 4.14 9.93 4.01 7.88 1.19
9.07 4.91 5.31 7.98 2.65 8.96 9.32 2.72 8.01 7.19
2.38 6.19 5.48 4.93 1.25 1.58 1.09 7.25 4.46 1.45
3.20 2.84 9.27 8.64 2.93 4.16 8.35 8.01 6.00 5.59
1.22 4.58 4.77 1.56 4.17 2.96 6.92 4.63 8.85 1.19
7.33 6.13 4.82 9.54 4.21 1.32 2.83 5.62 9.64 7.73
2.50 7.65 4.60 7.02 7.52 5.23 9.93 2.52 2.37 8.20
2.09 9.52 8.53 7.74 1.01 1.45 5.30 4.62 6.93 4.53
2.01 4.25 3.51 4.22 3.05 3.89 8.69 5.64 8.71 1.50
3.63 1.38 8.56 5.51 6.46 8.73 6.22 2.22 7.80 8.43
5.72 3.69 9.64 8.93 8.67 6.40 6.33 7.20 2.31 7.82
2.74 8.03 4.56 1.70 1.66 2.64 7.58 6.04 5.30 2.66
5.21 1.02 1.02 7.21 6.40 5.30 6.72 9.06 6.74 4.95
6.02 2.27 2.15 1.76 7.12 1.98 5.71 3.18 6.40 9.69
4.23 6.67 3.43 7.46 3.30 4.98 6.09 7.77 2.92 4.84
1.76 9.20 8.70 6.01 1.49 2.61 8.45 5.85 6.21 8.09
7.56 6.32 8.95 5.01 4.32 3.17 1.55 5.20 2.20 6.14
5.57 8.60 4.17 7.67 8.45 4.63 5.04 8.31 5.96 3.00
1.62 3.27 2.93 7.15 6.96 2.34 4.35 5.42 1.13 4.65
3.69 2.59 5.83 1.12 2.62 4.05 2.16 2.46 2.99 3.87
5.49 6.94 7.08 6.90 2.02 8.48 2.44 4.14 7.54 6.16
5.01 8.42 2.01 5.16 3.02 7.38 9.78 7.31 8.31 3.01
5.13 2.93 2.05 1.60 8.40 1.06 9.33 4.58 4.60 2.77
4.72 3.27 7.87 3.75 7.91 5.53 1.15 4.74 3.19 2.55
7.37 2.37 5.71 4.24 1.39 9.64 1.24 5.27 7.98 4.51
8.29 2.30 5.16 6.48 9.74 6.64 1.32 8.02 3.53 3.67
3.82 1.04 8.00 7.75 2.67 9.53 6.52 5.47 5.97 6.28
4.19 4.27 8.23 2.44 4.15 6.09 4.57 5.69 2.04 1.23
7.22 3.50 6.95 3.41 6.23 1.54 2.68 9.59 3.34 9.95
2.77 8.05 9.56 1.52 7.24 7.91 9.03 1.20 8.01 6.37
3.56 3.03 2.69 5.66 8.17 1.15 3.19 9.07 7.37 3.81
1.40 4.97 8.55 1.88 5.50 9.06 5.52 4.59 7.29 8.59
7.10 1.94 6.03 8.83 5.73 7.75 3.53 4.97 2.40 9.91
9.83 2.49 2.12 4.33 1.84 2.83 6.04 2.86 3.56 9.44
8.35 3.00 7.17 4.79 8.05 3.18 4.22 8.47 6.04 2.90
9.06 9.08 1.37 3.80 7.96 2.29 8.06 8.76 8.68 5.36
2.48 4.52 9.75 5.12 3.74 7.47 3.18 7.06 2.51 9.03
4.58 5.38 6.31 2.73 1.00 6.25 8.07 5.73 9.40 6.73
8.59 5.06 3.90 5.75 9.59 6.24 7.46 8.54 5.16 8.91
1.43 2.50 3.57 2.13 3.37 9.37 7.63 1.38 2.72 4.14
9.86 8.20 2.86 4.76 2.61 3.47 5.94 5.03 8.50 8.92
3.17 5.15 9.91 9.84 1.09 3.09 2.73 1.74 9.45 1.56
6.81 6.73 2.28 2.81 1.87 8.37 5.32 3.33 9.43 8.13
6.60 5.54 1.19 4.98 7.33 9.51 3.11 1.37 9.14 5.61
6.63 4.05 9.82 8.68 3.56 8.12 1.24 7.12 5.00 5.74
9.85 1.25 4.82 1.67 1.14 2.46 4.27 4.24 6.82 4.02
6.35 3.59 9.96 5.54 7.50 6.49 8.80 8.76 9.15 1.21
3.02 4.99 9.52 7.75 9.20 2.78 1.31 5.15 6.85 5.75
5.08 4.09 1.17 4.70 9.33 8.83 3.83 9.24 1.29 5.45
4.87 2.96 2.64 3.68 4.98 9.18 5.28 7.06 1.13 4.50
2.90 8.27 8.15 7.20 9.63 2.89 7.59 3.05 2.94 7.33
6.48 2.93 2.69 1.58 6.61 4.22 5.18 2.87 6.42 4.40
7.86 6.08 8.62 6.66 2.91 1.25 2.33 8.71 6.13 1.55
5.01 9.44 8.08 2.80 9.72 4.86 2.48 8.43 2.51 2.90
4.28 7.02 1.34 8.20 3.62 7.77 1.31 2.49 6.01 4.07
5.15 1.30 5.23 6.30 4.65 9.98 9.02 1.77 2.07 5.84
4.50 7.71 3.45 7.44 8.03 8.17 3.73 2.41 1.45 6.39
8.44 3.34 5.45 7.92 2.01 9.91 6.33 6.16 7.93 7.64
1.67 2.27 3.01 6.94 4.56 1.36 4.06 6.68 7.51 8.05
6.87 6.11 5.06 6.89 3.28 9.91 5.33 2.40 7.01 3.12
9.23 2.81 8.02 4.64 2.70 9.89 8.71 7.24 9.68 7.66
7.14 1.08 3.42 6.49 4.61 9.15 5.93 4.91 3.71 7.83
4.19 2.93 2.53 5.83 3.92 4.35 8.69 7.54 5.36 1.45
5.53 4.46 7.79 2.60 9.07 4.34 9.92 8.14 7.00 9.76
3.53 1.49 2.30 2.64 8.85 9.15 2.88 7.08 2.82 6.09
5.38 3.86 2.76 2.30 3.23 5.32 3.09 4.62 6.94 8.94
9.71 8.20 5.30 2.52 9.46 3.81 1.53 6.09 7.06 8.01
5.38 5.50 4.39 9.55 6.70 9.91 3.04 6.32 6.74 7.71
4.59 4.04 5.45 7.46 7.59 8.23 1.49 9.91 2.14 6.05
6.75 1.85 9.43 5.72 8.30 3.37 1.34 2.44 2.74 4.09
9.24 3.69 8.72 6.16 2.26 3.64 3.73 8.02 4.06 6.61
3.57 2.76 4.67 7.40 8.41 4.51 9.14 4.61 5.92 2.86
1.53 8.53 8.06 1.08 2.12 2.09 2.42 1.84 8.32 3.68
7.94 4.42 2.36 7.53 2.18 9.13 2.83 1.00 4.92 6.66
5.19 4.59 6.35 1.16 2.81 6.13 1.49 9.48 3.69 1.44
7.07 9.39 5.39 8.63 1.69 2.79 4.65 8.08 7.98 7.64
6.93 6.56 3.80 8.21 6.11 9.66 9.35 7.67 6.35 3.48
7.69 5.82 8.32 3.16 7.83 4.55 3.57 6.83 8.71 9.16
4.81 7.54 7.68 4.50 3.40 8.04 3.02 3.34 6.53 7.91
8.88 3.51 9.21 5.40 1.25 2.05 6.70 6.20 8.83 5.47
8.89 4.53 3.21 3.68 4.14 1.44 3.87 2.96 9.44 6.68
1.83 3.28 4.99 9.75 7.99 8.08 4.80 7.07 3.36 6.11
7.11 6.92 5.64 4.88 9.16 6.37 8.33 3.50 4.65 5.68
9.79 3.48 6.50 4.56 6.33 7.48 2.99 6.38 6.47 6.42
1.50 1.02 6.25 3.03 9.30 3.03 7.15 8.20 2.04 6.48
3.17 6.99 4.68 5.90 3.65 7.07 4.77 8.80 4.83 9.08
1.31 3.39 3.68 9.93 7.10 2.75 4.65 6.85 7.82 2.30
6.71 2.74 7.04 3.95 9.07 2.70 1.09 5.72 7.07 6.86
8.51 7.12 1.66 5.25 2.06 6.94 6.41 6.29 3.84 7.81
7.17 8.36 3.94 5.97 9.88 9.54 7.81 4.28 6.18 4.22
3.67 4.53 6.15 4.02 2.04 8.41 3.93 2.92 6.13 9.00
9.65 4.19 2.11 5.01 2.25 4.77 7.51 2.58 5.25 3.49
5.80 1.65 9.71 2.49 4.27 6.39 1.33 5.89 5.35 3.89
1.50 4.85 8.17 8.12 8.86 2.17 1.79 8.58 8.07 9.46
1.31 4.85 6.63 3.49 2.77 3.12 5.64 8.94 6.75 2.92
1.70 7.99 4.94 7.26 2.00 4.51 3.49 3.14 9.00 8.60
4.85 4.25 6.48 6.28 9.37 1.00 3.19 6.06 5.03 9.62
4.31 4.42 3.77 2.13 8.22 4.54 6.03 9.07 4.35 8.99
3.10 2.03 7.23 9.72 7.30 4.64 1.40 6.90 5.86 8.80
3.77 4.68 2.17 7.14 9.13 1.46 2.79 3.83 8.92 2.42
3.42 5.27 3.06 7.45 8.38 3.97 5.86 3.12 5.07 3.94
3.07 8.32 9.34 9.13 5.55 4.19 1.37 3.40 9.45 7.06
2.44 5.24 4.35 7.36 5.25 6.13 2.62 1.18 2.72 6.87
7.40 8.32 7.83 8.73 6.34 6.07 4.79 6.72 1.52 7.14
3.12 3.19 5.66 5.81 2.86 1.02 5.23 6.31 3.32 4.32
2.80 5.69 2.14 9.19 9.34 5.34 9.00 9.13 4.94 7.71
9.00 1.88 9.97 6.20 8.99 9.95 4.83 4.14 7.36 7.73
8.38 3.16 5.60 3.93 5.36 4.69 9.33 4.17 1.29 1.90
1.51 7.35 7.78 4.34 9.17 5.32 6.04 2.66 6.74 4.21
9.02 7.80 1.32 3.99 5.93 8.57 3.29 4.92 7.64 4.81
9.46 4.08 2.56 9.48 7.75 4.00 5.26 1.94 8.15 6.99
8.29 4.64 8.98 8.04 5.82 2.53 1.92 8.69 1.13 7.12
2.88 2.63 5.44 2.39 3.64 9.86 7.28 2.80 3.92 2.62
9.41 7.43 3.00 4.92 9.10 9.60 7.19 8.82 6.21 1.50
9.44 8.79 5.77 5.88 6.09 1.07 3.41 2.88 3.16 1.62
5.53 8.19 4.33 8.91 7.95 3.76 4.20 8.64 5.70 4.71
7.85 5.10 3.55 9.54 2.38 1.10 9.24 8.30 7.00 6.49
1.98 5.78 9.92 8.32 7.62 2.73 6.44 7.69 2.93 9.01
8.62 9.83 4.28 3.13 5.19 5.19 6.24 4.05 5.76 4.65
1.56 8.31 5.39 1.44 8.65 1.25 3.87 9.28 8.88 7.29
1.85 8.09 8.08 4.85 2.49 5.21 7.90 2.58 1.98 5.12
9.49 5.34 4.40 7.82 5.61 6.64 9.71 1.60 9.57 7.89
3.54 7.21 5.58 1.91 5.50 7.19 9.30 4.77 7.03 7.74
8.40 2.92 3.12 4.44 5.24 9.26 8.31 6.02 9.19 5.37
1.25 4.83 9.26 6.33 5.66 2.00 6.61 8.22 5.07 6.14
2.76 7.63 4.59 6.82 2.13 6.78 6.47 3.17 7.39 5.25
4.29 4.09 6.55 2.25 8.37 4.95 9.81 9.71 8.81 9.61
2.43 6.13 7.19 4.48 4.64 7.33 5.49 5.93 1.93 5.45
4.03 5.08 2.18 7.96 6.25 5.39 7.34 3.44 4.04 2.17
8.03 3.09 8.57 5.04 2.31 8.38 8.08 8.30 9.12 7.49
9.16 6.54 2.96 2.28 7.48 3.84 6.91 4.58 3.69 1.52
1.34 4.76 2.67 8.73 1.91 5.21 8.46 4.60 8.18 9.97
2.41 1.53 8.81 3.35 7.44 3.95 8.58 2.89 1.71 4.59
2.69 2.53 8.04 6.25 3.58 3.66 7.10 6.68 8.97 1.36
7.55 5.93 3.86 7.05 7.91 2.19 9.57 9.09 8.52 9.14
4.56 4.67 2.68 6.90 9.39 5.68 8.10 2.31 2.13 2.22
7.33 9.06 7.89 6.92 6.75 5.71 9.48 6.14 9.85 9.08
8.04 1.58 2.39 8.08 5.76 6.63 9.22 4.78 2.67 4.93
1.26 4.12 2.94 2.58 3.50 8.72 8.61 8.70 2.28 1.58
7.17 9.00 2.04 3.83 2.03 1.95 7.45 2.57 8.03 5.57
7.25 8.19 4.60 2.26 9.67 8.46 1.06 6.66 9.28 5.13
7.80 9.60 6.35 9.92 6.22 8.04 1.42 6.01 8.20 2.67
9.40 5.25 3.71 6.71 3.60 6.30 2.55 2.38 8.29 8.58
2.14 6.35 8.29 5.22 3.90 7.02 6.47 2.56 4.72 5.66
5.17 8.40 1.53 4.43 4.87 3.79 6.41 4.94 5.04 3.65
1.91 9.83 8.50 3.19 9.21 3.49 7.14 1.85 1.52 5.65
9.20 5.05 6.59 9.01 2.02 3.35 3.16 8.03 8.66 4.77
1.69 1.95 2.22 9.56 3.96 5.47 2.81 8.28 7.07 6.23
4.20 9.43 8.45 6.58 2.10 1.25 5.15 4.50 5.80 5.96
7.90 6.50 9.79 5.38 5.47 8.76 1.51 2.03 1.30 3.02
2.32 5.35 4.19 8.13 3.62 1.45 9.58 5.12 7.38 6.58
9.40 7.44 8.49 8.35 7.98 8.66 3.17 2.53 8.46 9.63
8.78 2.15 6.70 6.06 1.89 5.04 6.53 5.83 7.53 5.27
8.55 4.16 3.54 4.77 9.63 5.96 8.24 6.55 2.19 6.66
9.83 3.90 8.54 7.21 2.15 3.34 5.06 3.17 7.56 6.81
9.45 4.43 2.58 6.37 3.34 9.48 3.35 8.95 7.16 2.23
8.82 9.38 6.25 2.99 8.45 9.26 8.52 6.96 2.46 3.68
2.74 4.21 5.77 6.65 1.84 5.66 8.46 2.90 1.70 7.42
9.09 9.86 5.77 1.68 2.51 1.02 5.74 2.24 8.59 7.97
6.02 1.32 8.67 2.06 2.29 4.46 9.08 7.80 2.84 9.80
6.90 9.60 8.03 9.68 6.51 4.13 1.63 1.31 2.45 2.72
9.41 3.64 3.08 1.33 7.38 5.76 7.29 9.99 3.18 9.07

Demandas:
0 0 0 0 0 0 1 0
0 0 0 0 1 0 0 0
1 0 0 0 0 0 0 0
1 0 0 0 0 0 0 0
0 0 0 0 1 0 0 0
0 0 0 0 0 0 1 0
0 1 0 0 0 0 0 0
0 0 0 1 0 0 0 0
0 0 0 0 0 1 0 0
0 0 0 0 0 0 0 1
0 1 0 0 0 0 0 0
0 0 0 0 0 0 1 0
1 0 0 0 0 0 0 0
0 0 0 1 0 0 0 0
0 0 1 0 0 0 0 0
0 0 0 0 0 1 0 0
0 0 0 0 0 0 0 1
0 0 0 0 0 0 0 1
0 0 0 0 0 0 1 0
0 0 0 0 1 0 0 0
0 0 0 1 0 0 0 0
0 0 0 0 0 0 1 0
0 1 0 0 0 0 0 0
0 1 0 0 0 0 0 0
0 0 1 0 0 0 0 0
0 0 0 0 1 0 0 0
0 0 0 0 0 0 0 1
0 0 0 0 0 0 0 1
0 0 0 0 0 0 1 0
0 0 0 0 0 0 1 0
0 0 0 0 0 0 0 1
0 1 0 0 0 0 0 0
0 0 0 0 0 1 0 0
0 0 0 0 1 0 0 0
0 0 0 0 0 1 0 0
0 0 0 0 0 0 1 0
0 0 0 0 1 0 0 0
0 1 0 0 0 0 0 0
0 0 0 1 0 0 0 0
0 0 0 0 0 0 1 0
0 0 0 0 0 1 0 0
0 0 0 0 0 0 0 1
0 0 1 0 0 0 0 0
0 0 0 0 0 0 0 1
0 0 1 0 0 0 0 0
0 1 0 0 0 0 0 0
0 0 0 0 0 0 1 0
0 0 0 1 0 0 0 0
0 0 0 0 1 0 0 0
0 0 0 0 1 0 0 0
0 0 1 0 0 0 0 0
1 0 0 0 0 0 0 0
0 0 0 0 0 0 0 1
0 1 0 0 0 0 0 0
0 0 0 0 0 0 0 1
0 1 0 0 0 0 0 0
0 0 0 0 0 0 1 0
0 0 0 1 0 0 0 0
0 0 0 0 0 1 0 0
0 0 0 0 1 0 0 0
0 0 0 1 0 0 0 0
0 0 0 0 1 0 0 0
0 0 1 0 0 0 0 0
0 0 0 1 0 0 0 0
0 0 0 0 0 0 1 0
0 0 0 0 1 0 0 0
0 0 0 0 1 0 0 0
0 0 1 0 0 0 0 0
0 0 1 0 0 0 0 0
0 0 0 0 0 0 1 0
0 0 0 0 0 1 0 0
0 0 1 0 0 0 0 0
0 0 0 0 0 0 1 0
0 0 1 0 0 0 0 0
0 0 0 0 0 0 1 0
0 1 0 0 0 0 0 0
0 0 0 1 0 0 0 0
0 1 0 0 0 0 0 0
0 0 0 1 0 0 0 0
0 0 1 0 0 0 0 0
0 0 1 0 0 0 0 0
0 0 0 0 1 0 0 0
0 1 0 0 0 0 0 0
1 0 0 0 0 0 0 0
0 0 1 0 0 0 0 0
0 0 0 0 0 1 0 0
0 0 0 0 1 0 0 0
0 0 1 0 0 0 0 0
0 0 0 0 0 0 1 0
1 0 0 0 0 0 0 0
0 0 0 0 1 0 0 0
0 1 0 0 0 0 0 0
0 0 1 0 0 0 0 0
0 0 0 1 0 0 0 0
0 0 0 0 1 0 0 0
0 0 0 0 0 0 0 1
0 0 1 0 0 0 0 0
0 0 0 0 1 0 0 0
1 0 0 0 0 0 0 0
0 1 0 0 0 0 0 0
0 0 0 0 0 1 0 0
0 0 0 0 1 0 0 0
1 0 0 0 0 0 0 0
1 0 0 0 0 0 0 0
1 0 0 0 0 0 0 0
0 0 0 0 0 0 1 0
0 0 0 0 0 0 0 1
0 0 0 0 0 0 1 0
0 0 1 0 0 0 0 0
0 1 0 0 0 0 0 0
1 0 0 0 0 0 0 0
0 0 0 1 0 0 0 0
0 0 0 0 0 0 1 0
0 0 0 0 0 0 0 1
0 0 0 0 0 1 0 0
0 0 1 0 0 0 0 0
0 0 1 0 0 0 0 0
0 0 0 0 0 0 1 0
0 0 1 0 0 0 0 0
1 0 0 0 0 0 0 0
1 0 0 0 0 0 0 0
0 0 0 0 0 0 0 1
0 0 0 0 0 0 1 0
0 0 0 0 0 0 0 1
0 0 0 0 1 0 0 0
1 0 0 0 0 0 0 0
0 0 0 0 0 1 0 0
0 0 0 1 0 0 0 0
0 0 1 0 0 0 0 0
1 0 0 0 0 0 0 0
0 1 0 0 0 0 0 0
0 0 0 0 1 0 0 0
1 0 0 0 0 0 0 0
0 0 1 0 0 0 0 0
0 0 1 0 0 0 0 0
0 0 0 1 0 0 0 0
0 0 0 1 0 0 0 0
0 0 1 0 0 0 0 0
0 0 0 0 0 1 0 0
0 1 0 0 0 0 0 0
0 0 0 0 0 1 0 0
1 0 0 0 0 0 0 0
0 0 0 1 0 0 0 0
0 0 0 0 1 0 0 0
0 0 1 0 0 0 0 0
0 0 0 0 0 0 0 1
0 1 0 0 0 0 0 0
0 0 0 1 0 0 0 0
0 0 0 0 1 0 0 0
0 0 0 0 1 0 0 0
0 0 0 0 0 0 0 1
0 0 1 0 0 0 0 0
0 0 1 0 0 0 0 0
0 0 0 0 0 0 1 0
0 0 0 0 1 0 0 0
0 0 0 0 0 0 0 1
0 0 0 0 0 0 0 1
0 0 0 1 0 0 0 0
0 1 0 0 0 0 0 0
0 0 1 0 0 0 0 0
0 0 0 0 0 0 1 0
0 0 0 0 0 1 0 0
1 0 0 0 0 0 0 0
1 0 0 0 0 0 0 0
0 1 0 0 0 0 0 0
0 0 1 0 0 0 0 0
0 0 0 0 0 0 1 0
1 0 0 0 0 0 0 0
0 0 0 1 0 0 0 0
0 1 0 0 0 0 0 0
0 0 0 0 0 0 1 0
1 0 0 0 0 0 0 0
0 0 0 0 0 0 0 1
0 1 0 0 0 0 0 0
0 0 1 0 0 0 0 0
0 0 0 0 0 0 0 1
0 0 0 0 1 0 0 0
0 0 0 0 0 1 0 0
0 0 1 0 0 0 0 0
1 0 0 0 0 0 0 0
0 0 0 1 0 0 0 0
0 0 0 0 0 0 0 1
0 0 0 0 0 0 1 0
0 0 0 0 1 0 0 0
0 0 1 0 0 0 0 0
0 0 0 0 1 0 0 0
0 0 0 0 1 0 0 0
0 0 1 0 0 0 0 0
0 0 0 0 0 1 0 0
0 0 1 0 0 0 0 0
0 0 0 0 0 0 0 1
0 0 0 1 0 0 0 0
0 0 0 0 0 0 0 1
0 0 0 0 1 0 0 0
0 0 0 0 0 1 0 0
0 0 0 0 0 0 1 0
0 1 0 0 0 0 0 0
0 0 1 0 0 0 0 0
0 0 0 0 0 0 0 1
0 0 0 0 0 0 0 1
1 0 0 0 0 0 0 0
0 0 0 1 0 0 0 0
0 0 0 0 0 0 1 0
0 0 0 1 0 0 0 0
0 1 0 0 0 0 0 0
0 0 0 0 0 0 1 0
0 0 1 0 0 0 0 0
0 0 0 0 0 0 0 1
0 0 0 0 1 0 0 0
0 0 0 0 0 0 0 1
0 0 0 1 0 0 0 0
1 0 0 0 0 0 0 0
1 0 0 0 0 0 0 0
1 0 0 0 0 0 0 0
0 0 0 0 0 0 1 0
0 0 0 0 0 1 0 0
0 0 0 0 0 0 1 0
0 0 0 0 0 0 1 0
0 1 0 0 0 0 0 0
0 0 0 1 0 0 0 0
0 0 0 0 0 0 1 0
0 0 0 1 0 0 0 0
0 0 0 1 0 0 0 0
0 0 0 0 1 0 0 0
0 0 0 0 1 0 0 0
0 0 1 0 0 0 0 0
0 1 0 0 0 0 0 0
0 0 0 1 0 0 0 0
0 0 0 0 0 0 1 0
0 1 0 0 0 0 0 0
0 0 0 1 0 0 0 0
0 0 0 0 0 0 1 0
1 0 0 0 0 0 0 0
0 1 0 0 0 0 0 0
0 0 0 0 1 0 0 0
0 0 0 0 0 0 0 1
0 0 0 0 0 0 1 0
0 1 0 0 0 0 0 0
1 0 0 0 0 0 0 0
0 0 1 0 0 0 0 0
0 0 0 0 0 0 0 1
0 0 1 0 0 0 0 0
0 0 0 1 0 0 0 0
0 0 0 0 1 0 0 0
0 0 0 0 0 1 0 0
0 0 0 0 0 0 0 1
1 0 0 0 0 0 0 0
0 0 0 0 0 0 0 1
1 0 0 0 0 0 0 0
0 0 0 0 0 0 0 1
0 0 0 0 0 1 0 0
0 0 0 0 1 0 0 0
1 0 0 0 0 0 0 0
0 0 0 0 0 0 0 1
0 0 0 0 1 0 0 0
0 0 0 0 0 0 1 0
0 1 0 0 0 0 0 0
0 0 1 0 0 0 0 0
0 0 0 0 0 1 0 0
1 0 0 0 0 0 0 0
0 0 0 0 0 1 0 0
0 1 0 0 0 0 0 0
0 0 0 0 0 1 0 0
0 0 0 0 0 0 0 1
0 0 0 0 0 1 0 0
0 0 0 0 0 0 1 0
0 0 0 0 0 0 0 1
0 0 0 0 1 0 0 0
0 0 1 0 0 0 0 0
0 0 0 0 0 0 1 0
0 1 0 0 0 0 0 0
0 1 0 0 0 0 0 0
0 0 0 0 0 0 0 1
0 0 0 0 1 0 0 0
0 0 1 0 0 0 0 0
0 0 0 0 0 0 0 1
0 0 0 0 1 0 0 0
1 0 0 0 0 0 0 0
0 0 0 0 0 0 0 1
0 1 0 0 0 0 0 0
0 0 0 0 0 0 0 1
0 0 0 0 0 0 0 1
0 0 0 0 0 0 0 1
0 1 0 0 0 0 0 0
0 0 1 0 0 0 0 0
0 0 0 1 0 0 0 0
0 0 0 0 0 0 0 1
0 0 0 1 0 0 0 0
0 0 0 0 0 0 1 0
0 0 0 0 0 0 1 0
0 0 1 0 0 0 0 0
0 0 0 0 0 1 0 0
0 0 1 0 0 0 0 0
0 0 0 1 0 0 0 0
0 0 0 0 0 0 0 1
0 0 0 0 1 0 0 0
0 0 0 0 0 0 0 1
0 1 0 0 0 0 0 0
0 0 1 0 0 0 0 0
0 0 1 0 0 0 0 0
0 0 0 1 0 0 0 0
0 0 0 0 1 0 0 0
0 0 0 0 0 0 1 0
0 0 0 0 0 0 0 1
1 0 0 0 0 0 0 0
0 1 0 0 0 0 0 0
0 0 1 0 0 0 0 0
0 0 1 0 0 0 0 0
0 0 0 0 0 1 0 0
0 0 0 0 0 0 1 0
0 0 0 0 1 0 0 0
0 0 0 0 0 0 0 1
0 0 0 1 0 0 0 0
0 0 0 0 0 0 1 0
0 0 0 0 0 1 0 0
0 0 0 1 0 0 0 0
0 0 0 0 0 1 0 0
0 0 1 0 0 0 0 0
0 0 0 0 0 0 1 0
1 0 0 0 0 0 0 0
0 0 0 0 0 0 0 1
0 0 1 0 0 0 0 0
0 1 0 0 0 0 0 0
1 0 0 0 0 0 0 0
0 0 0 0 0 0 0 1
0 0 0 0 0 0 1 0
0 0 0 0 1 0 0 0
1 0 0 0 0 0 0 0
0 1 0 0 0 0 0 0
0 0 0 0 0 0 0 1
0 0 0 0 0 1 0 0
1 0 0 0 0 0 0 0
0 0 0 1 0 0 0 0
0 1 0 0 0 0 0 0
0 0 0 0 0 0 1 0
0 1 0 0 0 0 0 0
0 1 0 0 0 0 0 0
0 0 0 0 1 0 0 0
0 0 0 0 0 1 0 0
1 0 0 0 0 0 0 0
1 0 0 0 0 0 0 0
1 0 0 0 0 0 0 0
0 0 1 0 0 0 0 0
0 0 0 0 1 0 0 0
0 0 0 1 0 0 0 0
0 1 0 0 0 0 0 0
0 0 0 0 0 0 0 1
0 0 0 0 0 0 0 1
1 0 0 0 0 0 0 0
0 0 0 1 0 0 0 0
0 0 0 0 0 1 0 0
0 0 0 0 0 0 1 0
0 0 0 0 0 0 1 0
0 0 0 0 1 0 0 0
0 0 0 0 1 0 0 0
0 0 0 0 1 0 0 0
0 0 0 0 0 0 0 1
0 0 1 0 0 0 0 0
0 0 0 0 0 0 0 1
0 0 0 0 1 0 0 0
0 0 1 0 0 0 0 0
0 0 0 1 0 0 0 0
0 0 0 0 0 0 1 0
0 0 0 0 0 0 1 0
1 0 0 0 0 0 0 0
0 0 1 0 0 0 0 0
0 0 0 0 0 0 1 0
0 1 0 0 0 0 0 0
0 1 0 0 0 0 0 0
0 0 0 1 0 0 0 0
0 0 0 0 0 0 1 0
0 0 1 0 0 0 0 0
0 0 0 0 0 0 1 0
0 0 1 0 0 0 0 0
0 0 0 0 0 0 0 1
1 0 0 0 0 0 0 0
0 0 0 1 0 0 0 0
0 1 0 0 0 0 0 0
1 0 0 0 0 0 0 0
0 0 0 0 1 0 0 0
0 0 0 1 0 0 0 0
0 0 0 0 0 1 0 0
1 0 0 0 0 0 0 0
0 0 0 1 0 0 0 0
0 0 0 0 0 0 1 0
0 0 0 1 0 0 0 0
0 0 0 1 0 0 0 0
0 0 0 0 0 0 1 0
0 0 1 0 0 0 0 0
0 0 0 0 1 0 0 0
0 1 0 0 0 0 0 0
0 0 0 0 0 0 1 0
0 1 0 0 0 0 0 0
0 0 0 1 0 0 0 0
0 0 0 0 0 0 0 1
0 0 0 0 0 0 1 0
0 1 0 0 0 0 0 0
0 0 0 0 0 0 0 1
0 1 0 0 0 0 0 0
0 0 0 0 0 0 1 0
0 0 0 0 0 0 0 1
0 0 0 0 0 0 1 0
0 0 1 0 0 0 0 0
0 0 0 1 0 0 0 0
0 1 0 0 0 0 0 0
1 0 0 0 0 0 0 0
0 1 0 0 0 0 0 0
1 0 0 0 0 0 0 0
0 0 1 0 0 0 0 0
0 1 0 0 0 0 0 0
0 0 0 0 1 0 0 0
0 1 0 0 0 0 0 0
0 0 0 0 0 0 0 1
0 0 0 0 1 0 0 0
0 0 1 0 0 0 0 0
0 0 0 0 0 0 0 1
0 0 0 0 0 1 0 0
0 0 0 0 0 1 0 0
0 0 0 0 0 1 0 0
0 0 1 0 0 0 0 0
0 0 1 0 0 0 0 0
0 0 0 0 0 0 1 0
0 1 0 0 0 0 0 0
0 0 0 0 0 0 1 0
1 0 0 0 0 0 0 0
0 0 0 1 0 0 0 0
0 0 0 0 0 0 0 1
0 0 0 0 0 1 0 0
0 1 0 0 0 0 0 0
0 0 0 0 0 1 0 0
0 0 0 0 0 0 1 0
0 0 0 0 0 0 0 1
0 0 0 0 0 0 1 0
0 0 0 1 0 0 0 0
0 0 0 0 0 1 0 0
0 0 0 0 0 1 0 0
0 0 0 0 0 0 0 1
1 0 0 0 0 0 0 0
0 0 0 0 1 0 0 0
0 1 0 0 0 0 0 0
0 0 0 0 0 0 1 0
0 0 0 0 0 1 0 0
0 0 0 0 0 1 0 0
0 0 0 0 0 0 1 0
0 1 0 0 0 0 0 0
0 0 0 0 1 0 0 0
0 0 0 0 0 0 1 0
0 0 0 0 0 0 1 0
0 0 0 1 0 0 0 0
0 0 0 0 1 0 0 0
0 0 0 0 1 0 0 0
0 0 0 1 0 0 0 0
0 0 0 1 0 0 0 0
0 1 0 0 0 0 0 0
0 0 0 0 0 0 0 1
0 0 0 1 0 0 0 0
0 0 0 0 0 0 1 0
0 0 0 0 1 0 0 0
0 0 0 0 0 0 0 1
0 0 0 0 1 0 0 0
0 0 0 0 0 0 0 1
0 0 0 0 0 0 0 1
0 0 0 0 0 0 1 0
0 1 0 0 0 0 0 0
1 0 0 0 0 0 0 0
0 0 0 0 1 0 0 0
0 0 0 0 1 0 0 0
0 0 0 0 1 0 0 0
0 0 0 0 0 0 1 0
1 0 0 0 0 0 0 0
0 0 1 0 0 0 0 0
0 0 0 0 1 0 0 0
0 0 0 0 0 0 1 0
0 0 0 0 0 0 1 0
0 0 0 0 1 0 0 0
0 1 0 0 0 0 0 0
0 0 0 0 0 0 0 1
0 1 0 0 0 0 0 0
1 0 0 0 0 0 0 0
0 0 0 0 0 0 1 0
0 0 0 0 0 0 0 1
1 0 0 0 0 0 0 0
0 1 0 0 0 0 0 0
0 0 0 0 0 0 1 0
0 1 0 0 0 0 0 0
0 0 0 1 0 0 0 0
1 0 0 0 0 0 0 0
0 0 0 0 0 1 0 0
0 0 0 0 0 0 1 0
0 0 0 0 0 0 0 1
0 0 1 0 0 0 0 0
1 0 0 0 0 0 0 0
0 0 0 1 0 0 0 0
0 0 0 0 0 0 0 1
0 0 0 0 0 0 1 0
0 0 0 0 0 1 0 0
0 0 0 0 0 1 0 0
0 1 0 0 0 0 0 0
0 1 0 0 0 0 0 0
0 1 0 0 0 0 0 0
0 0 0 0 0 0 1 0
1 0 0 0 0 0 0 0
0 0 0 0 1 0 0 0
0 0 0 1 0 0 0 0
0 0 0 0 1 0 0 0
0 0 0 0 0 0 1 0
0 0 0 0 0 0 0 1
0 0 0 1 0 0 0 0
0 1 0 0 0 0 0 0
0 0 1 0 0 0 0 0
0 0 0 0 0 0 0 1
0 0 0 0 0 0 0 1
0 0 0 0 0 0 1 0
1 0 0 0 0 0 0 0
0 1 0 0 0 0 0 0
1 0 0 0 0 0 0 0
0 0 0 0 0 1 0 0
0 0 0 0 0 0 1 0
0 1 0 0 0 0 0 0
1 0 0 0 0 0 0 0
0 0 1 0 0 0 0 0
0 0 0 0 0 0 0 1
1 0 0 0 0 0 0 0
0 0 0 0 1 0 0 0
0 0 0 0 0 0 1 0
0 0 1 0 0 0 0 0
0 0 0 0 1 0 0 0
0 0 0 0 1 0 0 0
0 0 0 0 0 1 0 0
0 1 0 0 0 0 0 0
0 0 0 1 0 0 0 0
0 0 0 0 0 0 0 1
0 0 0 0 0 0 1 0
0 0 0 0 0 1 0 0
0 0 0 0 0 0 1 0
0 0 0 1 0 0 0 0
0 1 0 0 0 0 0 0
0 1 0 0 0 0 0 0
0 0 0 1 0 0 0 0
0 0 0 0 1 0 0 0
0 0 1 0 0 0 0 0
0 0 0 0 0 0 0 1
1 0 0 0 0 0 0 0
0 0 0 0 0 1 0 0
0 1 0 0 0 0 0 0
0 0 0 0 0 0 0 1
0 0 0 0 0 0 1 0
0 0 0 0 1 0 0 0
1 0 0 0 0 0 0 0
0 0 0 0 0 0 0 1
1 0 0 0 0 0 0 0
0 0 0 0 0 1 0 0
0 1 0 0 0 0 0 0
0 0 0 0 0 1 0 0
0 0 0 0 0 1 0 0
0 0 0 0 1 0 0 0
0 0 0 0 0 1 0 0
0 0 0 0 0 0 0 1
0 0 0 0 0 0 0 1
0 0 0 0 0 0 0 1
0 1 0 0 0 0 0 0
0 0 0 0 0 1 0 0
0 0 0 0 1 0 0 0
0 0 0 0 0 0 1 0
0 0 0 0 1 0 0 0
0 0 0 0 0 0 1 0
0 0 0 0 0 1 0 0
0 0 0 1 0 0 0 0
0 0 1 0 0 0 0 0
0 0 0 0 0 0 1 0
0 0 1 0 0 0 0 0
0 0 0 0 0 1 0 0
0 0 0 0 1 0 0 0
0 0 1 0 0 0 0 0
0 0 0 0 1 0 0 0
0 0 0 0 1 0 0 0
0 0 1 0 0 0 0 0
0 0 0 0 0 0 1 0
0 0 0 0 0 0 1 0
0 0 0 0 0 0 0 1
0 0 0 0 0 1 0 0
1 0 0 0 0 0 0 0
0 0 0 0 0 1 0 0
0 0 1 0 0 0 0 0
0 0 0 0 0 1 0 0
1 0 0 0 0 0 0 0
1 0 0 0 0 0 0 0
0 0 0 1 0 0 0 0
0 0 0 0 0 0 1 0
0 0 0 0 0 0 1 0
0 0 1 0 0 0 0 0
1 0 0 0 0 0 0 0
0 0 0 1 0 0 0 0
0 0 0 0 1 0 0 0
0 0 0 0 0 1 0 0
0 0 0 1 0 0 0 0
0 0 0 0 0 1 0 0
0 0 1 0 0 0 0 0
0 1 0 0 0 0 0 0
0 0 1 0 0 0 0 0
1 0 0 0 0 0 0 0
1 0 0 0 0 0 0 0
0 1 0 0 0 0 0 0
0 0 0 1 0 0 0 0
0 0 1 0 0 0 0 0
1 0 0 0 0 0 0 0
0 0 0 0 0 0 0 1
0 0 0 0 0 1 0 0
0 0 0 0 1 0 0 0
0 0 1 0 0 0 0 0
0 0 1 0 0 0 0 0
0 0 0 1 0 0 0 0
0 0 0 0 0 1 0 0
0 1 0 0 0 0 0 0
0 0 1 0 0 0 0 0
0 0 1 0 0 0 0 0
0 0 0 0 0 0 0 1
1 0 0 0 0 0 0 0
0 0 0 1 0 0 0 0
0 0 0 0 0 0 1 0
0 0 0 1 0 0 0 0
0 0 0 1 0 0 0 0
0 0 0 0 0 0 0 1
0 0 0 0 0 0 1 0
0 0 0 1 0 0 0 0
0 0 0 0 1 0 0 0
0 0 0 0 0 0 0 1
0 0 0 0 0 0 0 1
0 0 0 1 0 0 0 0
0 0 0 0 0 0 0 1
0 0 0 0 1 0 0 0
1 0 0 0 0 0 0 0
0 1 0 0 0 0 0 0
0 0 0 0 0 0 0 1
0 0 0 0 0 0 1 0
0 1 0 0 0 0 0 0
0 0 0 0 0 0 1 0
0 0 1 0 0 0 0 0
0 0 0 0 0 0 1 0
0 0 0 0 1 0 0 0
1 0 0 0 0 0 0 0
0 0 0 0 1 0 0 0
0 0 1 0 0 0 0 0
0 0 0 0 0 1 0 0
0 0 0 0 0 1 0 0
0 0 0 0 0 0 1 0
0 0 0 1 0 0 0 0
0 0 0 0 0 0 1 0
0 0 0 0 0 0 0 1
0 0 0 0 1 0 0 0
0 1 0 0 0 0 0 0
1 0 0 0 0 0 0 0
0 0 1 0 0 0 0 0
0 0 0 0 0 0 0 1
0 1 0 0 0 0 0 0
0 0 0 0 0 1 0 0
0 0 1 0 0 0 0 0
0 0 0 0 0 0 0 1
0 1 0 0 0 0 0 0
0 0 0 0 0 0 1 0
0 0 0 0 0 0 1 0
1 0 0 0 0 0 0 0
0 1 0 0 0 0 0 0
0 0 0 0 1 0 0 0
0 0 0 0 0 0 1 0
0 0 0 0 0 0 0 1
0 0 0 0 1 0 0 0
0 0 0 0 1 0 0 0
0 0 0 0 0 0 0 1
0 0 0 0 1 0 0 0
0 0 0 0 0 1 0 0
0 1 0 0 0 0 0 0
0 0 0 1 0 0 0 0
0 0 0 0 0 0 1 0
0 0 0 0 1 0 0 0
1 0 0 0 0 0 0 0
0 0 0 1 0 0 0 0
0 0 0 1 0 0 0 0
0 0 0 0 0 1 0 0
1 0 0 0 0 0 0 0
0 0 1 0 0 0 0 0
0 0 0 0 0 0 1 0
0 0 0 0 0 1 0 0
0 0 0 0 1 0 0 0
0 0 0 0 0 0 1 0
1 0 0 0 0 0 0 0
0 1 0 0 0 0 0 0
0 0 1 0 0 0 0 0
0 0 0 0 0 1 0 0
0 0 0 0 0 0 1 0
0 0 0 1 0 0 0 0
0 1 0 0 0 0 0 0
0 0 0 1 0 0 0 0
0 0 0 0 0 1 0 0
0 0 0 0 0 0 0 1
1 0 0 0 0 0 0 0
0 0 0 0 0 0 0 1
1 0 0 0 0 0 0 0
0 0 0 0 1 0 0 0
0 0 0 0 0 0 0 1
0 0 0 0 0 0 0 1
0 0 0 0 0 0 1 0
0 0 0 1 0 0 0 0
0 0 0 0 1 0 0 0
0 1 0 0 0 0 0 0
0 0 0 0 1 0 0 0
1 0 0 0 0 0 0 0
0 0 0 1 0 0 0 0
0 0 1 0 0 0 0 0
0 0 1 0 0 0 0 0
0 0 0 0 0 1 0 0
0 0 0 0 0 0 1 0
0 0 1 0 0 0 0 0
0 1 0 0 0 0 0 0
0 0 0 0 0 0 1 0
1 0 0 0 0 0 0 0
0 0 0 0 0 0 1 0
1 0 0 0 0 0 0 0
0 0 0 0 0 0 1 0
0 0 0 1 0 0 0 0
0 0 0 0 0 0 1 0
0 0 0 0 0 0 0 1
0 0 0 0 1 0 0 0
0 0 0 0 0 1 0 0
0 0 0 0 0 0 1 0
0 0 0 0 0 1 0 0
1 0 0 0 0 0 0 0
0 0 0 0 0 0 1 0
1 0 0 0 0 0 0 0
1 0 0 0 0 0 0 0
0 0 0 0 0 1 0 0
0 0 0 1 0 0 0 0
0 0 0 0 0 0 1 0
0 0 0 0 1 0 0 0
0 1 0 0 0 0 0 0
0 0 0 0 0 1 0 0
0 0 0 1 0 0 0 0
0 0 0 0 0 0 0 1
0 0 0 1 0 0 0 0
0 0 0 0 0 0 1 0
0 1 0 0 0 0 0 0
0 0 1 0 0 0 0 0
0 1 0 0 0 0 0 0
0 0 1 0 0 0 0 0
0 1 0 0 0 0 0 0
0 0 0 0 1 0 0 0
0 0 0 0 1 0 0 0
0 0 1 0 0 0 0 0
0 0 0 0 0 0 0 1
1 0 0 0 0 0 0 0
1 0 0 0 0 0 0 0
1 0 0 0 0 0 0 0
0 0 0 0 0 1 0 0
0 0 0 0 0 0 0 1
0 1 0 0 0 0 0 0
0 1 0 0 0 0 0 0
1 0 0 0 0 0 0 0
0 0 1 0 0 0 0 0
0 0 0 0 1 0 0 0
0 0 0 1 0 0 0 0
0 1 0 0 0 0 0 0
0 0 1 0 0 0 0 0
0 0 0 1 0 0 0 0
0 0 0 0 0 1 0 0
0 1 0 0 0 0 0 0
0 0 0 0 0 1 0 0
0 0 1 0 0 0 0 0
0 0 1 0 0 0 0 0
0 0 0 0 1 0 0 0
0 0 0 0 0 0 0 1
0 0 1 0 0 0 0 0
0 0 0 0 0 0 0 1
1 0 0 0 0 0 0 0
0 0 0 0 1 0 0 0
1 0 0 0 0 0 0 0
0 0 0 0 0 1 0 0
0 0 0 0 0 0 1 0
0 0 0 0 0 0 1 0
0 0 1 0 0 0 0 0
0 0 1 0 0 0 0 0
0 0 0 0 1 0 0 0
0 0 0 0 1 0 0 0
0 0 0 0 0 1 0 0
0 0 0 0 0 0 1 0
0 0 0 1 0 0 0 0
0 0 0 0 0 0 0 1
0 1 0 0 0 0 0 0
0 0 0 0 0 1 0 0
0 0 0 0 1 0 0 0
0 1 0 0 0 0 0 0
0 0 0 0 0 0 0 1
0 0 0 0 1 0 0 0
0 0 0 0 0 0 0 1
0 0 0 0 0 0 0 1
0 0 0 0 0 0 1 0
0 1 0 0 0 0 0 0
0 0 0 0 1 0 0 0
0 0 0 0 1 0 0 0
0 0 0 0 0 0 1 0
0 0 0 1 0 0 0 0
0 1 0 0 0 0 0 0
1 0 0 0 0 0 0 0
0 0 1 0 0 0 0 0
0 1 0 0 0 0 0 0
0 0 0 1 0 0 0 0
0 0 0 0 0 1 0 0
0 0 0 0 0 0 1 0
0 0 0 0 0 0 1 0
0 0 0 0 1 0 0 0
0 0 0 0 1 0 0 0
0 0 0 0 0 0 0 1
1 0 0 0 0 0 0 0
0 0 0 0 0 1 0 0
0 0 0 0 0 1 0 0
0 0 0 1 0 0 0 0
0 0 0 0 1 0 0 0
0 0 0 0 0 1 0 0
0 0 0 0 0 0 1 0
0 1 0 0 0 0 0 0
0 0 0 0 0 1 0 0
0 0 0 0 1 0 0 0
0 1 0 0 0 0 0 0
0 0 0 0 0 0 0 1
0 0 0 0 0 1 0 0
0 0 0 0 0 0 1 0
0 0 0 0 1 0 0 0
0 0 0 0 0 0 1 0
0 0 0 0 0 1 0 0
0 0 0 0 0 1 0 0
1 0 0 0 0 0 0 0
0 0 0 0 0 0 1 0
1 0 0 0 0 0 0 0
0 0 0 0 0 1 0 0
0 0 0 1 0 0 0 0
0 0 0 0 0 1 0 0
0 0 0 0 0 0 0 1
0 0 0 0 0 0 1 0
0 1 0 0 0 0 0 0
0 0 0 1 0 0 0 0
0 0 0 1 0 0 0 0
0 1 0 0 0 0 0 0
0 1 0 0 0 0 0 0
0 0 0 0 0 1 0 0
0 0 0 0 0 0 0 1
0 0 0 0 0 0 1 0
0 0 0 0 0 0 0 1
0 1 0 0 0 0 0 0
0 0 0 1 0 0 0 0
0 0 1 0 0 0 0 0
0 0 0 1 0 0 0 0
0 0 1 0 0 0 0 0
0 0 1 0 0 0 0 0
0 0 0 0 0 1 0 0
0 0 0 0 1 0 0 0
0 0 1 0 0 0 0 0
0 0 1 0 0 0 0 0
0 0 0 0 0 1 0 0
0 0 1 0 0 0 0 0
0 0 0 1 0 0 0 0
0 0 0 0 0 0 1 0
0 0 0 0 0 0 1 0
0 1 0 0 0 0 0 0
0 0 0 0 0 0 0 1
1 0 0 0 0 0 0 0
0 0 0 0 0 0 1 0
0 0 0 0 1 0 0 0
0 0 1 0 0 0 0 0
0 0 1 0 0 0 0 0
0 0 0 0 0 1 0 0
0 0 0 0 0 0 0 1
0 0 0 0 0 1 0 0
0 1 0 0 0 0 0 0
0 0 0 0 0 0 0 1
0 0 0 1 0 0 0 0
1 0 0 0 0 0 0 0
0 0 1 0 0 0 0 0
0 0 1 0 0 0 0 0
0 0 0 1 0 0 0 0
0 0 0 0 0 0 0 1
1 0 0 0 0 0 0 0
0 0 0 1 0 0 0 0
0 0 0 0 1 0 0 0
0 0 0 0 0 0 1 0
0 0 0 0 1 0 0 0
0 0 0 0 0 0 1 0
0 0 0 0 0 1 0 0
0 0 0 1 0 0 0 0
0 0 0 0 1 0 0 0
0 1 0 0 0 0 0 0
0 0 0 1 0 0 0 0
0 0 1 0 0 0 0 0
0 0 1 0 0 0 0 0
0 0 1 0 0 0 0 0
0 0 0 0 0 0 0 1
0 0 0 0 0 0 0 1
0 1 0 0 0 0 0 0
0 0 0 0 0 0 0 1
0 0 0 0 0 1 0 0
0 1 0 0 0 0 0 0
0 0 0 1 0 0 0 0
0 0 0 0 1 0 0 0
0 0 1 0 0 0 0 0
0 0 0 0 0 0 1 0
0 0 1 0 0 0 0 0
0 0 0 0 1 0 0 0
0 0 0 0 0 0 0 1
1 0 0 0 0 0 0 0
0 0 0 0 0 1 0 0
0 0 0 0 1 0 0 0
0 0 1 0 0 0 0 0
0 0 0 0 1 0 0 0
0 1 0 0 0 0 0 0
0 0 0 0 0 0 0 1
0 1 0 0 0 0 0 0
0 0 1 0 0 0 0 0
0 0 0 0 0 0 0 1
0 0 1 0 0 0 0 0
1 0 0 0 0 0 0 0
0 0 0 1 0 0 0 0
0 0 0 1 0 0 0 0
0 0 0 0 1 0 0 0
0 0 1 0 0 0 0 0
0 0 1 0 0 0 0 0
0 0 0 0 0 0 0 1
0 0 0 0 0 0 1 0
1 0 0 0 0 0 0 0
0 0 0 1 0 0 0 0
0 0 0 0 0 0 0 1
0 0 0 0 0 0 1 0
0 0 0 0 0 0 0 1
0 0 1 0 0 0 0 0
0 0 0 1 0 0 0 0
1 0 0 0 0 0 0 0
0 0 0 0 0 0 0 1
0 0 0 0 0 0 0 1
0 1 0 0 0 0 0 0
0 1 0 0 0 0 0 0
1 0 0 0 0 0 0 0
0 0 0 0 0 0 1 0
1 0 0 0 0 0 0 0
0 0 0 0 0 0 1 0
0 0 0 0 0 0 0 1
0 0 1 0 0 0 0 0
0 1 0 0 0 0 0 0
0 0 0 0 0 0 0 1
0 0 0 0 0 0 1 0
0 0 0 0 0 1 0 0
0 0 1 0 0 0 0 0
0 1 0 0 0 0 0 0
0 1 0 0 0 0 0 0
1 0 0 0 0 0 0 0
0 0 0 0 0 0 1 0
0 0 0 0 1 0 0 0
0 0 0 0 0 1 0 0
0 0 0 0 0 1 0 0
0 0 0 0 0 0 0 1
0 0 0 0 0 1 0 0
0 0 0 0 1 0 0 0
0 0 0 0 1 0 0 0
0 0 0 0 0 0 1 0
0 0 0 0 0 1 0 0
0 0 0 0 0 1 0 0
0 0 0 0 0 1 0 0
0 0 0 0 1 0 0 0
0 0 1 0 0 0 0 0
0 0 0 0 0 0 0 1
0 0 1 0 0 0 0 0
1 0 0 0 0 0 0 0
0 0 1 0 0 0 0 0
1 0 0 0 0 0 0 0
0 0 1 0 0 0 0 0
0 0 0 1 0 0 0 0
1 0 0 0 0 0 0 0
0 0 1 0 0 0 0 0
1 0 0 0 0 0 0 0
0 0 1 0 0 0 0 0
0 0 0 0 0 1 0 0
0 0 0 0 0 0 0 1
0 0 0 1 0 0 0 0
0 0 0 1 0 0 0 0
0 0 0 0 0 1 0 0
0 0 0 1 0 0 0 0
0 0 0 0 0 0 1 0
1 0 0 0 0 0 0 0
0 0 0 0 0 0 0 1
1 0 0 0 0 0 0 0
0 0 0 1 0 0 0 0
0 0 1 0 0 0 0 0
0 0 1 0 0 0 0 0
0 0 0 0 0 0 1 0
1 0 0 0 0 0 0 0
0 1 0 0 0 0 0 0
0 0 1 0 0 0 0 0
0 0 0 1 0 0 0 0
0 0 0 0 0 0 0 1
0 0 0 0 0 1 0 0
0 0 0 1 0 0 0 0
0 0 0 0 1 0 0 0
0 0 0 0 0 1 0 0
0 0 1 0 0 0 0 0

Capacidades:
49 26 25 39 24 0 44 30
47 32 0 36 41 30 0 57
43 24 0 31 55 41 34 54
0 25 31 29 53 53 44 36
24 59 33 45 46 56 0 0
26 40 49 22 52 56 45 38
32 54 31 58 20 34 0 40
23 41 28 55 29 29 0 53
38 22 42 52 48 23 43 21
0 33 22 54 27 31 51 47
