m: 500
n: 10
p: 7

Distancias:
1.48 9.65 3.65 8.99 7.09 2.54 7.96 3.24 1.59 7.63
6.79 4.18 1.96 2.19 9.74 2.03 1.54 9.52 9.39 5.13
9.66 7.85 9.35 9.65 9.77 8.98 8.72 7.84 8.80 4.95
9.92 5.50 7.03 6.41 7.32 7.04 1.10 6.03 9.20 1.58
4.18 5.81 7.12 3.77 9.32 5.86 4.10 8.01 6.54 1.79
9.44 9.14 8.75 1.45 5.17 6.48 8.87 1.47 9.60 3.80
2.41 4.42 2.81 7.08 9.77 4.40 8.39 4.59 3.34 7.42
6.35 6.21 5.37 8.93 5.20 7.19 4.90 6.21 5.60 7.00
7.84 4.10 4.86 3.47 6.98 6.73 8.46 1.63 3.60 3.72
7.43 7.72 8.17 1.17 5.51 1.46 8.56 9.19 7.08 9.49
2.72 3.24 9.48 9.70 7.02 3.61 3.94 6.12 7.00 5.61
1.40 3.24 6.33 6.20 6.19 3.53 6.64 2.70 6.43 7.28
4.54 6.79 6.86 3.86 3.99 3.65 6.77 4.06 1.73 2.31
2.67 7.76 7.36 7.75 1.24 6.74 4.44 8.13 7.58 3.52
4.60 1.13 3.75 6.46 2.57 8.32 4.24 9.57 6.94 8.49
1.67 1.45 2.44 5.45 1.75 7.95 3.08 7.10 9.33 4.71
1.27 8.51 4.94 1.48 3.15 6.06 9.73 4.50 7.56 9.14
7.18 4.17 4.30 5.10 6.08 5.35 9.27 1.80 5.84 6.60
2.49 2.63 1.74 9.96 1.08 5.24 8.93 7.39 1.24 6.06
9.62 2.77 1.28 4.50 5.60 3.11 7.26 8.64 7.03 1.27
1.67 5.23 8.82 5.20 4.89 2.75 5.62 8.11 8.70 6.72
1.38 7.91 2.90 4.11 8.42 2.15 3.17 8.43 9.41 2.11
2.37 5.70 8.71 3.73 9.07 8.57 2.23 4.36 6.78 1.41
4.85 3.62 8.10 1.55 5.30 5.52 2.42 6.80 3.33 5.80
3.56 4.56 9.85 9.41 2.61 5.73 8.04 5.30 4.15 3.27
9.68 1.63 8.98 9.52 2.59 2.19 2.46 8.36 1.71 8.75
7.08 2.97 9.92 8.90 9.87 7.18 9.49 2.10 2.22 8.31
5.39 4.57 3.93 4.08 5.93 7.32 9.19 1.26 3.76 3.61
4.01 5.24 5.35 6.76 2.33 9.99 7.41 9.60 5.65 1.74
3.22 9.11 1.14 5.35 3.37 5.12 1.68 1.04 4.11 6.66
2.96 6.58 1.54 1.21 9.73 3.11 2.50 1.06 7.50 2.78
3.23 1.06 1.18 3.83 2.76 9.84 3.59 8.99 3.26 6.33
7.44 8.82 1.09 8.68 7.61 4.17 1.20 8.69 5.22 6.21
1.37 2.69 3.13 6.88 1.81 2.72 6.77 7.97 2.08 8.62
7.74 3.35 9.31 5.28 4.48 8.62 5.87 4.39 5.17 1.76
7.23 4.44 7.47 7.06 6.44 2.23 2.93 4.24 3.03 3.31
2.48 4.76 9.37 9.43 7.07 1.74 3.13 3.09 3.40 4.95
7.70 8.57 3.75 3.87 4.75 5.43 6.31 1.03 6.21 6.21
3.04 7.77 9.05 1.88 2.65 6.54 8.78 6.25 8.79 3.88
2.85 7.80 7.65 8.63 8.31 8.43 7.29 6.05 3.68 5.84
6.24 6.63 2.33 8.98 5.12 3.05 9.58 7.44 8.08 6.19
4.11 3.46 3.97 1.50 9.74 4.30 7.94 1.66 9.64 5.05
8.43 5.20 2.47 6.71 3.44 4.27 7.18 6.13 9.65 7.22
9.03 3.65 3.70 2.40 4.67 9.27 2.24 1.28 4.74 4.40
9.63 3.44 3.55 1.63 3.08 3.11 2.93 8.19 6.84 5.64
3.39 6.14 3.53 2.59 8.10 3.73 2.80 3.62 1.71 9.19
5.16 4.20 4.10 3.85 1.22 7.11 3.03 9.76 3.65 9.84
1.18 2.35 8.68 2.39 6.70 8.38 6.53 9.06 7.40 8.18
8.47 5.86 3.37 3.67 4.94 6.66 4.81 7.05 8.39 7.95
7.54 5.57 2.62 2.10 4.67 7.79 5.07 7.34 9.81 9.34
6.01 1.01 8.14 4.10 9.80 8.12 8.96 4.37 4.13 1.04
4.11 5.06 7.48 7.30 8.76 2.87 5.21 7.48 6.93 4.93
3.69 5.10 1.56 7.18 4.25 5.65 9.16 5.15 3.42 8.83
1.77 7.08 4.02 5.70 5.16 8.44 4.40 7.35 6.18 4.78
2.99 1.37 5.32 9.38 6.69 2.96 6.74 1.57 5.26 2.12
1.08 4.10 3.16 4.06 8.08 1.07 7.26 3.82 3.56 7.57
9.88 6.54 9.01 2.19 8.41 5.16 1.65 7.86 8.54 6.24
2.99 8.60 4.61 9.38 2.90 6.37 1.12 6.32 5.18 7.32
2.34 6.08 1.53 2.87 1.47 3.40 2.17 3.70 2.48 6.18
7.55 2.79 3.80 7.36 7.61 4.54 7.42 3.65 6.05 9.73
8.82 6.78 3.82 7.93 5.20 8.51 6.71 1.67 4.34 1.51
3.11 6.81 6.77 5.11 2.27 1.37 3.17 3.02 9.25 5.91
3.21 3.36 7.50 5.59 8.78 3.19 2.08 8.59 4.16 4.19
9.78 6.04 6.99 6.76 7.27 5.02 3.03 6.37 6.11 6.95
5.40 7.90 8.69 5.95 6.23 5.73 4.64 3.50 4.61 3.69
8.99 8.68 5.36 3.22 4.44 3.99 3.06 7.13 4.29 1.92
5.12 8.87 1.12 5.72 5.53 3.76 9.74 3.62 3.11 1.05
3.00 8.53 4.00 9.92 1.08 7.48 4.62 1.30 1.41 9.25
9.42 2.41 8.55 8.07 9.45 2.38 7.32 3.39 9.37 4.56
8.44 4.28 3.51 8.09 7.50 3.29 7.40 7.21 3.24 9.44
1.55 1.77 1.43 4.09 7.99 8.35 2.90 8.30 4.74 2.44
7.49 6.76 5.06 2.46 6.89 4.76 8.87 7.07 3.24 4.86
2.13 5.39 3.78 5.64 3.29 8.99 8.69 8.85 7.91 1.19
5.36 6.26 4.88 9.50 1.67 2.56 6.99 9.08 2.57 7.61
6.82 9.97 2.31 7.61 9.55 5.01 9.68 5.19 1.48 9.06
5.76 4.68 9.03 8.53 8.01 4.40 2.51 4.51 6.64 3.33
6.01 5.73 6.30 1.18 1.59 3.01 4.49 9.69 2.52 5.20
6.87 6.88 9.39 2.00 7.08 2.38 8.68 2.91 2.52 3.84
5.64 8.17 1.64 1.55 6.44 6.29 4.25 1.69 1.13 2.53
8.98 8.11 5.11 5.91 2.38 6.31 3.12 2.28 8.53 6.21
2.85 7.31 1.91 8.90 5.45 9.23 2.43 5.36 7.07 5.15
5.65 3.37 9.91 8.97 9.37 2.69 8.48 2.48 9.08 4.75
4.05 7.35 4.17 5.13 3.64 4.26 7.52 7.29 3.16 8.79
8.31 8.29 2.97 3.82 2.00 2.45 8.67 7.97 1.94 5.08
9.41 9.68 6.13 6.66 9.60 9.03 6.94 3.78 5.44 5.90
3.88 6.73 8.27 3.68 6.46 2.16 9.08 6.50 4.83 8.10
6.64 5.39 5.10 9.90 9.66 2.19 3.89 6.95 7.78 6.67
9.31 5.71 1.17 1.61 3.23 2.45 9.06 3.09 6.81 1.12
3.40 5.46 6.08 8.02 9.20 3.97 7.84 5.88 3.43 5.92
5.13 1.89 9.51 8.94 4.68 8.00 5.82 7.97 9.67 4.67
4.61 8.59 3.22 5.39 4.81 3.96 8.88 6.52 7.06 2.13
9.13 6.86 2.34 1.19 6.97 3.82 3.14 2.18 6.51 6.86
5.94 6.96 2.33 2.86 1.53 2.42 5.18 8.14 5.45 9.07
8.54 5.50 8.87 7.30 1.19 2.48 2.58 4.43 3.15 7.40
7.03 1.58 7.67 4.12 6.85 5.02 7.44 1.80 9.50 7.38
4.18 6.60 8.70 4.85 6.34 5.52 4.25 7.42 7.47 7.21
3.40 8.26 6.06 4.94 3.39 5.68 6.41 9.56 8.65 7.45
6.64 2.29 5.91 9.30 8.82 2.34 5.50 2.13 3.20 1.39
5.44 4.52 7.49 4.25 7.66 2.25 5.44 3.07 6.41 4.32
1.00 4.83 1.66 9.43 4.76 4.51 8.74 1.84 8.44 2.87
2.54 5.57 9.76 1.20 8.14 9.78 8.63 8.32 4.07 1.39
2.48 7.02 9.16 8.65 8.19 1.41 3.02 2.80 3.49 3.46
6.06 7.28 8.50 7.68 6.77 9.95 5.46 2.61 5.01 8.43
7.29 5.27 3.03 4.34 5.09 8.26 5.07 6.61 7.28 6.81
6.06 1.80 5.52 7.14 2.81 6.87 5.21 8.65 5.59 1.66
5.16 7.75 1.13 6.03 1.90 7.17 6.10 9.24 2.35 3.26
3.50 5.28 6.09 7.77 2.92 7.90 6.30 9.35 4.44 5.32
9.08 9.86 5.72 2.65 8.02 6.77 4.48 4.93 5.53 6.56
7.03 1.68 3.07 4.26 7.58 6.61 1.17 6.45 2.25 1.17
1.97 2.40 5.99 6.54 5.05 2.72 3.39 5.10 9.55 4.56
3.58 6.14 3.36 5.37 9.46 7.22 7.67 9.21 2.97 3.39
4.74 7.51 2.55 7.47 1.93 1.55 5.02 3.76 2.70 7.51
4.24 9.02 7.06 8.55 2.50 1.96 1.49 2.58 6.43 6.25
2.24 7.79 2.19 3.11 7.03 4.53 3.00 4.71 6.98 2.49
2.03 1.80 8.43 3.55 9.34 6.70 7.10 4.53 9.28 3.86
9.00 8.20 4.07 4.87 8.83 1.96 7.43 9.09 2.98 6.63
4.57 5.99 2.87 9.02 5.50 1.84 2.91 3.00 8.53 7.02
3.35 4.51 6.37 3.43 7.25 6.87 6.86 2.46 3.06 5.77
6.40 1.47 4.49 2.53 6.30 1.80 7.45 5.83 5.18 5.96
8.58 1.14 2.39 4.24 2.95 2.38 8.62 3.74 7.38 6.87
9.95 7.56 6.85 3.98 7.48 7.29 4.05 6.71 6.72 7.48
3.39 2.34 6.84 8.41 4.52 9.21 6.27 8.87 3.64 7.46
1.99 3.80 5.78 9.19 5.11 7.51 1.93 6.47 5.00 5.82
4.39 2.30 3.21 9.42 8.79 5.34 1.57 4.66 5.89 3.23
3.61 2.41 2.02 1.74 9.36 2.23 2.45 8.62 5.00 9.16
6.12 7.55 9.39 1.90 8.61 3.34 5.85 6.26 6.48 2.47
1.61 1.74 8.33 8.81 2.73 1.10 2.09 4.47 8.26 9.50
3.71 5.53 1.93 8.91 6.49 9.17 2.28 1.80 3.67 7.47
9.04 4.10 8.49 3.06 7.74 4.25 1.20 4.94 8.87 6.95
1.64 9.66 6.21 2.18 6.02 7.21 4.78 1.51 9.77 5.81
7.21 9.38 3.12 5.75 7.13 2.07 3.48 1.31 8.60 4.90
1.80 7.85 1.51 3.80 8.54 4.52 2.24 1.37 9.75 2.24
7.61 9.08 6.88 1.60 9.90 2.72 3.83 2.16 8.77 8.00
3.79 5.65 7.80 1.15 6.34 1.57 2.78 2.26 3.33 3.28
9.69 5.25 6.18 9.40 5.19 4.70 6.76 2.18 8.14 3.91
2.06 1.68 3.50 4.93 7.72 4.96 5.74 9.91 2.39 4.26
7.04 2.18 1.07 6.05 1.92 8.50 9.53 9.68 4.70 2.07
6.53 3.26 4.38 3.60 8.17 5.96 4.97 3.74 8.57 7.87
9.27 3.54 7.45 9.38 6.14 3.72 8.94 5.65 5.81 6.03
1.54 6.56 2.15 2.44 8.76 5.95 7.42 3.83 4.26 1.78
4.13 3.49 3.56 3.79 1.64 3.27 8.59 3.44 1.57 8.34
9.54 4.63 2.73 6.38 1.89 6.25 3.37 9.66 6.21 6.68
2.63 3.52 7.08 5.15 4.98 4.60 9.76 6.70 3.69 3.87
9.36 9.29 8.14 4.27 9.83 2.56 8.09 3.47 3.87 3.62
6.51 3.21 8.34 3.20 1.61 7.23 6.44 1.05 7.63 6.24
1.61 8.45 6.68 3.94 1.38 1.31 5.62 1.07 2.93 9.13
7.84 4.63 6.01 9.84 1.26 1.02 8.40 3.43 7.03 6.45
9.56 8.58 4.90 8.10 6.95 2.18 3.75 3.87 4.19 8.63
7.21 7.82 1.75 7.50 2.86 6.15 6.64 3.35 5.52 2.20
8.47 3.61 5.29 5.52 8.23 5.28 3.24 6.38 9.24 1.66
7.62 8.76 9.75 3.51 8.47 1.02 1.60 4.27 8.61 8.53
6.75 8.03 1.57 1.50 5.00 3.70 1.52 6.07 9.25 3.30
1.14 6.63 3.04 4.91 2.23 2.13 4.37 8.45 1.23 2.67
8.74 2.08 6.48 7.53 9.77 2.59 1.66 9.41 2.31 7.36
6.99 1.61 8.58 7.50 6.92 4.17 7.17 1.92 9.94 9.37
6.78 1.18 4.22 7.28 8.95 4.03 4.41 4.22 9.83 3.69
5.54 9.86 8.09 9.92 8.75 9.42 4.55 8.24 2.25 1.66
5.99 7.92 3.52 1.96 8.15 4.81 4.27 3.76 6.99 8.65
3.27 1.52 9.38 9.36 2.73 3.71 9.69 9.76 6.64 3.13
7.03 7.25 3.02 9.50 8.71 7.70 1.86 4.90 5.81 8.33
7.65 2.10 4.80 8.40 7.74 7.73 8.41 3.44 3.17 3.98
7.76 5.78 5.01 7.84 4.78 6.46 9.05 2.36 5.94 8.12
6.13 2.79 2.66 1.25 7.44 4.94 8.45 5.96 4.86 5.23
7.17 4.61 8.80 9.59 3.30 9.18 8.13 8.60 2.54 9.29
7.12 1.31 5.28 6.65 9.65 5.36 1.94 7.97 3.33 1.63
6.86 5.17 4.69 5.30 1.14 4.59 4.28 1.70 8.41 8.72
4.64 4.67 1.55 6.29 7.92 6.06 8.94 2.28 2.48 9.36
3.87 1.68 3.55 3.02 1.78 1.75 1.08 5.10 4.20 1.64
8.34 9.77 2.50 4.27 7.16 3.40 2.68 9.70 1.88 5.06
8.14 8.52 7.88 8.49 2.54 1.58 9.61 4.07 3.08 6.54
1.85 6.85 8.81 3.39 3.41 8.51 7.80 4.31 4.06 1.43
4.60 1.78 8.34 7.04 9.38 4.83 6.20 3.35 7.43 9.57
8.17 8.57 7.92 7.25 6.49 7.61 6.86 4.77 8.95 4.31
1.14 1.05 3.31 3.01 6.49 2.68 8.43 5.15 5.04 2.45
1.78 7.95 2.13 9.69 3.12 5.22 6.84 1.83 7.89 4.36
4.19 5.90 5.44 7.21 2.02 7.19 7.34 9.91 9.12 1.16
1.78 8.39 7.33 2.91 1.04 4.05 7.24 5.32 5.53 8.29
7.78 5.54 3.40 4.72 1.26 6.91 8.30 2.53 9.94 3.19
1.76 2.73 8.56 1.51 6.11 4.03 2.13 2.82 1.07 9.20
8.40 8.17 9.96 3.34 3.03 5.93 3.23 8.54 5.28 4.43
2.45 9.65 8.42 3.45 7.08 1.64 6.57 4.42 6.56 5.18
1.81 9.93 5.40 9.92 3.70 6.40 9.90 4.66 9.57 3.85
9.51 9.19 3.73 6.14 1.93 2.53 7.08 6.90 3.75 8.02
5.25 4.38 8.57 6.91 6.43 2.93 5.59 7.97 5.34 3.53
3.06 6.09 1.14 8.53 3.09 1.61 9.83 5.09 7.62 5.72
7.50 1.84 3.92 5.65 2.06 1.25 7.09 9.09 6.37 6.09
3.21 1.32 2.44 7.90 3.76 7.89 7.32 4.65 5.17 6.41
7.07 7.39 6.21 8.30 1.85 3.85 3.29 1.77 6.08 4.07
7.84 3.03 5.34 4.19 3.11 2.74 4.97 2.32 7.58 6.80
7.71 4.88 7.98 9.79 9.32 6.80 2.61 8.24 5.69 3.23
8.41 7.16 7.48 8.36 8.91 1.19 2.07 5.86 9.70 3.17
4.44 8.15 1.31 8.70 7.57 6.33 6.88 5.39 2.16 5.44
4.42 8.92 1.46 4.05 4.40 6.08 3.06 9.04 3.41 5.24
2.17 9.19 2.59 5.45 6.80 3.29 7.37 3.49 3.77 3.82
5.03 9.23 6.24 6.96 7.08 7.08 7.19 8.66 7.68 6.07
5.44 1.07 7.84 7.89 5.86 5.08 4.06 8.32 6.84 5.47
1.53 3.96 2.83 6.00 9.76 1.75 5.88 2.77 2.58 3.65
5.91 1.59 3.27 3.07 1.54 5.73 4.36 9.70 8.00 5.81
1.08 3.22 6.37 6.52 6.29 8.50 4.35 8.83 8.12 1.96
6.15 7.59 9.74 4.82 3.54 8.35 1.36 2.88 2.40 3.58
3.03 2.01 9.02 3.62 2.88 4.76 6.82 4.26 4.59 6.58
9.46 5.55 2.28 9.75 6.54 4.30 1.82 7.18 9.92 1.18
5.97 2.97 7.02 2.92 5.27 1.88 8.60 4.78 4.39 3.03
5.94 9.75 7.42 4.93 3.96 2.88 6.01 6.68 5.51 2.57
1.57 3.24 6.32 1.05 5.18 1.83 4.37 7.87 7.32 4.13
2.68 2.25 8.22 4.76 2.50 3.12 6.00 9.79 4.43 1.93
6.90 8.79 4.01 8.44 3.45 3.72 1.25 4.05 5.67 4.86
2.64 9.98 7.95 5.00 1.72 6.17 6.04 7.75 8.01 3.06
2.01 1.64 5.81 8.25 5.07 2.14 7.81 5.82 2.44 5.77
6.50 8.80 4.17 2.77 1.43 2.24 5.39 2.20 7.18 8.98
6.12 6.23 1.27 8.30 2.90 7.21 7.79 6.01 4.31 7.32
1.16 4.20 3.32 6.31 2.21 9.23 2.10 2.77 5.82 8.04
7.82 4.38 4.41 2.73 1.72 9.95 1.45 5.57 1.52 4.79
3.02 8.87 5.09 4.09 2.68 6.27 7.75 5.48 4.08 1.17
7.31 3.43 5.41 5.13 2.64 6.03 7.48 2.78 1.98 8.20
1.42 4.89 4.23 9.80 3.51 7.84 7.00 9.70 8.35 8.28
4.69 5.53 4.02 7.88 5.03 2.50 1.03 7.12 5.78 3.12
3.51 3.89 4.27 1.63 5.18 7.52 9.75 8.45 3.74 5.08
6.82 5.94 5.60 1.68 8.17 8.23 9.29 2.67 1.46 4.99
6.13 6.80 7.86 3.17 5.52 7.57 4.10 1.83 5.69 1.48
9.55 8.38 4.75 3.63 7.31 1.25 8.61 4.84 7.67 3.15
8.04 5.15 2.36 7.59 7.73 1.29 8.85 6.89 2.25 3.72
1.08 7.06 5.39 9.59 7.24 3.37 3.86 7.14 7.61 8.41
8.90 8.39 7.29 3.53 3.23 9.29 2.96 5.19 1.07 2.29
6.21 3.75 1.61 9.15 9.58 3.80 9.35 4.18 9.17 6.16
9.27 9.61 9.65 5.77 8.08 9.63 7.84 1.91 2.49 2.44
7.22 1.43 5.24 6.78 4.92 1.54 6.27 7.09 4.10 6.32
4.84 7.13 9.19 4.63 1.18 9.54 6.64 3.34 1.33 2.25
7.98 1.33 1.92 6.74 3.47 7.32 2.80 7.70 8.46 6.72
9.51 3.58 1.51 8.77 1.12 2.44 8.27 8.69 3.16 7.65
1.61 3.82 1.47 1.56 7.21 6.46 4.53 2.06 3.33 4.65
8.35 8.29 5.98 6.84 1.32 2.14 6.51 5.39 1.27 9.22
7.63 3.03 2.90 4.41 6.22 7.93 1.87 9.80 8.09 7.90
4.38 2.05 8.35 6.67 9.84 3.86 7.87 4.47 2.20 7.24
7.72 8.70 8.77 2.08 3.87 2.88 8.56 9.73 3.37 5.16
6.49 5.94 5.04 4.99 7.10 8.42 9.77 7.55 3.83 2.56
4.86 4.24 4.10 4.23 4.81 4.24 8.40 7.32 8.02 1.88
3.01 6.95 5.12 6.75 3.18 6.66 6.30 3.59 8.45 6.85
2.78 7.92 1.06 6.33 4.78 1.15 4.77 2.13 9.28 4.08
2.44 9.42 4.24 2.25 7.18 6.06 7.92 5.47 8.71 3.74
2.89 6.05 4.48 9.24 4.24 9.77 4.51 7.64 7.53 5.94
4.90 2.40 6.75 5.85 4.19 5.77 8.09 1.91 2.93 3.63
8.67 6.50 8.59 5.88 6.65 6.86 7.58 8.86 7.17 7.05
6.58 2.23 2.90 6.01 4.23 1.11 5.15 3.44 9.31 3.08
2.88 3.93 5.95 5.42 7.52 8.75 6.02 6.45 7.35 9.63
6.81 2.88 5.58 4.00 3.70 2.94 6.26 9.08 4.81 6.86
4.83 1.85 3.79 5.73 5.40 1.38 7.96 4.82 9.98 3.02
1.18 9.45 3.57 2.48 3.44 5.06 5.43 5.99 3.96 8.71
5.78 6.32 4.60 9.41 3.03 3.94 9.60 9.03 1.80 6.83
9.38 6.81 4.85 8.17 4.80 7.18 9.39 5.56 7.47 4.87
2.89 2.28 7.98 5.48 8.94 8.35 5.82 7.95 2.70 8.39
6.84 9.86 8.02 8.63 1.83 9.49 6.45 4.34 8.39 1.45
6.53 2.27 2.83 8.45 2.44 4.75 1.45 7.18 2.32 6.20
8.46 2.06 2.56 6.47 2.23 7.50 2.03 9.07 9.01 7.04
1.59 4.23 2.58 3.58 7.21 3.61 4.57 4.58 7.38 8.16
8.07 7.95 7.77 7.45 3.21 5.15 2.03 9.46 3.00 4.73
2.76 1.59 3.44 5.08 6.54 3.79 9.44 7.88 2.29 8.87
4.89 7.68 4.65 7.31 1.19 4.23 9.77 9.71 8.79 9.34
6.40 5.21 5.77 7.43 2.05 3.40 7.03 6.50 3.02 6.85
6.32 7.85 4.27 5.20 6.31 4.49 2.94 2.22 1.39 3.98
3.83 9.63 8.61 4.21 2.15 3.28 6.97 6.13 8.94 9.38
7.41 7.80 2.74 8.41 5.51 8.35 3.85 8.81 7.97 1.25
4.71 5.46 6.64 8.86 3.89 9.03 1.38 4.73 3.99 9.02
2.01 1.42 3.55 7.98 1.76 3.84 8.04 4.89 3.52 5.85
8.13 6.37 7.21 9.30 1.30 8.17 5.57 3.24 7.68 4.79
3.49 2.51 4.74 8.66 6.19 5.38 9.69 4.87 9.02 7.29
9.65 4.76 3.14 3.86 6.56 3.78 3.19 7.77 9.69 9.72
4.38 5.39 4.44 5.19 6.43 7.73 1.83 4.62 2.11 4.70
9.64 6.63 5.21 6.35 4.77 4.68 2.29 6.62 1.26 1.63
9.81 2.58 2.56 4.99 7.50 6.75 4.50 8.63 1.17 9.20
4.39 9.23 1.98 1.56 2.00 2.21 2.79 8.11 5.12 1.93
1.45 7.42 5.23 4.77 4.97 3.74 7.70 7.50 9.19 9.73
4.15 5.24 8.29 6.28 4.50 7.38 4.40 3.65 1.86 1.66
9.79 5.88 7.10 9.77 1.30 2.88 1.76 6.13 5.18 5.82
8.34 4.11 3.77 5.94 4.29 6.94 2.05 8.41 4.88 2.03
6.84 6.59 8.82 9.19 7.76 9.57 8.56 2.75 3.69 9.84
4.37 3.42 8.54 4.71 7.26 2.17 2.04 9.40 1.58 3.19
9.53 1.53 8.15 2.15 9.34 6.88 3.61 1.83 5.93 4.11
5.78 8.07 1.62 7.62 4.88 2.30 8.75 8.46 4.79 9.69
1.57 6.55 5.03 6.89 2.10 2.61 6.13 9.00 6.73 3.73
9.29 3.16 5.75 3.69 2.44 3.00 6.21 6.87 3.05 8.90
2.29 4.42 6.20 4.10 2.62 9.32 9.01 4.42 3.07 7.02
9.73 1.10 4.55 6.63 5.45 2.09 1.55 5.97 3.36 4.82
1.98 3.31 4.30 2.61 8.44 6.82 5.92 8.43 1.87 4.84
9.15 5.68 6.18 6.56 3.73 1.08 8.24 3.52 9.59 3.20
4.51 4.06 9.22 4.47 8.91 8.82 9.48 2.52 2.73 1.56
6.37 7.40 7.24 9.28 5.84 6.79 9.42 1.98 3.18 4.38
1.53 8.12 7.24 2.40 1.92 8.77 6.18 6.00 5.95 8.04
4.54 4.23 9.17 9.54 6.13 5.56 3.01 3.87 2.48 6.06
7.26 4.55 8.96 7.92 2.74 9.06 1.89 5.36 7.25 5.69
8.12 4.65 7.87 8.47 4.69 9.37 6.64 3.84 8.96 5.40
3.00 2.41 1.09 6.34 4.14 8.06 3.74 3.61 3.04 9.41
9.62 1.71 3.95 4.02 1.55 9.42 1.57 1.42 7.42 6.88
5.25 3.73 9.14 8.61 6.91 2.07 1.35 7.56 7.62 2.27
7.24 2.39 8.56 1.48 1.62 5.97 3.40 3.20 3.07 9.86
2.13 1.91 5.58 6.02 3.20 1.17 3.45 1.50 2.54 1.41
6.77 7.36 5.19 7.70 6.87 5.46 5.61 7.72 1.64 5.88
8.83 6.83 8.16 9.47 5.49 4.46 1.79 6.74 5.51 9.65
1.74 4.35 9.36 1.30 7.29 1.91 1.46 7.01 9.92 1.93
7.93 1.91 9.53 7.27 6.64 1.12 3.98 9.04 9.83 1.88
3.57 1.09 8.09 7.06 5.12 3.89 3.17 4.25 9.19 8.45
9.51 9.40 2.29 3.54 5.17 1.16 5.98 7.12 6.95 1.89
8.08 4.49 4.33 4.05 8.31 2.75 1.76 6.35 8.55 2.50
3.69 5.95 2.94 7.07 5.90 8.92 7.45 3.48 4.65 7.85
2.55 2.36 9.24 7.17 5.48 9.29 2.56 3.15 8.11 5.33
2.60 7.98 3.07 6.61 4.68 9.56 2.92 6.44 2.35 3.92
7.86 7.82 9.54 3.96 9.34 7.13 7.90 3.19 2.05 7.68
3.21 6.71 1.22 5.08 3.14 8.07 3.26 2.88 3.91 6.64
5.70 5.47 2.82 8.62 9.36 5.23 2.04 6.08 4.10 4.62
7.48 5.35 4.28 6.16 1.14 9.31 4.12 3.03 7.26 8.82
7.86 8.80 9.87 2.17 8.41 9.18 1.05 2.00 5.08 1.67
7.94 5.33 6.85 6.77 4.95 3.51 3.88 7.17 1.44 8.57
4.20 9.98 5.45 4.01 2.61 4.68 1.21 9.82 8.38 1.98
8.86 9.73 3.87 7.54 8.81 4.16 3.69 3.99 6.00 4.21
8.99 1.17 9.21 6.82 9.39 5.40 3.58 8.23 7.76 9.66
8.76 7.84 9.48 2.37 7.11 9.46 4.30 7.17 8.93 9.97
3.52 8.64 1.72 7.33 4.26 3.75 1.62 6.36 6.59 1.74
5.81 9.42 1.66 5.09 2.20 5.42 1.30 7.93 7.68 2.58
7.62 6.19 6.93 6.70 5.83 1.10 7.75 3.90 9.79 1.05
6.00 4.21 7.68 9.10 6.50 6.76 9.19 3.35 5.87 5.05
2.12 2.19 7.64 1.16 1.59 5.11 9.89 3.93 4.82 3.34
7.25 4.17 7.15 2.50 1.70 4.73 6.09 3.18 3.56 9.29
8.70 4.45 5.68 1.09 8.72 5.10 2.07 1.21 3.85 7.36
3.76 5.63 5.24 6.42 9.51 1.53 3.19 6.47 4.38 8.01
9.89 5.99 8.64 3.21 1.17 6.59 8.06 5.83 8.95 8.99
8.92 7.65 6.76 3.00 5.17 2.79 4.36 9.88 4.17 8.99
1.42 6.57 2.50 2.17 8.02 1.44 7.04 4.65 2.86 4.81
3.47 3.36 1.49 3.76 6.80 4.53 9.90 9.85 6.12 6.18
7.76 7.28 8.28 1.74 6.83 6.35 7.31 2.14 9.33 6.63
4.07 1.62 5.95 4.22 2.15 7.18 4.23 7.77 5.08 5.09
9.67 8.71 7.24 3.02 3.22 6.11 9.04 1.37 5.28 9.60
5.46 6.92 5.23 4.78 6.09 6.93 1.76 7.30 7.17 2.69
8.94 7.63 8.66 7.28 7.90 6.25 6.94 8.82 6.31 3.14
2.00 6.52 8.08 4.11 2.48 2.01 6.92 3.24 3.79 5.48
7.87 4.15 5.37 7.80 6.08 7.56 4.29 6.92 8.09 6.37
9.61 3.36 8.41 5.53 7.31 2.40 5.81 4.40 7.92 5.17
6.92 3.93 7.49 2.74 8.81 5.53 5.17 9.53 6.25 7.46
8.77 6.46 2.19 5.00 6.69 3.33 9.89 7.79 4.28 9.36
3.34 7.78 8.52 1.03 5.41 9.13 1.09 7.45 4.61 1.81
1.60 2.53 2.65 2.85 8.09 4.11 3.80 6.29 6.39 4.47
4.16 5.24 4.36 6.92 6.42 3.81 9.62 3.48 3.32 2.19
6.74 4.92 1.85 6.60 9.55 6.27 8.35 2.46 7.26 3.80
2.88 1.19 9.29 8.89 1.38 7.55 8.48 2.72 8.16 1.90
1.79 2.17 9.18 6.55 8.90 8.10 8.18 3.63 6.74 1.92
4.49 4.64 2.63 7.82 9.08 9.51 3.82 2.67 1.71 9.98
5.36 9.39 8.89 7.63 2.99 4.81 6.12 3.62 6.01 2.25
6.02 2.70 2.31 6.86 2.49 9.13 2.03 8.08 5.10 3.83
5.48 8.10 7.81 2.54 3.69 5.32 5.95 1.30 1.29 3.79
1.62 7.21 7.67 8.47 7.29 8.97 2.71 7.04 5.27 2.81
3.71 2.83 7.12 3.92 2.97 1.37 7.70 1.48 1.79 8.62
9.41 4.32 2.11 3.54 2.40 7.72 4.77 3.70 7.46 4.04
2.87 1.74 8.93 8.19 9.11 5.39 6.66 8.83 4.64 9.09
2.28 5.59 1.13 4.81 9.45 1.34 3.20 9.76 2.29 9.43
3.63 4.58 3.03 7.42 8.35 5.93 6.59 4.78 4.46 9.21
8.59 2.36 8.28 7.06 6.53 8.40 9.94 1.89 2.14 1.30
5.21 8.53 5.21 7.88 4.35 5.87 3.24 4.34 4.85 9.25
5.42 2.78 3.41 9.90 6.82 3.11 7.20 9.91 3.38 1.48
2.23 9.08 2.16 9.31 7.69 9.89 4.69 8.53 6.27 2.16
6.39 3.94 6.34 4.60 8.92 9.68 5.94 5.56 2.33 3.90
8.50 7.45 3.49 6.17 5.62 2.83 4.10 1.66 8.38 1.33
4.28 2.17 8.13 1.34 7.31 4.49 2.81 1.59 9.65 1.57
9.30 6.03 7.11 2.36 4.39 4.37 8.46 2.92 9.97 2.17
1.49 3.04 5.69 5.13 2.22 4.67 4.66 4.97 8.12 3.67
9.37 7.90 1.33 7.47 2.99 8.18 1.91 2.26 9.06 6.63
2.43 1.09 2.05 5.18 6.38 8.78 6.67 1.46 5.03 2.84
5.84 9.54 3.69 9.26 9.43 7.78 1.97 9.01 5.51 7.13
1.35 5.56 4.91 3.62 5.56 6.35 1.99 9.86 4.98 2.01
8.75 6.53 3.89 2.87 8.38 8.26 9.19 3.83 7.53 1.42
4.19 3.70 4.49 5.40 6.88 5.19 1.65 9.23 7.49 7.39
2.58 6.48 5.32 9.50 7.98 9.21 4.71 8.72 5.63 6.41
9.59 1.56 5.01 6.40 9.21 2.34 6.44 4.02 9.19 1.52
9.24 3.87 1.92 1.88 1.80 5.49 8.95 1.52 3.04 4.84
4.28 7.11 8.11 9.41 5.50 7.57 3.45 1.68 5.09 9.15
7.05 6.95 5.19 8.01 6.38 4.54 8.57 1.38 6.79 4.13
9.82 7.38 8.17 5.22 4.69 9.25 2.88 2.45 7.47 1.99
3.43 6.54 6.14 3.99 3.54 2.89 8.61 6.75 9.99 6.24
1.23 1.38 3.58 6.96 9.73 1.91 9.19 9.07 2.00 6.51
7.75 5.07 9.39 8.36 9.68 8.87 3.49 3.06 6.15 1.27
1.42 4.59 3.31 9.85 1.85 6.24 7.70 8.64 4.17 5.02
9.19 4.97 3.73 1.09 7.67 4.17 8.00 2.01 2.15 8.16
6.15 1.69 6.55 5.59 5.88 2.27 3.82 8.32 7.79 3.02
6.14 1.88 3.36 5.00 6.33 6.38 7.56 6.75 1.21 9.68
4.80 4.90 5.16 4.37 4.33 1.53 9.59 6.39 1.79 6.32
6.11 2.51 1.22 6.55 6.64 4.49 1.99 2.84 3.32 7.28
8.40 7.76 9.96 2.56 6.66 2.05 7.30 9.41 3.07 8.75
5.86 8.63 2.81 8.13 6.88 3.23 3.59 2.01 1.86 5.59
6.60 8.72 2.93 4.25 1.14 1.33 8.42 3.76 5.80 3.70
1.84 1.51 8.44 2.94 4.19 2.65 6.28 4.85 6.24 8.78
5.62 5.65 5.56 3.48 9.06 1.33 1.39 6.41 8.22 6.29
2.67 3.37 8.47 2.78 2.92 5.06 1.13 2.43 7.06 9.22
9.50 5.60 2.32 1.30 9.15 9.61 6.03 2.89 5.50 8.69
3.19 9.59 6.25 1.89 6.94 3.86 2.59 6.11 5.80 8.12
5.99 6.29 7.03 1.36 7.87 2.31 8.34 5.49 8.48 8.42
5.41 8.33 6.57 1.94 7.24 9.71 4.09 8.58 6.98 6.52
3.92 5.89 9.76 8.07 4.54 6.07 4.31 6.59 5.18 1.36
5.10 8.10 9.91 4.50 1.09 9.49 3.20 9.13 6.29 5.02
7.49 7.29 3.87 2.75 7.25 7.04 4.54 2.03 4.55 8.48
6.97 1.63 4.73 2.14 6.72 9.81 2.59 4.15 5.81 3.27
7.64 7.32 2.30 8.54 1.77 6.81 9.08 9.36 7.61 9.86
6.99 1.99 5.83 6.23 8.45 6.15 7.56 5.60 5.14 3.92
5.93 5.54 2.40 1.06 3.64 4.98 2.77 4.55 5.29 4.55
6.64 8.92 6.62 6.43 4.62 3.73 6.67 4.80 8.20 6.82
9.21 2.70 9.08 6.57 1.87 6.04 2.83 4.97 4.78 9.13
9.90 9.23 8.12 3.89 8.85 4.62 6.35 7.01 2.40 8.56
8.83 6.46 3.83 7.90 9.84 3.31 5.86 1.74 2.97 1.13
5.78 5.45 3.42 3.28 3.05 8.86 7.53 5.87 4.24 2.53
6.79 7.83 2.48 8.58 7.38 7.54 8.66 6.70 9.55 7.61
4.13 9.36 9.80 6.05 8.88 6.64 8.55 2.30 6.71 8.33
1.26 7.87 6.12 9.49 1.26 7.43 3.02 7.24 9.58 6.73
7.11 5.57 6.89 7.71 6.85 3.60 4.79 3.60 2.64 7.56
3.42 2.89 7.52 1.52 1.50 7.44 7.30 5.53 2.66 8.48
2.40 1.80 2.74 5.01 9.12 4.48 6.87 9.55 1.52 4.14
8.22 5.63 9.07 2.15 5.71 6.85 2.29 5.30 7.52 3.34
7.74 9.81 8.91 5.95 6.24 7.82 5.61 6.62 8.18 3.71
1.62 9.65 5.98 7.16 8.82 1.61 9.74 2.25 2.03 7.30
3.65 7.73 6.50 2.00 5.85 7.44 9.10 5.33 5.87 4.47
1.40 3.56 2.27 6.75 2.64 4.68 5.18 6.58 7.56 4.30
1.32 6.21 7.46 4.56 1.34 6.43 9.40 8.24 8.02 1.68
5.75 6.00 7.82 2.51 9.77 8.03 9.45 3.63 7.80 7.07
4.67 7.50 4.97 9.79 8.35 3.21 3.27 9.72 5.72 8.87
1.52 5.05 7.48 4.45 6.89 8.35 6.29 3.66 7.17 6.30
8.52 9.75 3.10 2.39 6.25 2.40 4.13 6.37 6.10 3.06
8.11 9.15 6.92 4.35 1.48 8.81 3.16 8.69 7.69 5.35
6.18 8.04 3.92 5.37 3.51 7.43 6.03 4.34 7.06 4.39
8.17 1.73 4.22 3.61 2.15 2.97 7.50 4.65 7.27 9.10
6.24 5.74 3.28 2.95 7.02 5.70 4.16 6.08 4.86 6.85
6.13 3.59 7.38 7.38 7.89 4.77 2.53 1.54 4.93 7.85
3.69 8.28 3.35 2.28 9.49 7.55 5.76 6.95 7.35 9.72
1.83 3.31 9.29 9.62 4.40 7.71 1.81 6.10 8.53 3.80
6.37 1.76 6.98 6.73 4.30 7.37 6.98 8.06 4.79 5.45
6.77 5.23 8.11 3.91 2.57 3.09 6.34 5.81 8.08 8.17
5.20 4.56 7.76 8.80 2.31 3.91 1.75 8.96 7.00 5.16
2.10 2.01 9.51 4.13 9.42 8.90 3.75 8.72 5.27 2.34
1.37 3.96 5.44 3.25 1.16 3.67 1.23 8.11 6.08 5.47
9.99 8.26 2.66 8.55 1.55 2.43 7.47 2.94 3.84 9.03
2.31 7.38 2.92 5.58 8.30 4.33 6.34 8.21 5.33 4.26
7.37 9.19 3.23 5.11 8.19 9.68 8.31 5.77 4.25 4.56
5.81 8.85 1.81 2.87 3.82 9.95 7.86 2.58 5.22 6.38
2.53 1.03 2.07 3.50 3.00 6.44 8.32 2.72 3.12 1.09
2.91 4.25 7.89 1.97 6.27 2.24 7.23 7.41 6.71 3.93
2.66 7.87 9.70 2.25 5.84 1.88 6.59 7.64 2.75 9.20
4.24 5.23 6.07 1.11 5.39 5.65 2.44 5.16 9.29 2.43
5.74 9.13 9.68 5.59 6.22 5.02 7.29 7.71 9.21 1.31
3.34 8.71 9.04 4.11 8.18 6.04 2.63 4.03 3.81 4.13
6.56 5.53 8.97 4.38 7.42 2.01 4.48 7.07 5.35 3.56
3.36 4.06 2.87 9.56 3.53 5.38 7.50 1.24 1.52 5.51
9.19 6.31 3.09 9.53 2.90 5.60 5.18 1.63 1.74 8.70
2.87 4.29 5.98 2.23 9.14 5.54 5.89 7.31 5.30 4.59
9.90 4.78 7.26 6.57 5.35 6.11 9.70 8.48 3.18 8.06
9.76 8.36 1.61 4.82 3.11 8.50 9.75 7.44 1.87 6.08
4.48 7.15 7.10 4.80 9.19 5.05 4.64 8.57 9.68 3.49
1.25 2.69 6.14 3.67 4.44 4.57 1.33 7.08 5.15 6.47
2.70 6.40 2.98 9.81 1.94 9.65 3.64 3.56 2.45 7.88
6.88 1.69 9.99 7.99 7.55 7.47 8.97 5.72 3.16 2.79
8.81 3.10 8.39 9.88 2.35 9.06 6.47 9.72 1.72 2.98
4.71 9.64 8.48 7.78 6.17 4.84 9.65 4.08 3.31 2.73
3.73 9.63 3.35 3.92 7.96 3.25 6.17 3.09 4.27 5.07
7.99 2.95 8.10 2.55 5.49 8.91 8.84 2.20 1.51 8.54
2.52 8.48 8.83 7.67 2.64 9.02 3.16 4.17 7.32 4.23
4.87 8.62 8.22 6.44 9.79 1.71 5.15 4.93 9.16 7.64
5.54 4.30 3.23 3.21 6.32 5.92 7.76 3.23 6.96 3.87
8.86 8.49 9.22 5.96 3.84 7.71 2.55 1.66 9.33 4.65
6.09 2.65 7.68 4.98 9.59 8.19 1.35 5.72 9.14 1.76
4.54 2.34 3.04 9.62 6.97 6.10 8.14 5.84 9.41 9.09
1.50 5.02 6.92 7.88 7.81 4.74 5.87 4.03 8.53 8.04
4.46 7.81 2.53 8.51 8.88 5.08 2.55 6.85 1.44 8.16
3.02 7.24 9.79 9.02 7.65 8.23 3.12 7.66 9.69 9.36
2.30 1.30 3.13 6.19 9.38 8.26 1.11 8.99 2.38 6.09
9.94 6.33 6.57 1.10 9.41 9.92 1.76 9.87 1.12 1.11
9.15 2.30 1.51 2.62 4.52 9.79 1.14 2.83 7.53 8.03
2.89 3.24 4.02 5.08 5.91 8.25 6.07 7.01 7.23 7.14
9.42 6.13 1.42 4.25 3.78 2.20 7.43 7.47 5.18 4.18
9.64 5.95 8.59 1.00 6.43 1.95 1.28 2.42 2.21 5.75
3.42 1.55 2.56 4.95 5.50 1.83 2.94 9.58 7.65 9.54
2.35 2.17 7.50 3.67 9.88 4.83 5.31 4.77 3.32 7.10
4.50 7.33 6.24 6.08 8.90 9.34 8.97 9.31 9.79 3.52
4.78 6.14 4.46 9.48 2.75 8.50 1.52 8.58 8.17 2.86
7.92 8.46 6.48 6.70 8.97 7.90 2.61 4.18 4.83 4.63
4.14 7.95 2.87 7.63 5.57 2.05 2.97 5.35 6.93 5.55
2.09 1.21 2.99 1.67 2.42 9.20 2.18 9.78 3.69 9.67
7.53 5.42 6.15 8.65 1.21 4.23 6.46 6.03 3.95 6.95
4.79 7.43 7.39 5.43 5.16 2.57 9.41 3.39 4.66 1.65
7.23 9.70 1.17 6.10 7.99 1.60 1.19 1.53 1.30 8.22
1.46 5.10 7.02 3.64 5.34 5.46 9.92 2.87 5.83 1.47
9.34 1.63 1.96 5.19 1.18 4.57 2.57 2.29 8.88 8.63
1.03 6.50 4.14 9.98 5.93 7.07 4.11 3.96 9.49 2.49
9.94 8.79 8.88 8.95 5.43 7.32 6.82 6.01 5.41 7.47
8.27 4.82 3.12 7.99 2.62 6.46 1.59 3.46 1.91 6.58
6.06 3.93 6.14 3.67 5.92 5.66 8.13 4.20 6.83 7.64
8.75 1.32 7.53 9.99 5.27 8.56 8.37 4.35 1.04 6.44
7.81 6.35 2.47 2.24 9.23 1.03 5.76 3.39 9.64 8.72
7.86 1.48 4.09 5.48 4.04 8.64 5.22 4.93 1.80 4.90
4.56 8.06 5.22 1.17 8.31 9.13 4.68 2.51 7.71 1.04
7.91 5.73 6.59 8.79 8.67 8.62 4.83 5.24 5.52 9.29
7.72 9.04 5.64 3.10 4.24 8.21 2.47 2.89 9.63 2.84
3.08 9.16 1.44 3.32 6.68 4.50 2.76 4.83 9.07 3.57
8.71 4.57 8.48 8.78 9.13 2.51 3.90 5.78 9.74 4.75
5.57 2.14 8.50 6.68 6.96 3.69 5.40 9.13 6.59 4.54
5.31 5.60 5.34 3.48 9.81 9.46 5.87 9.13 2.22 8.59
8.44 2.25 3.34 9.64 4.93 8.77 8.72 5.73 5.93 8.33

Demandas:
0 0 0 1 0 0 0
0 0 0 0 1 0 0
0 0 1 0 0 0 0
1 0 0 0 0 0 0
0 0 0 0 1 0 0
0 0 0 1 0 0 0
0 0 0 0 0 0 1
0 0 0 0 1 0 0
0 0 1 0 0 0 0
0 0 0 1 0 0 0
0 1 0 0 0 0 0
1 0 0 0 0 0 0
0 0 0 0 0 1 0
0 0 0 1 0 0 0
1 0 0 0 0 0 0
0 1 0 0 0 0 0
0 1 0 0 0 0 0
0 0 0 1 0 0 0
0 0 0 1 0 0 0
0 0 0 0 0 0 1
1 0 0 0 0 0 0
0 0 0 0 0 0 1
0 0 0 0 1 0 0
0 1 0 0 0 0 0
0 0 1 0 0 0 0
0 0 0 0 0 1 0
1 0 0 0 0 0 0
1 0 0 0 0 0 0
0 1 0 0 0 0 0
0 0 0 1 0 0 0
0 0 0 0 0 0 1
1 0 0 0 0 0 0
1 0 0 0 0 0 0
0 0 0 0 0 0 1
0 0 0 0 1 0 0
0 0 1 0 0 0 0
0 0 0 0 0 0 1
0 0 1 0 0 0 0
1 0 0 0 0 0 0
0 0 0 0 0 0 1
0 0 0 1 0 0 0
0 0 0 0 0 0 1
0 0 0 0 0 0 1
0 0 0 0 1 0 0
1 0 0 0 0 0 0
0 0 0 0 0 1 0
1 0 0 0 0 0 0
0 1 0 0 0 0 0
0 0 0 0 0 1 0
0 0 0 1 0 0 0
0 0 1 0 0 0 0
0 0 0 0 0 1 0
0 0 0 1 0 0 0
0 0 0 1 0 0 0
0 0 0 1 0 0 0
0 0 0 0 0 1 0
0 0 0 0 0 0 1
0 0 0 1 0 0 0
1 0 0 0 0 0 0
0 0 0 0 0 0 1
0 0 0 0 0 0 1
1 0 0 0 0 0 0
0 1 0 0 0 0 0
1 0 0 0 0 0 0
0 0 0 0 0 0 1
0 0 0 0 0 0 1
0 0 0 0 0 1 0
0 0 0 0 1 0 0
0 0 1 0 0 0 0
1 0 0 0 0 0 0
0 0 0 0 1 0 0
0 1 0 0 0 0 0
0 0 0 0 0 1 0
0 0 0 0 0 1 0
0 0 0 0 0 1 0
0 0 0 0 0 0 1
0 0 0 0 1 0 0
0 0 1 0 0 0 0
0 0 1 0 0 0 0
0 1 0 0 0 0 0
0 0 0 0 1 0 0
0 0 0 0 0 1 0
0 1 0 0 0 0 0
0 0 0 0 0 0 1
0 0 0 0 1 0 0
0 0 0 1 0 0 0
1 0 0 0 0 0 0
0 0 1 0 0 0 0
0 0 0 0 1 0 0
0 1 0 0 0 0 0
0 0 1 0 0 0 0
1 0 0 0 0 0 0
0 0 0 0 1 0 0
0 0 0 0 0 0 1
0 1 0 0 0 0 0
0 0 0 0 0 1 0
0 0 0 0 1 0 0
1 0 0 0 0 0 0
1 0 0 0 0 0 0
1 0 0 0 0 0 0
0 0 0 0 0 0 1
0 0 1 0 0 0 0
0 0 0 1 0 0 0
1 0 0 0 0 0 0
0 0 0 0 0 1 0
0 0 0 0 1 0 0
1 0 0 0 0 0 0
0 0 0 0 0 1 0
0 0 0 0 0 0 1
0 0 0 1 0 0 0
0 0 0 0 0 0 1
0 0 0 1 0 0 0
0 0 0 1 0 0 0
0 0 0 0 1 0 0
1 0 0 0 0 0 0
0 0 0 0 0 0 1
1 0 0 0 0 0 0
0 1 0 0 0 0 0
0 0 0 0 0 0 1
0 0 0 0 0 1 0
0 0 0 1 0 0 0
0 0 1 0 0 0 0
0 0 1 0 0 0 0
1 0 0 0 0 0 0
0 0 0 0 0 1 0
0 0 1 0 0 0 0
0 0 0 1 0 0 0
0 0 1 0 0 0 0
0 0 0 1 0 0 0
0 1 0 0 0 0 0
1 0 0 0 0 0 0
0 0 0 0 0 1 0
0 1 0 0 0 0 0
0 1 0 0 0 0 0
1 0 0 0 0 0 0
0 0 0 1 0 0 0
0 0 0 1 0 0 0
0 0 0 0 1 0 0
0 0 1 0 0 0 0
0 0 1 0 0 0 0
0 0 0 1 0 0 0
0 1 0 0 0 0 0
0 0 0 0 0 0 1
0 0 0 0 0 1 0
0 0 0 0 0 0 1
0 0 0 1 0 0 0
0 0 0 0 0 1 0
0 0 0 0 0 1 0
0 0 1 0 0 0 0
0 0 0 1 0 0 0
0 0 0 0 0 1 0
0 0 0 0 0 0 1
0 0 0 0 1 0 0
1 0 0 0 0 0 0
0 0 0 0 0 0 1
0 0 0 0 1 0 0
0 0 1 0 0 0 0
0 0 0 0 0 0 1
0 0 0 0 0 1 0
0 1 0 0 0 0 0
1 0 0 0 0 0 0
0 0 1 0 0 0 0
0 0 0 1 0 0 0
0 0 0 0 0 0 1
0 1 0 0 0 0 0
0 0 1 0 0 0 0
1 0 0 0 0 0 0
0 0 0 1 0 0 0
0 0 0 0 1 0 0
1 0 0 0 0 0 0
1 0 0 0 0 0 0
0 0 0 0 0 0 1
0 0 0 1 0 0 0
0 1 0 0 0 0 0
0 1 0 0 0 0 0
0 1 0 0 0 0 0
0 0 0 1 0 0 0
0 0 0 0 1 0 0
0 0 0 0 1 0 0
0 0 1 0 0 0 0
0 0 0 1 0 0 0
0 0 0 0 0 0 1
1 0 0 0 0 0 0
1 0 0 0 0 0 0
0 0 0 1 0 0 0
0 1 0 0 0 0 0
0 0 0 1 0 0 0
1 0 0 0 0 0 0
0 0 0 1 0 0 0
0 1 0 0 0 0 0
0 1 0 0 0 0 0
0 0 0 0 0 1 0
1 0 0 0 0 0 0
0 0 0 0 0 1 0
0 1 0 0 0 0 0
0 1 0 0 0 0 0
0 0 0 1 0 0 0
0 0 0 0 1 0 0
0 1 0 0 0 0 0
0 1 0 0 0 0 0
0 0 0 0 0 0 1
0 0 1 0 0 0 0
1 0 0 0 0 0 0
0 0 1 0 0 0 0
0 0 0 0 0 1 0
0 1 0 0 0 0 0
0 0 0 1 0 0 0
0 0 0 0 1 0 0
0 0 1 0 0 0 0
0 0 0 1 0 0 0
0 0 0 0 0 0 1
1 0 0 0 0 0 0
0 0 0 0 0 0 1
0 0 0 1 0 0 0
1 0 0 0 0 0 0
0 0 0 0 0 0 1
0 0 0 0 1 0 0
0 0 0 1 0 0 0
0 0 0 0 0 0 1
0 1 0 0 0 0 0
0 0 0 0 1 0 0
1 0 0 0 0 0 0
0 1 0 0 0 0 0
0 0 0 0 1 0 0
0 0 0 0 0 1 0
0 0 0 0 0 1 0
0 0 0 0 1 0 0
1 0 0 0 0 0 0
1 0 0 0 0 0 0
0 0 0 1 0 0 0
0 0 0 0 0 0 1
0 0 0 0 0 1 0
0 0 0 0 0 0 1
0 0 1 0 0 0 0
0 0 0 0 0 0 1
0 0 1 0 0 0 0
0 0 0 0 0 0 1
0 0 0 0 1 0 0
0 0 0 0 1 0 0
0 0 1 0 0 0 0
0 0 0 0 0 1 0
0 0 0 0 0 1 0
1 0 0 0 0 0 0
0 1 0 0 0 0 0
0 0 0 0 0 0 1
0 0 0 0 0 1 0
0 0 0 1 0 0 0
0 0 0 0 0 1 0
0 1 0 0 0 0 0
0 0 0 1 0 0 0
0 1 0 0 0 0 0
0 0 0 1 0 0 0
0 0 1 0 0 0 0
1 0 0 0 0 0 0
0 0 0 1 0 0 0
0 0 0 0 0 0 1
0 0 0 0 0 0 1
0 0 0 0 1 0 0
0 0 0 0 0 1 0
0 0 1 0 0 0 0
0 0 0 0 0 0 1
0 0 0 0 0 1 0
1 0 0 0 0 0 0
0 0 1 0 0 0 0
0 0 0 0 0 1 0
0 1 0 0 0 0 0
0 0 1 0 0 0 0
0 0 0 1 0 0 0
0 0 1 0 0 0 0
0 1 0 0 0 0 0
0 0 0 1 0 0 0
0 0 0 0 1 0 0
1 0 0 0 0 0 0
0 0 0 0 0 0 1
0 1 0 0 0 0 0
0 0 0 0 0 1 0
1 0 0 0 0 0 0
0 0 0 1 0 0 0
0 1 0 0 0 0 0
0 0 0 1 0 0 0
0 0 0 0 0 0 1
0 0 0 0 1 0 0
0 0 1 0 0 0 0
0 1 0 0 0 0 0
0 0 0 0 1 0 0
0 0 1 0 0 0 0
1 0 0 0 0 0 0
0 0 0 1 0 0 0
0 0 0 1 0 0 0
0 0 0 0 0 1 0
0 0 0 0 1 0 0
0 0 0 0 0 1 0
0 0 1 0 0 0 0
1 0 0 0 0 0 0
0 0 0 1 0 0 0
0 0 0 0 0 0 1
0 0 0 1 0 0 0
0 0 1 0 0 0 0
0 0 0 1 0 0 0
0 0 0 0 1 0 0
1 0 0 0 0 0 0
0 0 0 1 0 0 0
0 0 0 0 0 0 1
0 0 1 0 0 0 0
0 0 0 0 1 0 0
0 0 0 0 1 0 0
0 0 1 0 0 0 0
0 0 1 0 0 0 0
0 0 1 0 0 0 0
1 0 0 0 0 0 0
0 0 0 1 0 0 0
0 0 0 0 0 1 0
0 0 0 0 0 0 1
0 0 0 0 0 1 0
0 0 0 0 0 1 0
0 0 0 0 0 1 0
1 0 0 0 0 0 0
1 0 0 0 0 0 0
0 0 0 0 0 0 1
0 0 0 0 0 1 0
0 0 0 1 0 0 0
0 0 0 0 1 0 0
0 1 0 0 0 0 0
0 0 0 0 0 0 1
1 0 0 0 0 0 0
0 0 0 1 0 0 0
0 0 0 0 0 1 0
0 0 0 0 0 1 0
0 0 0 0 0 1 0
0 1 0 0 0 0 0
0 0 0 1 0 0 0
0 0 0 0 1 0 0
0 0 0 0 1 0 0
1 0 0 0 0 0 0
1 0 0 0 0 0 0
0 0 0 1 0 0 0
0 0 0 0 1 0 0
0 0 0 0 0 0 1
0 0 0 1 0 0 0
0 0 0 0 0 1 0
0 0 0 0 0 1 0
0 0 0 0 0 1 0
0 0 0 0 1 0 0
0 0 0 1 0 0 0
0 0 1 0 0 0 0
0 0 1 0 0 0 0
1 0 0 0 0 0 0
1 0 0 0 0 0 0
0 0 0 0 1 0 0
0 0 0 1 0 0 0
0 0 0 1 0 0 0
0 0 1 0 0 0 0
0 0 0 1 0 0 0
0 0 0 1 0 0 0
0 0 0 1 0 0 0
0 0 0 1 0 0 0
0 0 1 0 0 0 0
0 0 0 1 0 0 0
0 0 1 0 0 0 0
0 1 0 0 0 0 0
0 0 0 0 1 0 0
1 0 0 0 0 0 0
0 1 0 0 0 0 0
0 1 0 0 0 0 0
0 0 1 0 0 0 0
0 0 0 1 0 0 0
0 1 0 0 0 0 0
1 0 0 0 0 0 0
0 0 0 0 0 0 1
0 0 0 0 0 0 1
0 0 0 1 0 0 0
0 0 0 0 0 1 0
0 0 1 0 0 0 0
0 0 0 0 0 1 0
0 0 0 0 0 1 0
0 1 0 0 0 0 0
0 0 0 0 0 0 1
0 1 0 0 0 0 0
0 0 0 1 0 0 0
1 0 0 0 0 0 0
0 0 1 0 0 0 0
0 0 0 0 1 0 0
0 1 0 0 0 0 0
1 0 0 0 0 0 0
1 0 0 0 0 0 0
0 0 1 0 0 0 0
0 0 1 0 0 0 0
0 1 0 0 0 0 0
0 0 0 1 0 0 0
1 0 0 0 0 0 0
0 0 0 0 0 1 0
0 0 0 0 0 0 1
1 0 0 0 0 0 0
0 0 0 0 1 0 0
0 1 0 0 0 0 0
0 0 0 1 0 0 0
0 1 0 0 0 0 0
0 0 0 0 0 1 0
1 0 0 0 0 0 0
0 0 1 0 0 0 0
0 0 0 1 0 0 0
0 0 0 1 0 0 0
0 0 0 0 0 1 0
0 0 0 1 0 0 0
0 0 1 0 0 0 0
0 0 0 1 0 0 0
0 0 0 0 0 1 0
0 0 0 0 0 1 0
0 0 0 1 0 0 0
0 0 0 1 0 0 0
0 1 0 0 0 0 0
0 0 0 0 0 0 1
0 1 0 0 0 0 0
0 0 0 0 1 0 0
0 0 0 0 0 1 0
0 1 0 0 0 0 0
0 0 0 0 1 0 0
0 0 0 0 1 0 0
0 0 1 0 0 0 0
0 0 0 1 0 0 0
0 0 0 0 0 1 0
0 0 0 1 0 0 0
0 1 0 0 0 0 0
0 0 0 0 1 0 0
0 0 1 0 0 0 0
0 0 0 0 1 0 0
0 0 1 0 0 0 0
0 0 0 0 0 0 1
0 0 0 1 0 0 0
0 0 1 0 0 0 0
0 0 0 0 1 0 0
1 0 0 0 0 0 0
0 0 0 0 0 0 1
0 0 0 0 1 0 0
0 0 0 1 0 0 0
0 0 1 0 0 0 0
0 0 0 1 0 0 0
0 0 0 0 0 0 1
0 0 0 0 0 0 1
0 0 0 0 1 0 0
0 1 0 0 0 0 0
0 0 0 0 1 0 0
0 0 0 0 0 1 0
0 0 1 0 0 0 0
0 0 1 0 0 0 0
0 0 1 0 0 0 0
1 0 0 0 0 0 0
0 1 0 0 0 0 0
0 0 0 1 0 0 0
0 0 0 0 1 0 0
0 1 0 0 0 0 0
0 0 0 0 1 0 0
1 0 0 0 0 0 0
0 0 0 0 0 0 1
0 0 0 0 0 1 0
0 0 1 0 0 0 0
0 0 0 0 1 0 0
0 0 1 0 0 0 0
0 1 0 0 0 0 0
0 0 1 0 0 0 0
0 0 1 0 0 0 0
0 0 0 0 1 0 0
1 0 0 0 0 0 0
0 0 0 0 0 0 1
0 0 0 1 0 0 0
0 0 0 0 1 0 0
0 0 0 0 0 0 1
0 0 0 0 0 1 0
0 1 0 0 0 0 0
0 1 0 0 0 0 0
0 0 0 0 1 0 0
0 0 0 0 1 0 0
1 0 0 0 0 0 0
0 0 0 1 0 0 0
0 0 0 0 0 0 1
0 0 0 0 0 0 1
0 1 0 0 0 0 0
0 0 0 0 1 0 0
0 0 0 0 1 0 0
0 0 0 1 0 0 0
0 0 1 0 0 0 0
0 0 0 0 0 0 1
0 1 0 0 0 0 0
1 0 0 0 0 0 0
0 0 0 0 0 1 0
1 0 0 0 0 0 0
0 0 0 1 0 0 0
0 0 1 0 0 0 0
0 0 0 0 0 1 0
0 0 1 0 0 0 0
0 0 0 0 0 1 0
0 0 0 0 0 0 1
0 0 0 0 1 0 0
0 0 1 0 0 0 0
0 1 0 0 0 0 0
0 0 0 0 0 0 1
0 1 0 0 0 0 0
0 1 0 0 0 0 0
0 0 0 0 0 0 1
0 0 0 0 0 0 1

Capacidades:
58 43 0 40 33 57 52
51 39 39 0 37 27 27
31 49 29 27 53 58 27
29 20 29 48 55 20 49
20 0 48 59 48 56 0
46 28 48 48 50 48 0
28 37 48 59 33 29 21
59 29 40 42 22 59 0
40 28 0 36 54 49 31
32 0 35 0 38 42 0
