m: 500
n: 5
p: 7

Distancias:
9.53 7.43 3.12 6.16 6.63
7.12 5.47 5.72 8.77 2.82
1.90 8.47 7.04 5.03 7.54
3.48 8.17 4.48 2.79 1.05
7.88 8.84 7.56 1.71 9.23
5.24 2.23 5.29 9.66 4.20
8.22 1.18 1.73 1.27 7.94
4.82 6.09 8.29 5.19 5.14
6.11 8.21 2.66 2.47 8.15
4.50 1.73 9.59 3.40 3.12
3.51 8.67 7.95 9.89 4.34
7.61 3.61 8.23 6.68 1.91
5.80 1.14 2.96 7.84 1.47
7.76 7.65 5.80 8.02 4.09
5.04 7.10 1.99 3.59 3.68
1.18 6.02 1.11 4.22 6.13
8.15 9.63 7.15 1.81 8.00
7.75 2.46 5.73 5.91 5.61
2.72 8.60 9.73 1.48 7.28
1.65 6.48 9.14 9.80 1.27
2.24 7.66 6.19 5.84 2.06
3.94 6.84 4.66 5.58 1.38
7.06 2.58 9.21 7.84 3.49
1.40 8.79 1.43 7.37 5.36
1.14 7.34 2.64 5.26 9.56
8.71 5.13 4.60 3.66 9.59
3.36 4.03 1.48 1.22 5.31
5.26 5.99 1.37 4.31 1.98
6.49 3.39 9.69 6.55 9.40
1.52 9.41 9.61 7.13 1.20
7.79 7.06 6.52 4.66 2.76
4.19 4.62 9.66 7.20 2.76
3.19 4.09 2.09 9.24 8.52
7.66 2.45 4.29 1.78 1.34
7.40 1.26 3.92 1.56 1.07
8.68 1.71 4.17 5.98 5.26
9.83 2.84 2.64 2.45 1.93
7.68 1.98 8.06 1.07 5.49
9.17 5.88 8.31 3.83 8.43
1.61 5.72 9.69 2.01 6.85
7.56 7.03 5.58 9.69 6.26
6.95 9.66 1.40 1.37 2.82
3.24 2.06 6.94 3.95 9.51
5.54 1.84 6.14 2.25 4.82
6.63 2.35 9.41 3.49 8.76
9.40 8.83 9.27 9.31 3.89
5.77 4.85 2.70 5.04 9.39
7.90 9.06 7.60 9.02 2.48
9.23 5.61 1.20 8.60 2.43
3.89 6.97 2.44 9.51 5.26
4.19 3.39 8.26 5.22 3.97
1.58 9.25 8.80 6.33 1.68
2.60 6.14 6.13 4.22 3.04
7.97 9.31 4.12 1.41 7.00
1.98 6.64 6.84 5.43 7.83
1.52 5.98 1.42 9.41 4.28
8.30 3.46 6.33 9.10 7.03
4.25 8.51 1.52 7.61 5.92
5.00 7.30 8.85 8.83 8.77
2.39 5.56 1.19 2.86 5.73
4.10 6.25 9.07 5.30 4.16
2.61 4.81 6.82 6.39 4.96
8.59 4.40 3.34 1.50 2.06
6.16 4.55 6.81 3.49 7.32
8.42 9.45 2.43 3.86 7.01
5.87 5.98 2.35 7.39 8.88
5.46 8.85 7.21 4.27 7.38
7.91 1.80 8.23 9.40 2.47
6.81 8.94 5.77 4.46 3.58
4.97 4.66 4.94 4.01 7.77
7.38 5.76 3.77 7.42 7.81
7.77 9.23 8.21 5.77 3.09
7.61 4.53 2.26 2.09 6.59
9.85 4.66 5.53 5.26 8.97
6.50 5.50 5.17 3.25 9.03
2.57 5.38 1.53 2.99 9.05
4.24 3.32 1.73 5.14 1.17
1.32 1.61 5.29 6.47 8.59
7.90 1.98 8.38 3.53 5.63
6.83 4.55 1.46 1.29 9.91
5.29 8.16 5.64 7.39 2.47
9.50 6.72 1.73 9.01 4.73
7.64 7.17 4.29 7.13 5.83
2.40 7.39 1.66 2.02 5.91
7.58 7.81 5.57 4.27 4.43
2.75 8.14 6.43 3.58 3.76
6.38 1.96 6.03 4.73 5.94
7.26 2.36 8.84 5.65 9.23
8.21 4.70 8.49 5.93 8.48
2.29 1.77 2.50 7.04 2.65
4.62 8.15 4.10 8.75 8.07
7.88 1.71 9.27 3.29 6.85
8.45 5.66 3.16 8.19 6.91
6.50 5.67 9.61 1.90 4.92
3.77 3.32 8.71 7.48 8.82
6.36 9.23 2.01 6.29 7.36
8.22 1.60 4.92 2.67 8.57
1.21 7.62 7.21 7.55 7.89
6.95 5.96 7.07 3.24 9.41
8.47 9.34 1.26 3.11 2.91
2.87 6.84 8.16 1.10 6.64
8.59 2.00 7.84 7.67 1.46
6.48 3.95 6.30 8.04 2.66
2.60 6.22 3.93 7.82 6.35
3.04 7.67 7.21 2.04 5.43
9.13 4.82 6.48 8.11 2.27
5.80 5.81 2.27 6.49 3.02
9.23 9.03 9.14 1.79 2.51
5.77 5.44 1.41 1.34 7.56
6.57 4.55 3.21 2.98 5.34
9.07 2.55 1.09 3.69 8.29
5.31 1.55 4.51 9.82 1.26
7.99 4.73 7.70 1.95 9.88
7.98 7.36 2.17 7.07 1.27
6.25 6.77 2.70 3.34 2.92
6.15 4.16 7.52 1.69 2.15
8.56 4.89 2.10 3.66 8.84
2.94 8.58 1.15 2.37 2.72
9.38 3.04 8.01 7.53 2.81
2.61 1.19 6.90 8.11 1.90
7.96 6.73 5.44 6.67 7.42
8.12 6.69 1.33 7.41 3.70
5.62 2.42 1.39 5.94 3.10
1.28 5.40 7.89 7.14 1.89
3.27 2.74 8.67 7.95 3.20
9.51 9.47 1.87 8.75 7.08
4.95 4.97 8.98 7.33 2.85
3.60 6.53 8.16 1.64 2.47
3.53 5.41 1.42 8.54 3.28
1.43 7.58 8.02 2.64 7.90
7.65 6.72 1.04 4.04 1.71
1.62 1.76 3.20 9.41 8.75
9.31 1.33 1.44 9.69 7.23
7.99 3.16 7.03 9.86 3.49
8.60 1.80 3.63 4.34 1.29
9.32 1.67 9.90 3.21 7.30
2.40 4.19 1.49 5.26 6.53
4.08 9.03 4.19 4.32 4.89
4.75 7.05 6.54 8.85 1.60
6.52 4.76 1.75 4.66 5.52
1.98 4.71 9.17 4.42 3.44
6.80 1.75 9.74 7.76 1.34
7.62 3.32 1.38 3.80 6.55
9.70 3.82 8.18 3.62 7.96
4.07 3.98 7.66 9.31 2.53
9.09 6.92 5.29 5.72 5.57
3.99 7.15 5.69 8.59 3.26
9.48 6.13 7.95 9.30 1.54
7.55 1.32 5.58 7.25 9.49
5.82 6.47 6.96 5.21 5.18
1.45 4.71 2.69 1.03 4.94
8.61 1.60 5.03 5.07 8.39
3.97 8.42 9.23 1.64 4.43
8.21 7.79 5.79 2.71 9.72
2.87 9.00 5.73 2.37 4.87
6.35 3.84 2.36 3.99 3.73
1.22 3.81 4.34 7.56 4.28
4.05 5.30 5.81 1.61 1.95
4.46 6.00 2.99 9.68 8.97
8.85 5.44 8.11 9.22 9.91
3.03 9.12 8.67 8.63 5.01
7.41 2.93 3.62 4.72 4.82
5.48 4.80 9.56 9.90 6.13
2.57 7.20 9.00 2.39 2.34
4.34 6.60 1.81 8.03 2.30
1.54 7.53 3.02 7.00 6.48
1.18 2.74 3.46 5.62 8.15
8.31 8.04 7.80 1.40 7.73
7.62 3.00 5.18 3.37 4.37
3.97 4.63 3.09 6.49 5.93
3.56 1.10 5.73 5.26 5.78
6.67 7.47 2.46 7.47 9.78
5.74 6.76 7.96 2.86 5.27
6.36 3.89 6.26 9.88 8.86
1.79 7.25 3.96 8.57 2.07
8.74 5.61 8.17 2.24 7.01
8.40 5.83 5.64 2.68 3.49
2.59 3.85 1.59 9.38 9.91
6.97 6.36 7.51 9.37 7.17
1.96 9.50 3.41 2.15 7.35
9.58 5.66 6.08 1.01 6.70
9.36 1.79 7.25 8.84 5.04
2.12 1.87 9.24 1.95 2.53
9.94 3.10 4.48 7.14 7.04
7.61 1.83 5.84 7.41 4.71
9.60 6.98 6.41 1.93 1.36
3.33 7.90 3.12 2.11 7.00
6.41 8.25 5.40 4.41 5.88
9.67 4.87 4.86 8.15 1.50
9.70 1.29 1.51 8.21 1.79
3.05 4.72 8.57 8.44 4.97
3.87 5.84 3.95 2.01 5.64
3.12 8.78 6.27 8.89 4.22
6.50 1.72 4.38 7.51 2.13
7.84 7.10 2.82 4.26 5.73
3.86 4.24 9.35 7.17 3.92
6.32 6.70 3.58 1.74 6.34
9.32 3.64 8.58 7.91 8.03
6.05 6.49 2.36 6.16 8.07
6.45 7.25 6.53 5.51 2.23
2.46 1.62 3.28 8.31 2.04
6.36 5.36 7.26 7.47 3.88
6.21 7.88 8.74 2.68 2.58
5.64 9.88 2.72 7.71 5.03
7.98 9.66 6.46 7.82 7.72
6.54 1.70 7.71 3.33 3.94
1.53 6.64 6.66 2.72 6.20
7.85 5.74 5.22 3.90 8.28
5.10 7.86 8.82 1.89 8.59
8.57 1.17 2.06 2.85 4.47
5.57 3.18 7.12 7.04 8.52
5.31 3.14 7.46 7.49 2.69
5.54 6.18 7.22 3.14 9.65
7.51 8.77 9.76 6.34 2.71
9.39 5.60 5.89 4.48 3.15
1.30 5.13 4.50 8.45 1.43
4.96 1.54 4.60 3.95 3.08
6.12 4.23 2.09 1.26 7.77
7.08 7.61 5.59 9.61 3.89
4.41 3.43 8.52 9.55 6.07
8.77 7.20 6.97 7.57 4.60
8.50 7.31 5.19 5.48 7.74
4.95 4.34 7.54 7.92 8.01
1.69 8.20 9.01 1.18 3.21
8.71 5.35 2.26 5.13 5.13
3.74 6.36 3.60 3.19 8.39
8.58 1.23 6.63 6.20 4.24
4.94 4.54 5.24 8.95 5.58
9.84 3.27 8.49 7.02 3.08
4.80 1.62 7.01 1.95 5.92
4.19 5.43 2.91 8.05 7.65
6.83 9.23 7.48 7.14 1.06
1.55 8.60 7.87 5.16 5.21
3.83 7.52 3.10 6.71 6.98
1.63 1.53 9.59 9.25 8.61
4.03 4.61 6.36 8.72 2.21
2.37 5.22 3.61 2.56 5.56
4.18 3.91 1.64 5.76 3.67
6.52 2.69 6.00 1.20 5.98
3.00 9.01 8.95 6.37 1.18
2.34 6.70 4.70 7.97 8.65
1.69 4.27 9.09 8.79 4.14
2.14 7.64 5.49 1.76 8.93
4.19 3.12 8.49 1.43 1.78
5.16 6.90 2.28 1.08 7.54
1.91 3.44 9.67 5.78 8.97
2.94 5.21 8.34 2.23 8.58
3.01 5.92 5.29 5.49 2.71
4.56 5.50 1.28 2.15 8.60
3.47 4.54 3.15 6.22 5.21
2.50 2.87 5.51 7.17 6.86
5.54 9.42 4.55 1.89 8.69
4.96 8.91 8.32 6.45 2.22
1.42 5.15 3.25 2.80 8.33
6.31 9.09 6.75 4.48 2.33
2.02 6.19 7.52 9.88 1.31
2.17 4.12 6.53 1.24 5.32
1.72 3.78 4.12 8.91 9.59
6.98 4.55 5.42 4.88 7.89
5.09 2.40 4.21 4.49 7.00
4.71 1.65 6.70 9.66 3.70
9.58 1.05 7.08 9.32 6.86
5.67 6.64 3.14 1.24 6.10
3.82 3.14 6.99 8.68 8.60
5.46 1.26 7.23 9.88 1.50
3.45 3.46 1.22 3.42 4.58
7.40 3.83 5.73 1.41 7.27
6.79 1.24 7.90 4.34 3.82
8.05 3.54 9.68 4.22 4.19
3.40 4.91 9.96 6.54 6.00
3.43 1.60 3.35 9.29 4.58
8.84 9.73 1.36 8.23 7.30
9.00 1.65 5.70 5.36 6.39
5.41 2.38 4.88 3.04 4.99
9.59 1.14 3.24 6.17 2.91
4.12 6.97 2.33 6.21 9.43
3.72 4.71 8.36 9.41 4.33
4.02 2.66 5.97 4.85 9.92
9.67 5.89 7.71 1.13 1.02
9.70 8.23 9.29 3.11 5.76
4.07 9.32 9.75 3.38 6.69
7.03 5.16 6.04 2.26 8.38
2.12 1.21 5.14 4.19 4.81
3.57 3.06 4.15 6.86 1.98
1.71 3.18 4.43 5.52 8.01
1.91 2.13 3.33 8.48 8.31
6.92 8.67 3.49 4.98 8.99
4.20 9.73 7.55 6.22 2.77
4.70 7.40 7.22 3.37 2.66
9.78 6.61 9.24 4.23 7.56
1.42 6.54 2.51 1.36 3.24
6.00 6.07 6.48 8.50 4.14
4.08 1.38 5.91 3.47 1.55
5.13 7.66 8.74 6.64 3.37
9.78 9.26 3.14 5.75 2.37
7.22 8.28 4.68 8.85 5.28
3.57 8.21 5.95 2.64 5.54
5.53 8.10 1.30 4.86 7.37
4.29 4.56 3.26 8.65 8.20
8.38 6.17 8.54 6.52 8.85
9.99 2.09 9.71 4.15 6.44
7.18 2.50 4.87 4.97 8.81
8.69 2.42 2.65 9.28 5.59
4.25 6.56 3.76 4.59 5.68
5.10 9.07 6.21 3.65 7.26
4.88 3.15 4.69 3.85 6.18
6.49 2.24 4.98 1.50 6.08
3.76 7.25 6.32 2.69 1.46
4.92 4.85 2.52 6.04 8.98
3.33 6.08 1.41 3.54 4.80
9.25 7.02 1.19 3.64 1.97
8.00 8.71 4.34 8.78 1.57
4.85 5.27 4.91 8.01 2.27
4.41 6.50 9.61 7.37 3.88
7.75 8.33 5.83 1.84 8.40
9.97 3.54 4.65 3.30 3.31
2.99 6.05 9.08 2.99 9.54
7.57 2.32 2.24 2.11 4.80
4.89 5.49 7.31 9.74 6.18
7.86 3.90 4.12 3.33 1.74
8.78 1.73 8.54 6.01 7.79
4.23 9.30 3.68 6.42 6.60
8.16 9.85 8.50 7.38 1.32
5.73 1.10 2.67 4.28 8.79
7.87 4.15 5.78 5.57 7.92
6.48 1.99 9.25 7.13 9.24
6.54 5.01 5.50 5.65 6.42
6.25 7.24 2.61 8.16 8.15
7.03 3.28 6.66 7.76 3.68
9.03 9.39 8.13 2.02 1.12
8.44 6.04 9.41 5.88 5.79
9.49 7.57 1.52 9.59 6.08
8.14 9.75 3.72 6.99 8.76
3.64 5.80 2.51 7.96 2.09
7.42 6.32 6.67 2.94 4.35
3.17 9.62 9.82 3.40 3.66
6.07 7.10 6.97 5.94 4.14
5.54 3.55 1.01 8.50 8.10
3.26 4.13 4.28 4.22 1.75
5.08 4.13 5.45 2.06 3.38
1.72 4.20 8.05 9.14 4.73
8.57 8.19 2.07 1.16 5.66
1.35 7.73 6.58 1.56 8.57
4.61 7.19 6.94 4.05 7.22
1.02 7.76 4.39 5.45 5.39
3.37 3.72 9.81 4.77 3.82
3.87 7.86 7.30 5.21 1.80
8.97 1.97 9.17 8.59 8.87
2.65 4.93 9.62 4.30 8.01
9.09 1.24 1.01 1.46 1.32
2.21 6.87 1.57 9.51 2.94
9.20 4.26 6.87 9.89 6.85
8.04 8.23 2.40 6.92 1.24
5.17 5.26 3.83 6.01 8.33
7.55 7.74 5.50 7.35 9.99
7.87 4.00 7.08 5.46 4.41
2.29 6.75 4.60 9.88 6.67
2.22 5.05 9.90 3.61 7.40
2.16 5.97 8.18 6.26 2.74
2.89 3.88 8.23 5.54 7.25
7.19 2.05 1.82 4.01 7.01
7.67 9.05 5.95 8.81 4.44
5.80 7.28 1.99 1.87 7.24
2.57 5.79 6.29 3.08 8.21
8.06 7.70 7.35 6.88 5.06
4.65 4.94 2.25 5.97 1.37
6.55 7.07 1.20 3.29 8.09
2.03 6.39 6.86 2.28 8.96
9.79 1.40 2.01 9.37 8.83
5.49 2.09 3.44 9.02 9.35
3.43 7.74 4.02 4.02 4.73
5.19 3.25 2.53 3.73 8.74
9.91 5.77 9.60 3.67 8.60
6.60 2.14 9.36 7.74 2.35
8.09 2.63 2.44 7.14 5.16
6.04 2.87 9.83 2.88 9.02
6.17 4.62 6.90 3.61 8.14
2.87 5.80 3.17 2.41 7.55
1.44 5.74 8.08 9.25 4.05
6.21 8.45 2.85 3.37 4.46
7.55 8.49 9.73 8.30 9.11
6.89 7.60 9.34 9.75 4.29
5.82 8.34 7.27 9.43 3.12
7.45 7.71 8.34 3.22 9.15
2.31 3.35 4.90 3.04 8.54
3.24 6.32 7.55 5.79 1.21
3.27 8.15 4.35 2.57 9.95
6.55 1.59 6.15 4.42 5.27
8.77 5.92 3.34 5.36 7.76
3.07 4.93 2.96 6.70 9.39
7.62 2.28 6.63 3.15 6.97
2.43 2.35 7.22 7.94 9.39
1.37 1.75 9.68 6.13 4.53
8.89 8.38 3.27 2.75 2.25
6.57 8.96 8.15 1.02 8.48
9.64 9.65 3.30 9.94 5.89
2.62 4.22 9.19 7.83 5.35
9.45 8.86 1.62 2.81 2.97
7.35 4.94 8.20 6.03 5.93
8.53 1.78 3.28 3.92 1.47
2.38 9.26 3.93 2.67 4.90
3.42 5.42 5.02 3.91 1.46
2.04 5.05 4.37 4.49 6.14
8.28 7.98 7.34 8.32 4.99
1.59 8.56 9.15 4.61 9.47
4.21 1.80 5.34 8.55 4.85
5.84 7.83 3.78 5.72 3.81
2.55 8.64 5.51 8.80 3.84
5.42 7.24 8.66 8.10 3.35
5.30 8.36 1.17 5.15 1.60
1.68 6.40 9.04 1.01 6.35
8.05 8.38 1.46 4.40 5.95
8.82 5.27 3.91 5.79 8.20
4.54 1.69 1.34 9.25 2.64
8.58 9.31 6.83 9.60 9.90
3.54 7.50 9.87 2.59 8.80
6.38 2.91 3.61 5.99 5.08
2.32 2.95 3.43 5.42 5.12
3.49 6.42 6.67 2.17 6.13
6.23 9.01 8.43 1.00 4.39
1.22 7.05 6.44 1.04 8.26
8.81 1.78 6.37 8.89 9.12
1.50 7.28 9.04 3.74 4.46
2.26 9.79 4.96 8.59 6.98
4.30 5.95 5.88 3.15 6.21
2.42 4.82 7.58 4.91 3.29
7.99 2.21 3.29 7.55 3.42
5.02 1.19 3.36 6.12 6.07
7.29 7.81 1.65 4.16 8.58
5.27 8.65 3.00 8.15 5.08
6.89 3.06 9.53 2.62 1.45
1.04 5.81 3.05 2.14 3.11
10.00 7.61 7.45 7.24 4.74
5.26 9.06 4.44 3.62 8.72
9.89 4.90 2.74 4.95 3.62
3.42 1.87 9.45 3.84 2.99
1.07 9.20 4.98 3.50 1.99
6.57 3.05 7.35 2.90 5.74
8.95 7.98 4.55 1.58 1.13
5.49 1.75 6.96 6.27 3.00
3.74 1.87 7.81 7.42 5.98
2.28 3.38 2.58 8.48 8.17
6.66 7.07 4.65 8.12 5.01
2.31 6.34 1.29 8.04 1.49
1.96 5.34 4.16 2.22 4.31
4.56 3.91 2.41 2.74 4.16
3.19 5.82 4.05 8.65 2.53
6.33 6.62 5.82 4.40 3.09
7.64 6.10 6.32 2.64 3.81
4.10 2.34 6.85 9.12 6.35
1.36 2.42 4.09 4.71 4.69
2.62 7.51 6.63 2.28 9.30
4.28 7.42 8.15 8.42 6.27
9.23 6.36 1.19 9.97 5.02
5.90 9.14 5.18 1.64 3.87
2.03 5.39 4.24 1.11 9.34
9.06 2.18 9.95 8.85 3.29
8.69 7.14 5.72 3.87 3.52
6.53 1.39 6.83 8.19 9.76
2.14 9.32 6.87 5.36 7.05
6.93 4.09 3.46 1.93 3.82
6.28 4.34 7.46 7.07 2.70
4.53 7.58 7.68 2.61 9.93
9.82 8.43 1.42 7.44 9.10
8.57 5.37 2.71 4.66 9.55
5.04 2.40 1.65 4.30 2.91
2.34 2.04 1.71 5.26 2.36
4.67 1.98 7.69 6.68 5.00
9.22 5.89 6.81 5.16 2.29
2.24 5.12 8.28 6.24 7.17
4.28 3.00 4.80 3.51 2.91
5.68 8.55 5.52 7.40 3.52
6.35 4.93 5.96 1.82 2.43
7.26 6.91 9.69 4.52 5.39
9.87 5.70 6.13 5.62 1.91
1.60 8.40 2.91 1.41 8.42
9.99 9.35 1.05 3.60 3.12
7.10 2.31 1.72 2.37 1.35
4.58 3.18 9.78 7.65 4.15
5.47 9.39 1.10 5.26 2.68
9.91 6.40 9.18 9.38 1.38
4.39 6.35 5.35 8.97 3.88
7.77 7.82 3.92 9.52 1.94
5.49 1.86 4.87 5.17 9.49
2.93 8.44 6.26 8.49 7.95
1.24 9.38 1.15 3.35 7.87
3.01 8.15 9.70 3.12 3.68
7.25 8.85 4.37 6.31 3.70
7.91 2.19 9.13 1.66 1.18
7.58 4.13 9.01 3.74 6.82
1.81 8.87 6.54 5.67 8.75
7.95 4.44 2.64 5.59 2.56
4.20 5.26 5.53 3.55 8.47
9.04 5.09 3.30 3.46 9.71
9.39 7.84 4.92 4.37 8.11
5.64 7.59 9.44 2.13 6.38
2.34 4.98 2.69 6.90 2.91
9.18 7.55 6.47 7.25 2.80
7.08 4.45 7.23 4.63 3.33
1.17 1.92 5.52 8.67 3.63

Demandas:
0 0 0 0 0 1 0
0 0 0 0 0 1 0
0 0 0 0 0 0 1
0 0 0 0 0 0 1
0 0 0 1 0 0 0
0 0 0 0 0 0 1
0 0 0 0 0 0 1
0 0 0 1 0 0 0
0 0 0 0 0 1 0
0 0 1 0 0 0 0
0 1 0 0 0 0 0
0 0 0 0 0 0 1
1 0 0 0 0 0 0
0 0 0 0 0 1 0
0 0 1 0 0 0 0
0 0 0 0 1 0 0
1 0 0 0 0 0 0
0 0 0 0 1 0 0
0 0 0 0 0 0 1
0 1 0 0 0 0 0
0 0 0 0 0 0 1
1 0 0 0 0 0 0
0 0 0 1 0 0 0
0 0 0 0 0 1 0
1 0 0 0 0 0 0
0 0 0 0 0 0 1
0 1 0 0 0 0 0
0 1 0 0 0 0 0
0 0 0 0 0 0 1
0 0 1 0 0 0 0
0 1 0 0 0 0 0
0 0 0 1 0 0 0
0 1 0 0 0 0 0
0 0 1 0 0 0 0
0 0 0 0 0 0 1
0 0 0 0 0 1 0
1 0 0 0 0 0 0
0 1 0 0 0 0 0
0 0 0 1 0 0 0
0 0 0 1 0 0 0
0 0 0 0 0 0 1
0 0 1 0 0 0 0
0 0 0 0 0 1 0
0 1 0 0 0 0 0
1 0 0 0 0 0 0
0 1 0 0 0 0 0
0 0 0 0 1 0 0
0 0 0 0 0 1 0
0 0 1 0 0 0 0
0 0 0 0 1 0 0
0 1 0 0 0 0 0
1 0 0 0 0 0 0
0 0 0 0 0 0 1
0 0 1 0 0 0 0
0 0 0 0 0 1 0
0 1 0 0 0 0 0
0 0 0 0 0 1 0
0 0 0 1 0 0 0
0 0 0 1 0 0 0
0 0 0 0 1 0 0
0 0 0 0 0 1 0
0 0 0 0 0 0 1
0 0 0 0 0 0 1
0 1 0 0 0 0 0
0 0 0 0 0 0 1
0 1 0 0 0 0 0
1 0 0 0 0 0 0
0 0 0 0 0 1 0
1 0 0 0 0 0 0
0 0 0 0 0 0 1
0 0 0 0 0 1 0
0 0 1 0 0 0 0
0 0 0 1 0 0 0
1 0 0 0 0 0 0
0 0 0 0 0 1 0
0 0 0 0 0 1 0
0 0 0 0 1 0 0
0 1 0 0 0 0 0
0 0 0 0 0 0 1
0 0 1 0 0 0 0
0 0 0 0 0 0 1
0 0 0 1 0 0 0
0 1 0 0 0 0 0
1 0 0 0 0 0 0
0 1 0 0 0 0 0
0 0 1 0 0 0 0
1 0 0 0 0 0 0
0 0 0 1 0 0 0
0 0 1 0 0 0 0
0 1 0 0 0 0 0
1 0 0 0 0 0 0
0 0 0 0 0 1 0
0 0 1 0 0 0 0
0 0 0 0 0 1 0
0 0 0 0 0 0 1
1 0 0 0 0 0 0
0 0 0 0 0 0 1
0 0 0 0 0 0 1
1 0 0 0 0 0 0
0 0 0 0 0 0 1
0 1 0 0 0 0 0
0 0 0 0 0 1 0
0 0 1 0 0 0 0
1 0 0 0 0 0 0
0 0 0 0 0 1 0
0 0 0 0 0 1 0
0 0 0 0 0 1 0
0 0 0 0 0 1 0
0 0 0 0 0 1 0
1 0 0 0 0 0 0
0 0 0 0 1 0 0
0 0 0 0 0 1 0
0 0 0 0 0 1 0
0 1 0 0 0 0 0
0 0 1 0 0 0 0
0 0 0 0 0 1 0
0 1 0 0 0 0 0
0 1 0 0 0 0 0
0 0 0 0 1 0 0
0 0 0 1 0 0 0
1 0 0 0 0 0 0
0 0 0 0 1 0 0
0 0 0 1 0 0 0
0 0 0 0 1 0 0
0 0 0 1 0 0 0
0 0 1 0 0 0 0
1 0 0 0 0 0 0
0 1 0 0 0 0 0
0 0 0 0 0 1 0
0 0 0 0 0 0 1
0 1 0 0 0 0 0
0 0 0 1 0 0 0
0 0 1 0 0 0 0
0 1 0 0 0 0 0
0 0 0 0 0 1 0
1 0 0 0 0 0 0
0 0 0 0 0 1 0
0 0 1 0 0 0 0
0 1 0 0 0 0 0
0 0 1 0 0 0 0
0 0 1 0 0 0 0
0 1 0 0 0 0 0
0 1 0 0 0 0 0
0 0 0 0 0 1 0
0 0 1 0 0 0 0
1 0 0 0 0 0 0
0 0 1 0 0 0 0
0 0 0 0 0 1 0
0 1 0 0 0 0 0
0 0 0 0 0 0 1
0 0 0 0 0 0 1
0 0 0 1 0 0 0
0 0 1 0 0 0 0
0 1 0 0 0 0 0
0 1 0 0 0 0 0
0 0 0 0 0 0 1
0 0 0 0 0 0 1
0 0 1 0 0 0 0
0 0 0 0 0 0 1
0 0 0 0 0 1 0
1 0 0 0 0 0 0
0 0 1 0 0 0 0
0 0 0 0 0 0 1
1 0 0 0 0 0 0
0 1 0 0 0 0 0
0 0 0 0 0 1 0
0 0 0 0 1 0 0
0 0 0 0 0 0 1
0 0 0 0 1 0 0
0 0 0 0 1 0 0
0 0 0 1 0 0 0
0 0 0 0 1 0 0
0 0 0 1 0 0 0
0 0 0 0 0 0 1
0 0 0 0 1 0 0
0 0 0 0 0 0 1
0 0 0 0 0 1 0
1 0 0 0 0 0 0
0 0 1 0 0 0 0
0 0 1 0 0 0 0
0 1 0 0 0 0 0
1 0 0 0 0 0 0
1 0 0 0 0 0 0
0 0 0 0 0 1 0
0 0 0 0 1 0 0
0 0 0 0 1 0 0
0 0 1 0 0 0 0
1 0 0 0 0 0 0
0 0 0 1 0 0 0
0 0 1 0 0 0 0
0 0 1 0 0 0 0
0 1 0 0 0 0 0
0 0 0 0 0 0 1
0 0 1 0 0 0 0
0 0 0 0 0 0 1
0 0 0 0 0 0 1
0 0 0 1 0 0 0
0 1 0 0 0 0 0
0 1 0 0 0 0 0
1 0 0 0 0 0 0
0 0 1 0 0 0 0
0 0 0 0 0 1 0
0 0 1 0 0 0 0
0 0 1 0 0 0 0
0 0 1 0 0 0 0
0 0 0 0 1 0 0
0 0 0 0 0 0 1
1 0 0 0 0 0 0
0 0 0 0 0 1 0
0 0 0 0 1 0 0
0 0 0 1 0 0 0
0 0 0 0 1 0 0
0 0 0 0 0 0 1
0 1 0 0 0 0 0
0 0 1 0 0 0 0
0 0 0 0 0 0 1
0 0 0 0 1 0 0
0 0 0 0 0 0 1
0 0 1 0 0 0 0
0 0 0 0 0 1 0
0 0 0 1 0 0 0
0 1 0 0 0 0 0
0 0 0 0 1 0 0
0 0 0 0 0 1 0
0 1 0 0 0 0 0
0 0 0 1 0 0 0
0 0 0 0 0 0 1
0 0 1 0 0 0 0
1 0 0 0 0 0 0
0 0 1 0 0 0 0
0 0 1 0 0 0 0
0 0 0 0 1 0 0
0 1 0 0 0 0 0
1 0 0 0 0 0 0
0 0 0 1 0 0 0
1 0 0 0 0 0 0
0 0 1 0 0 0 0
0 0 0 0 0 1 0
0 0 0 0 0 0 1
0 0 1 0 0 0 0
0 0 0 0 0 1 0
0 1 0 0 0 0 0
0 0 0 0 1 0 0
0 0 1 0 0 0 0
0 1 0 0 0 0 0
0 0 0 0 0 1 0
0 1 0 0 0 0 0
0 0 0 1 0 0 0
1 0 0 0 0 0 0
0 0 0 0 0 1 0
0 0 0 0 0 1 0
0 0 0 1 0 0 0
0 0 0 1 0 0 0
1 0 0 0 0 0 0
0 0 0 0 0 0 1
0 1 0 0 0 0 0
0 0 0 1 0 0 0
0 0 1 0 0 0 0
0 0 1 0 0 0 0
0 0 1 0 0 0 0
0 0 1 0 0 0 0
0 0 0 0 0 0 1
1 0 0 0 0 0 0
0 0 0 1 0 0 0
1 0 0 0 0 0 0
0 0 0 1 0 0 0
0 0 0 0 0 0 1
0 0 0 1 0 0 0
0 0 0 0 0 1 0
0 1 0 0 0 0 0
0 0 0 0 0 1 0
1 0 0 0 0 0 0
0 0 0 0 0 1 0
0 1 0 0 0 0 0
0 0 0 0 0 0 1
0 1 0 0 0 0 0
1 0 0 0 0 0 0
0 0 0 0 0 0 1
0 0 0 0 1 0 0
0 1 0 0 0 0 0
0 0 0 0 1 0 0
0 0 0 0 1 0 0
0 0 0 0 1 0 0
0 1 0 0 0 0 0
0 0 0 0 1 0 0
0 1 0 0 0 0 0
0 0 0 0 1 0 0
0 1 0 0 0 0 0
0 0 0 0 0 1 0
0 0 1 0 0 0 0
0 1 0 0 0 0 0
0 0 0 0 1 0 0
0 1 0 0 0 0 0
0 0 1 0 0 0 0
0 1 0 0 0 0 0
0 0 0 0 0 0 1
0 0 0 0 0 1 0
0 1 0 0 0 0 0
0 0 0 0 0 0 1
0 0 0 1 0 0 0
0 0 0 1 0 0 0
0 0 1 0 0 0 0
0 1 0 0 0 0 0
0 0 0 0 0 0 1
0 0 0 1 0 0 0
1 0 0 0 0 0 0
0 0 1 0 0 0 0
0 0 1 0 0 0 0
0 0 0 0 1 0 0
0 0 0 0 0 0 1
0 0 0 0 1 0 0
0 1 0 0 0 0 0
1 0 0 0 0 0 0
0 0 0 0 0 1 0
0 0 0 0 0 0 1
0 0 1 0 0 0 0
0 0 0 0 0 0 1
0 1 0 0 0 0 0
0 1 0 0 0 0 0
0 0 0 0 1 0 0
0 1 0 0 0 0 0
0 0 0 1 0 0 0
1 0 0 0 0 0 0
0 0 0 0 1 0 0
0 1 0 0 0 0 0
1 0 0 0 0 0 0
0 1 0 0 0 0 0
0 0 0 0 0 0 1
0 0 0 0 1 0 0
0 0 0 0 1 0 0
0 0 0 0 1 0 0
0 0 0 0 0 0 1
0 0 1 0 0 0 0
0 0 0 0 1 0 0
0 0 0 0 0 0 1
0 0 1 0 0 0 0
0 1 0 0 0 0 0
0 0 0 0 1 0 0
0 0 0 0 0 1 0
0 0 1 0 0 0 0
0 0 0 0 0 0 1
0 0 1 0 0 0 0
0 0 0 1 0 0 0
0 0 0 0 0 0 1
0 1 0 0 0 0 0
0 0 0 0 0 1 0
0 0 0 0 1 0 0
0 0 0 0 1 0 0
1 0 0 0 0 0 0
0 0 0 1 0 0 0
1 0 0 0 0 0 0
0 0 0 0 1 0 0
0 0 0 0 1 0 0
0 0 1 0 0 0 0
0 0 1 0 0 0 0
0 1 0 0 0 0 0
0 0 0 1 0 0 0
0 0 0 0 0 1 0
0 0 0 0 1 0 0
0 0 1 0 0 0 0
0 0 1 0 0 0 0
0 1 0 0 0 0 0
1 0 0 0 0 0 0
0 1 0 0 0 0 0
0 0 0 0 1 0 0
0 0 0 1 0 0 0
0 1 0 0 0 0 0
0 0 1 0 0 0 0
1 0 0 0 0 0 0
0 0 0 0 1 0 0
0 1 0 0 0 0 0
0 0 0 0 0 0 1
0 0 0 0 0 1 0
0 0 0 0 0 0 1
0 0 1 0 0 0 0
1 0 0 0 0 0 0
0 0 0 0 1 0 0
0 0 0 1 0 0 0
0 1 0 0 0 0 0
0 0 0 1 0 0 0
0 0 1 0 0 0 0
0 0 0 0 0 0 1
0 0 1 0 0 0 0
0 1 0 0 0 0 0
0 0 0 0 0 0 1
0 0 0 0 1 0 0
0 0 0 1 0 0 0
0 0 1 0 0 0 0
0 0 0 0 1 0 0
0 0 0 0 1 0 0
0 0 0 0 0 0 1
1 0 0 0 0 0 0
0 0 0 0 1 0 0
0 0 0 0 1 0 0
0 0 0 0 1 0 0
0 1 0 0 0 0 0
0 0 0 0 0 0 1
0 0 0 0 1 0 0
0 0 0 1 0 0 0
0 0 0 1 0 0 0
0 0 0 1 0 0 0
0 1 0 0 0 0 0
0 0 0 0 0 0 1
0 0 0 0 0 1 0
0 0 0 0 0 1 0
0 1 0 0 0 0 0
1 0 0 0 0 0 0
0 0 0 0 1 0 0
0 0 0 1 0 0 0
0 1 0 0 0 0 0
0 0 0 1 0 0 0
0 0 0 0 0 0 1
0 0 0 0 0 1 0
0 0 0 0 0 0 1
0 0 0 0 1 0 0
0 0 0 0 1 0 0
0 0 0 0 0 0 1
0 0 0 0 0 1 0
0 1 0 0 0 0 0
0 0 0 0 1 0 0
0 0 0 0 0 1 0
1 0 0 0 0 0 0
0 0 1 0 0 0 0
0 0 0 0 0 1 0
0 0 0 0 0 1 0
0 0 0 0 1 0 0
0 1 0 0 0 0 0
0 0 0 0 1 0 0
0 0 0 1 0 0 0
0 0 0 0 0 0 1
0 0 0 0 0 1 0
0 0 0 0 1 0 0
1 0 0 0 0 0 0
0 0 1 0 0 0 0
0 0 1 0 0 0 0
0 0 0 0 1 0 0
0 0 0 0 0 0 1
0 0 0 0 1 0 0
0 0 0 1 0 0 0
1 0 0 0 0 0 0
0 1 0 0 0 0 0
0 0 0 0 0 0 1
0 0 0 0 0 1 0
0 1 0 0 0 0 0
0 0 0 1 0 0 0
0 0 0 0 1 0 0
0 0 0 1 0 0 0
0 0 0 1 0 0 0
0 1 0 0 0 0 0
0 0 0 0 1 0 0
0 0 0 0 0 1 0
0 0 0 0 1 0 0
0 0 0 0 0 0 1
0 0 0 0 1 0 0
0 0 0 1 0 0 0
0 0 0 0 0 0 1
0 0 0 1 0 0 0
0 1 0 0 0 0 0
0 0 0 1 0 0 0
0 0 0 1 0 0 0
0 0 1 0 0 0 0
1 0 0 0 0 0 0
0 0 1 0 0 0 0
0 0 0 0 0 0 1
0 0 0 0 1 0 0
0 0 1 0 0 0 0
0 0 1 0 0 0 0
0 0 0 0 0 1 0
0 0 1 0 0 0 0
0 0 0 0 1 0 0
0 0 0 0 0 1 0
0 0 1 0 0 0 0
1 0 0 0 0 0 0
0 0 0 0 0 1 0
0 0 0 0 0 1 0
0 0 0 0 0 1 0
0 0 0 0 0 1 0
0 1 0 0 0 0 0
0 0 0 0 1 0 0
0 0 0 0 0 0 1
0 1 0 0 0 0 0
1 0 0 0 0 0 0
1 0 0 0 0 0 0
0 0 1 0 0 0 0
0 0 1 0 0 0 0
0 0 0 1 0 0 0
0 0 0 0 0 1 0
0 0 0 0 0 0 1
0 0 0 0 0 1 0
0 0 1 0 0 0 0
0 0 0 0 0 0 1
0 0 0 1 0 0 0
1 0 0 0 0 0 0
1 0 0 0 0 0 0
0 0 0 1 0 0 0
0 0 0 0 0 1 0
1 0 0 0 0 0 0
0 0 0 0 0 0 1
1 0 0 0 0 0 0
0 0 0 0 0 1 0

Capacidades:
55 32 42 23 56 48 27
46 46 43 45 40 50 35
0 32 30 0 33 43 49
50 50 59 58 34 28 43
37 35 29 44 50 25 32
