m: 500
n: 5
p: 6

Distancias:
3.83 7.56 6.16 3.74 1.33
6.22 1.34 9.28 7.47 1.87
3.38 3.01 1.85 9.65 3.84
7.34 4.99 7.74 3.54 7.98
7.68 7.70 1.68 1.67 6.93
3.87 8.06 5.31 9.02 5.54
6.60 7.44 9.47 8.23 4.19
7.09 5.69 8.73 9.74 5.67
6.87 8.42 9.87 5.66 2.79
9.62 1.29 7.66 3.15 2.68
7.36 9.16 2.60 6.27 6.35
4.38 8.83 2.35 7.77 1.33
4.08 2.86 5.16 8.94 6.45
9.03 4.34 5.01 8.36 1.68
4.93 1.30 4.19 9.94 3.03
3.71 6.83 1.82 7.21 9.88
2.57 3.42 6.70 1.87 4.75
4.63 3.30 5.63 5.46 5.45
2.87 7.33 4.12 8.28 5.96
4.88 5.21 2.46 8.92 8.60
9.05 4.89 8.96 1.74 5.09
1.71 9.13 4.69 7.59 9.08
7.75 5.59 7.74 2.36 9.68
9.01 5.73 5.99 7.76 7.26
2.99 4.91 8.81 3.86 8.33
6.97 2.76 4.60 3.07 6.67
2.92 9.00 9.55 3.13 8.66
4.45 6.14 8.60 9.78 4.66
2.37 9.68 7.45 1.70 1.84
2.47 4.66 2.90 6.05 9.11
8.43 4.98 2.04 9.33 2.01
3.90 8.57 1.17 3.06 5.91
8.36 3.30 9.28 5.89 6.65
7.23 1.93 2.25 7.24 8.20
4.99 2.16 2.79 2.42 7.38
4.00 1.75 2.94 5.43 9.44
7.06 4.84 8.11 9.04 7.51
5.65 4.33 1.31 8.49 7.47
7.19 9.07 4.52 5.26 2.24
9.31 5.87 9.66 1.10 2.25
7.80 4.69 9.56 1.14 9.39
1.41 6.99 4.66 2.97 1.39
7.94 8.53 6.52 3.35 4.56
4.92 9.65 9.43 9.49 9.43
3.28 5.65 6.16 7.90 5.71
1.60 6.98 9.22 3.83 6.41
8.49 4.38 4.32 8.25 7.76
7.93 7.52 4.27 9.69 1.12
3.04 3.63 2.04 5.33 1.23
3.68 2.07 8.14 7.25 2.94
8.39 8.09 8.41 2.56 3.78
2.73 9.82 5.66 1.27 5.75
1.20 9.16 4.74 4.62 7.25
3.57 8.99 4.47 6.72 7.41
2.47 5.47 1.78 2.02 1.25
8.29 5.30 2.50 1.12 7.90
4.94 1.08 5.97 4.32 1.01
9.60 6.07 2.30 9.43 4.80
3.24 4.73 2.85 5.02 1.43
8.02 7.66 6.59 5.08 9.24
4.64 5.64 4.53 4.80 6.36
6.79 3.55 4.77 3.10 7.97
4.16 6.39 3.52 8.38 3.29
5.87 3.03 4.33 3.18 3.85
5.14 1.67 5.58 5.14 7.89
7.51 7.34 6.32 6.00 8.29
2.61 4.39 5.62 4.90 5.29
8.51 8.92 2.02 2.74 5.78
9.97 4.82 9.53 5.53 7.99
7.94 9.09 1.77 1.38 4.14
7.96 5.47 8.23 5.01 3.68
2.46 6.92 9.93 8.55 3.08
2.38 3.83 4.41 9.13 9.59
9.72 9.66 5.05 2.39 4.73
2.34 3.62 8.26 3.01 7.88
9.00 2.66 3.22 3.28 9.94
3.01 6.14 6.23 1.84 7.06
9.66 8.64 3.63 2.29 4.34
3.16 3.39 7.24 3.41 4.42
1.47 4.58 8.16 5.91 6.53
6.75 8.59 6.32 1.35 2.96
8.35 5.04 9.19 3.62 7.20
8.15 7.74 4.61 8.08 7.03
2.99 5.81 6.27 4.49 3.36
9.55 3.68 1.63 5.92 9.31
8.09 5.12 6.37 5.56 2.50
8.74 2.29 8.16 9.35 8.84
6.64 6.14 1.33 2.23 6.02
8.17 3.15 6.78 3.93 7.54
6.96 5.04 2.73 7.13 1.87
5.78 1.78 5.66 6.84 6.64
1.04 1.61 6.04 7.61 5.44
3.82 3.61 1.02 2.53 1.25
2.04 2.25 7.53 8.92 9.28
4.46 1.89 4.10 8.86 2.05
7.91 8.84 3.75 4.39 1.64
3.64 4.54 8.26 3.14 9.25
1.19 7.18 2.96 1.39 7.12
6.66 1.37 9.07 7.07 4.80
5.80 2.15 9.75 2.29 5.83
3.06 8.94 1.12 5.54 2.14
5.34 8.55 3.99 9.95 2.43
1.01 6.48 3.82 3.92 4.22
1.26 6.09 8.71 5.61 4.11
4.02 4.44 8.41 2.55 3.87
5.25 8.26 9.52 1.71 6.89
3.36 8.69 9.81 7.24 4.02
2.46 3.04 2.34 6.62 7.88
3.02 2.09 9.99 8.05 9.76
3.21 6.09 5.41 9.04 6.30
4.18 1.60 5.34 9.43 3.68
2.43 1.63 1.28 3.56 9.69
8.10 9.36 4.32 8.88 4.78
1.21 7.99 5.08 1.01 2.17
4.47 3.59 2.66 5.41 3.43
5.96 4.08 7.87 3.70 9.78
5.88 6.57 5.04 3.13 6.25
5.47 2.18 1.41 8.15 5.68
8.45 2.53 6.90 9.24 2.43
8.92 4.84 6.34 8.74 7.93
8.48 4.21 1.37 8.85 4.17
3.38 7.53 1.19 5.08 3.29
6.00 9.52 4.14 1.02 2.11
1.47 5.48 1.38 9.73 8.81
1.67 9.17 6.16 2.67 5.16
9.93 6.52 7.88 5.58 7.66
1.76 4.06 8.76 2.07 7.21
3.16 1.61 6.33 8.68 9.86
6.86 5.76 5.23 8.37 1.56
8.72 1.42 3.73 4.39 5.37
2.16 1.81 4.63 4.32 3.83
7.73 9.11 4.26 7.59 7.50
4.47 7.76 1.42 1.17 7.62
5.39 7.47 6.66 2.59 1.77
3.93 5.25 5.15 8.04 1.32
2.41 5.52 1.88 7.14 5.10
3.63 4.17 7.46 5.47 9.85
7.42 6.03 7.59 9.50 9.96
8.31 9.03 9.93 5.96 9.00
5.84 3.94 7.29 1.91 8.67
8.51 1.55 2.69 6.90 1.79
3.81 6.94 5.02 3.47 9.09
6.77 5.95 8.90 1.33 9.42
8.54 2.30 8.23 9.57 3.72
5.82 3.99 2.49 9.72 8.21
7.62 7.04 1.85 9.54 3.24
9.29 6.65 2.75 5.65 9.33
4.79 4.92 5.21 3.23 4.76
7.29 7.55 4.22 2.91 7.34
5.82 6.47 8.15 1.89 4.40
6.03 2.47 8.88 8.70 2.99
6.59 5.17 2.87 5.84 2.58
8.14 1.01 2.18 1.23 6.54
3.79 7.05 7.85 7.41 5.66
7.53 3.75 5.17 6.77 1.44
9.70 3.42 4.51 8.44 5.30
6.99 6.40 5.74 4.83 8.60
6.55 8.17 6.84 5.36 6.81
7.32 4.57 3.62 5.33 6.63
5.03 9.83 2.37 9.35 1.73
9.02 8.97 1.34 4.99 2.46
9.17 1.38 6.99 7.93 9.75
3.74 1.39 2.90 6.23 2.58
7.97 2.85 4.05 2.44 6.34
5.49 3.30 7.95 7.38 4.02
6.16 6.97 6.76 9.21 2.11
7.52 3.27 9.88 7.10 3.36
4.70 4.60 1.71 6.55 4.99
9.58 8.16 8.34 7.01 6.86
9.09 7.86 4.93 6.95 4.93
2.12 1.77 6.19 6.28 4.98
3.28 2.39 7.08 7.71 4.50
7.76 4.59 1.31 6.07 2.22
4.17 8.33 5.57 6.50 2.00
5.93 6.45 5.81 6.46 6.84
8.17 5.49 4.73 8.27 5.62
1.01 1.51 6.62 4.34 8.00
8.48 1.36 6.58 2.76 5.84
8.07 8.32 4.10 3.02 8.27
6.86 8.09 9.11 9.34 6.29
5.65 5.08 2.73 5.53 4.80
4.98 1.74 8.21 7.98 9.37
4.12 3.52 1.62 2.78 7.56
8.66 7.63 2.10 5.73 3.29
6.78 7.54 7.12 8.86 2.54
2.94 2.22 9.75 8.08 9.00
3.37 2.47 5.11 1.90 4.02
7.94 1.07 7.69 9.44 4.32
1.38 6.05 4.63 4.85 2.53
2.19 5.22 5.33 3.58 2.70
6.45 9.74 6.51 2.35 3.33
9.59 2.78 5.95 6.38 2.46
7.35 7.52 9.26 5.95 2.96
1.53 5.01 3.58 9.86 7.26
1.37 5.84 4.63 9.39 5.19
3.88 7.23 5.58 6.03 3.81
1.43 3.04 2.29 6.04 1.07
6.70 8.48 5.19 2.99 3.73
1.47 4.37 8.37 9.87 3.36
1.26 1.44 8.11 5.94 1.33
6.68 5.30 7.21 1.78 8.25
2.64 7.68 2.87 2.56 2.79
1.69 2.60 4.15 7.22 1.67
2.10 6.61 9.72 9.08 3.41
6.64 1.92 6.43 2.43 4.52
5.93 3.14 3.60 2.55 8.04
3.18 2.16 6.55 6.98 3.00
8.14 8.46 7.23 9.30 2.30
2.97 5.99 7.95 8.55 2.96
8.34 6.94 5.64 2.86 9.30
7.25 9.67 6.14 6.36 6.96
3.08 4.91 7.28 4.35 8.40
1.54 6.09 6.41 3.47 9.37
1.93 8.77 9.42 8.42 8.61
2.99 4.39 6.46 7.35 6.72
6.33 9.66 2.39 9.41 2.47
4.53 5.26 3.04 9.41 4.39
7.41 9.65 6.01 6.73 9.80
2.16 3.95 9.77 4.69 3.25
2.86 9.36 7.06 5.47 7.99
2.02 3.69 3.17 5.57 6.57
5.68 7.51 2.48 8.74 8.65
3.86 7.44 9.08 3.07 6.58
8.00 6.65 8.98 1.55 1.08
1.46 1.13 4.41 2.19 3.07
4.47 4.66 1.70 2.54 8.98
8.63 9.79 4.42 6.04 5.10
9.65 3.72 6.96 9.05 2.00
1.24 2.16 6.70 6.74 7.38
7.66 1.91 2.44 2.54 7.77
7.04 1.20 4.38 3.90 6.83
4.11 7.42 5.85 5.17 2.84
5.84 2.57 1.55 5.62 5.79
1.86 5.04 3.76 1.03 1.47
6.23 1.07 3.59 6.46 1.24
4.91 2.22 5.60 6.25 5.83
8.54 6.17 9.94 6.11 2.44
3.48 5.32 9.23 3.63 2.23
9.10 5.63 3.79 5.93 2.77
7.94 3.78 2.21 9.06 4.82
7.56 9.71 8.94 4.96 4.56
3.03 4.33 2.84 8.08 8.71
7.57 4.63 5.15 1.76 3.28
7.95 2.57 4.74 4.48 6.25
6.65 6.80 6.62 9.84 4.68
4.75 8.09 8.37 7.73 8.24
3.10 6.22 3.28 1.97 5.52
6.26 1.37 9.02 4.73 6.28
5.02 3.03 7.61 7.75 4.07
9.20 3.73 2.13 1.37 8.44
2.46 7.28 9.19 6.38 7.07
3.22 2.65 9.91 2.14 3.03
2.13 9.91 5.22 3.93 3.46
7.58 7.75 5.10 4.25 7.06
1.51 2.99 8.43 9.46 6.85
7.64 5.97 7.73 8.89 2.30
5.79 3.09 1.17 6.85 7.11
5.85 2.96 1.80 6.98 9.92
2.53 5.37 7.19 5.91 2.13
3.97 8.44 6.84 3.60 2.79
6.65 4.17 9.31 5.65 7.79
2.92 1.63 4.43 8.17 1.94
6.15 2.73 5.84 3.13 2.66
5.41 9.94 3.38 7.54 8.82
5.58 3.86 1.57 9.75 6.81
1.67 3.15 7.48 8.58 6.37
1.94 4.03 2.05 8.47 6.71
6.47 8.07 7.34 1.18 1.76
8.77 9.83 3.15 1.49 3.10
1.05 5.41 7.05 7.73 7.83
9.96 5.94 2.98 6.23 3.31
5.17 8.93 2.98 2.46 7.88
3.36 2.46 1.27 8.00 4.53
6.18 8.83 3.05 8.26 9.57
3.05 7.14 5.17 3.82 2.39
4.89 7.14 6.31 2.78 1.69
8.03 3.15 2.70 1.30 3.95
9.73 9.37 4.51 8.49 7.46
1.95 1.04 8.44 1.81 2.88
2.82 4.84 6.08 9.44 2.85
9.12 1.81 8.52 3.90 4.50
6.79 9.90 4.38 9.26 6.06
4.60 8.07 8.97 1.50 8.78
7.97 7.26 1.28 6.08 8.62
7.18 3.40 3.89 9.25 7.51
8.43 2.05 9.71 9.76 5.24
6.17 7.22 7.60 1.21 9.74
1.82 6.27 1.84 3.50 4.41
9.69 4.30 4.74 3.34 1.98
1.90 9.70 4.89 7.61 9.74
2.33 9.60 1.15 7.15 5.24
3.94 5.13 8.83 8.81 6.05
3.64 2.43 9.21 6.85 2.40
2.22 6.65 8.87 8.97 6.29
6.78 6.13 4.11 7.64 6.81
2.21 5.78 1.01 9.81 7.98
3.70 8.09 7.96 9.73 4.87
3.50 7.97 6.59 1.96 2.38
5.14 7.89 3.86 2.69 5.62
5.52 8.54 6.33 5.72 1.62
6.89 9.16 7.16 1.56 5.89
7.82 8.63 6.32 5.89 3.13
4.06 7.25 4.81 3.74 1.33
6.78 5.95 4.60 7.69 1.97
1.88 9.97 4.94 4.62 9.41
3.32 9.81 4.38 6.23 4.45
7.27 3.02 6.62 7.54 8.20
5.31 1.12 6.75 8.21 9.39
2.82 8.82 4.02 5.46 5.35
5.56 3.68 9.12 2.78 3.35
2.17 4.89 8.70 1.53 5.53
1.16 5.54 9.94 3.57 1.43
2.64 1.56 4.67 5.32 7.26
8.97 6.88 8.13 5.67 7.80
1.76 8.35 9.73 3.67 2.13
1.07 1.15 6.39 6.92 9.26
7.51 8.49 3.82 4.61 8.64
5.81 8.15 4.41 8.58 7.58
9.48 5.98 8.90 2.21 2.72
8.08 8.95 9.50 4.80 3.89
3.64 3.79 8.42 6.12 6.18
6.42 5.61 7.48 9.59 1.76
8.29 8.19 3.09 6.44 8.17
1.38 2.26 6.71 7.28 3.33
7.48 3.00 3.14 9.22 8.29
3.38 8.62 1.64 9.03 1.28
1.16 4.01 7.98 5.86 8.96
4.52 3.55 3.71 9.89 2.43
3.53 3.17 8.31 8.74 2.99
6.10 6.95 3.93 6.20 1.27
9.04 2.43 4.93 4.64 9.45
1.57 4.98 5.72 6.01 1.81
3.59 1.58 9.44 2.11 9.96
6.20 7.33 9.09 8.48 3.06
3.05 2.18 2.53 2.68 2.84
7.37 9.10 1.39 7.99 2.48
7.70 9.84 4.23 4.73 4.80
1.85 3.30 4.18 6.69 7.97
5.65 9.62 1.30 9.41 8.98
2.49 8.44 3.27 1.38 3.20
1.21 9.68 7.56 3.16 1.69
8.36 5.16 6.12 8.64 6.91
5.14 4.28 1.35 4.12 9.84
9.60 6.94 1.60 5.58 9.66
6.25 6.42 2.94 9.19 9.37
7.99 3.25 3.36 3.85 8.03
6.28 4.45 4.54 9.72 2.35
9.28 4.06 1.37 9.72 1.31
8.90 8.64 8.76 7.80 4.65
8.30 1.92 1.75 1.30 5.87
2.60 9.59 3.11 5.74 1.30
9.40 1.73 7.25 5.24 3.51
4.97 5.24 1.70 3.86 6.28
3.41 2.01 5.32 6.69 5.28
4.11 1.75 5.65 3.98 4.78
1.83 2.58 8.06 9.60 5.59
5.97 9.24 5.67 8.50 2.26
1.69 2.20 3.45 6.89 7.16
7.32 9.76 9.10 7.64 6.02
5.68 8.49 7.11 8.83 5.58
8.26 6.91 5.96 1.32 3.68
7.95 3.77 2.31 9.42 4.93
7.46 1.53 3.46 3.59 1.69
7.38 8.34 9.10 3.89 8.69
6.70 4.36 3.68 8.92 8.60
5.99 3.20 1.51 5.07 1.26
9.25 7.05 8.63 8.05 7.33
5.01 6.60 4.34 1.89 9.39
6.05 8.92 1.28 2.19 7.02
5.95 5.21 5.77 4.06 8.08
1.11 9.37 2.66 3.29 4.79
1.52 3.79 3.98 4.64 6.03
1.13 8.50 3.54 5.46 1.55
2.77 5.88 5.34 4.62 3.32
2.33 1.53 4.12 4.08 9.24
7.63 8.80 8.97 1.33 1.31
8.22 8.36 9.66 1.41 6.82
6.86 2.33 7.59 3.60 9.30
1.45 5.90 7.18 7.60 4.69
2.93 6.84 3.20 8.90 1.01
8.79 4.81 7.49 2.66 2.57
5.64 3.60 8.00 3.98 4.75
4.83 6.08 9.89 3.53 1.43
4.69 3.52 5.03 6.51 5.81
7.78 1.77 4.37 3.94 5.64
9.95 6.65 2.07 3.30 1.08
7.86 4.46 7.68 1.87 5.65
3.18 2.68 3.87 9.51 5.97
8.83 2.27 2.06 4.48 7.89
1.15 5.21 5.56 8.88 2.33
1.98 3.52 8.77 7.54 2.91
2.37 9.39 5.92 4.11 2.97
5.19 9.80 4.95 2.28 7.08
5.79 2.95 6.02 7.80 8.45
7.44 7.35 7.97 7.63 8.84
6.60 1.73 9.00 3.01 1.34
9.60 3.59 1.71 8.29 6.70
5.35 1.17 8.98 1.60 6.32
2.23 6.78 5.08 3.81 3.68
2.82 2.72 6.84 9.58 6.70
9.71 5.73 4.95 3.21 5.83
8.56 8.70 7.50 3.97 9.06
1.92 3.32 1.61 1.91 9.04
1.11 7.04 6.41 6.28 5.89
9.13 9.45 2.24 8.41 4.21
7.30 4.61 7.78 5.28 1.19
7.97 9.40 8.52 2.86 9.42
6.70 7.01 4.46 4.22 9.07
3.56 9.11 2.31 6.42 8.01
6.16 4.27 5.19 2.27 9.86
1.92 8.60 9.59 1.54 7.04
7.36 5.97 7.65 3.86 9.28
3.66 3.25 7.54 3.21 4.96
1.63 1.58 6.92 9.71 3.81
6.77 5.21 7.25 1.70 8.42
2.01 5.60 6.89 8.82 1.91
4.20 8.39 8.69 4.76 8.51
1.03 8.92 7.97 9.41 8.49
3.23 1.81 5.75 7.96 4.53
7.64 4.50 2.99 6.79 4.36
1.74 8.27 3.06 9.25 6.32
8.66 2.07 4.90 4.48 4.40
9.45 1.59 4.59 5.30 3.51
6.85 7.34 7.18 6.25 1.23
7.53 7.34 7.92 6.94 1.15
6.44 5.73 3.98 2.51 7.68
8.94 5.77 2.07 6.01 2.83
5.86 1.83 3.64 4.74 9.82
4.86 9.63 6.03 1.45 6.62
3.86 7.53 2.10 2.94 7.98
5.08 4.05 2.17 3.71 1.13
3.33 8.28 2.28 3.18 7.23
7.47 6.78 7.93 9.92 6.44
5.09 5.90 8.35 6.97 5.59
1.69 9.21 9.40 4.39 9.95
1.81 7.83 5.73 8.57 5.12
8.66 6.66 8.13 4.54 4.70
2.16 3.54 8.42 2.37 4.90
8.30 6.49 3.35 6.19 1.08
9.25 2.18 6.20 2.22 2.68
6.44 4.93 3.73 8.34 3.43
2.76 5.38 7.37 6.68 3.88
3.68 9.76 7.29 1.45 5.47
9.96 9.65 7.03 8.83 5.53
3.17 8.86 6.29 3.62 5.70
2.70 7.22 2.68 1.02 9.19
5.74 5.02 7.92 4.86 7.97
9.65 3.91 9.52 5.71 6.29
9.21 9.60 6.85 6.42 7.02
5.17 2.88 5.77 9.35 8.14
2.40 1.74 6.73 9.02 4.47
1.62 6.30 6.36 8.41 4.89
8.53 7.98 3.76 5.87 5.45
5.69 7.28 6.33 7.95 3.86
3.93 3.58 4.03 5.13 4.38
7.32 4.13 3.56 4.53 3.62
1.23 4.61 6.21 1.25 5.49
1.76 2.09 1.29 8.01 9.77
8.25 3.24 6.69 4.62 1.98
9.02 5.90 4.61 7.51 4.77
8.01 3.40 9.53 3.30 3.59
3.78 9.43 3.59 3.63 5.04
9.18 5.60 2.30 4.40 3.40
9.77 2.81 3.39 8.85 9.69
7.35 1.30 2.52 5.46 3.54
7.10 7.44 8.99 7.20 7.85
7.25 7.36 8.61 7.45 9.24
3.61 8.04 7.28 6.84 1.92
5.84 8.22 5.89 9.25 8.94
9.73 1.21 8.60 1.13 4.72
9.30 3.23 8.54 4.14 4.55
8.33 4.53 8.56 8.00 8.63
7.24 8.49 9.03 1.36 2.57
8.80 9.68 3.82 5.99 3.86
3.71 3.24 6.85 2.33 8.80
4.14 2.93 9.76 7.11 6.88
9.90 4.53 7.60 3.33 6.48
5.86 9.63 2.12 5.77 4.09
7.04 8.54 3.73 5.49 1.25
3.00 6.77 2.47 6.61 5.49
8.72 3.13 8.34 1.56 3.89
2.27 2.89 9.78 2.94 5.97
3.56 3.01 3.12 2.68 5.60
5.60 5.89 2.01 1.32 6.73
6.84 7.89 3.13 3.70 7.11
6.29 6.59 1.11 4.98 9.21
1.17 7.21 4.72 6.02 6.00
6.79 5.23 8.53 9.45 4.73
7.82 3.47 9.93 2.38 5.56
1.07 1.95 8.08 2.53 7.87
9.68 5.99 8.01 3.68 9.51
7.15 2.51 4.37 7.46 7.28
8.37 6.39 3.23 6.97 4.89
6.90 3.82 6.36 2.00 1.86
7.73 4.59 7.96 7.18 7.09
6.00 9.41 7.56 4.83 7.93
9.32 3.86 1.98 9.54 3.77
8.17 5.78 2.64 8.28 3.58
8.66 1.47 1.19 8.92 2.48
2.39 8.15 4.34 1.24 1.05

Demandas:
0 0 0 0 0 1
0 0 0 1 0 0
1 0 0 0 0 0
0 1 0 0 0 0
0 0 0 1 0 0
0 0 0 0 0 1
0 0 1 0 0 0
0 0 0 1 0 0
0 0 0 1 0 0
1 0 0 0 0 0
1 0 0 0 0 0
0 0 1 0 0 0
0 0 0 0 1 0
0 0 0 0 1 0
1 0 0 0 0 0
0 0 0 1 0 0
0 0 1 0 0 0
1 0 0 0 0 0
0 0 0 0 0 1
0 0 1 0 0 0
0 0 0 1 0 0
0 0 0 1 0 0
1 0 0 0 0 0
0 0 0 0 0 1
1 0 0 0 0 0
0 1 0 0 0 0
0 0 0 1 0 0
0 0 0 1 0 0
0 0 0 0 0 1
0 0 0 0 0 1
0 0 1 0 0 0
0 0 0 0 1 0
0 1 0 0 0 0
0 0 0 0 0 1
0 0 0 0 1 0
0 0 0 0 1 0
0 0 0 1 0 0
1 0 0 0 0 0
0 0 0 0 0 1
0 1 0 0 0 0
0 0 1 0 0 0
1 0 0 0 0 0
0 0 1 0 0 0
0 0 1 0 0 0
0 0 0 0 0 1
0 0 0 0 1 0
0 0 0 0 1 0
0 0 1 0 0 0
0 0 0 0 1 0
0 1 0 0 0 0
0 1 0 0 0 0
0 0 0 0 0 1
0 0 0 0 0 1
0 0 0 1 0 0
0 0 0 1 0 0
0 1 0 0 0 0
0 0 0 0 0 1
0 0 0 0 0 1
0 1 0 0 0 0
0 0 1 0 0 0
0 0 0 0 1 0
0 0 0 1 0 0
0 0 0 0 0 1
1 0 0 0 0 0
0 1 0 0 0 0
0 0 0 1 0 0
0 0 0 0 1 0
0 0 1 0 0 0
0 0 0 0 0 1
0 0 0 1 0 0
0 1 0 0 0 0
0 0 0 0 0 1
0 0 0 1 0 0
0 1 0 0 0 0
0 0 0 0 1 0
0 1 0 0 0 0
0 0 1 0 0 0
1 0 0 0 0 0
0 0 1 0 0 0
0 0 1 0 0 0
1 0 0 0 0 0
1 0 0 0 0 0
0 1 0 0 0 0
0 1 0 0 0 0
0 1 0 0 0 0
0 0 0 1 0 0
0 0 0 1 0 0
1 0 0 0 0 0
1 0 0 0 0 0
0 0 0 0 0 1
0 0 0 0 0 1
0 1 0 0 0 0
0 1 0 0 0 0
0 0 0 0 0 1
0 0 0 1 0 0
0 0 0 0 0 1
0 1 0 0 0 0
0 0 1 0 0 0
0 1 0 0 0 0
0 0 0 0 0 1
0 0 0 1 0 0
0 0 0 0 1 0
0 0 0 0 1 0
0 0 1 0 0 0
0 0 0 0 0 1
0 0 0 1 0 0
0 0 0 0 0 1
0 0 0 0 0 1
0 1 0 0 0 0
0 0 0 1 0 0
1 0 0 0 0 0
0 0 1 0 0 0
0 0 1 0 0 0
0 0 0 0 0 1
0 0 0 0 1 0
0 0 0 1 0 0
0 0 0 0 0 1
1 0 0 0 0 0
0 0 0 0 1 0
0 0 0 1 0 0
0 0 1 0 0 0
0 0 1 0 0 0
0 0 0 1 0 0
0 0 0 0 1 0
0 0 0 0 0 1
1 0 0 0 0 0
1 0 0 0 0 0
1 0 0 0 0 0
0 0 0 0 1 0
0 0 0 0 0 1
0 0 0 1 0 0
0 0 0 1 0 0
1 0 0 0 0 0
0 0 1 0 0 0
0 0 1 0 0 0
0 0 0 0 0 1
0 0 1 0 0 0
1 0 0 0 0 0
0 0 0 1 0 0
1 0 0 0 0 0
0 0 1 0 0 0
0 1 0 0 0 0
0 0 0 0 1 0
0 1 0 0 0 0
0 0 0 0 0 1
0 0 0 0 0 1
0 0 0 1 0 0
0 0 0 0 0 1
0 1 0 0 0 0
0 1 0 0 0 0
0 0 0 0 1 0
0 0 0 0 0 1
1 0 0 0 0 0
1 0 0 0 0 0
0 0 0 1 0 0
0 0 1 0 0 0
0 0 0 0 1 0
0 0 0 0 0 1
0 1 0 0 0 0
0 1 0 0 0 0
0 0 0 1 0 0
0 0 1 0 0 0
0 1 0 0 0 0
0 1 0 0 0 0
0 0 0 0 1 0
0 0 1 0 0 0
0 0 0 0 0 1
0 0 1 0 0 0
1 0 0 0 0 0
1 0 0 0 0 0
1 0 0 0 0 0
0 0 0 1 0 0
1 0 0 0 0 0
0 1 0 0 0 0
1 0 0 0 0 0
0 0 0 0 0 1
0 0 0 0 0 1
0 1 0 0 0 0
0 0 1 0 0 0
0 0 1 0 0 0
0 0 1 0 0 0
0 0 0 0 1 0
0 1 0 0 0 0
1 0 0 0 0 0
0 0 1 0 0 0
0 0 0 1 0 0
0 1 0 0 0 0
1 0 0 0 0 0
0 0 1 0 0 0
0 0 0 0 0 1
0 1 0 0 0 0
0 0 1 0 0 0
0 0 1 0 0 0
0 0 1 0 0 0
0 0 0 0 1 0
0 0 0 0 1 0
0 0 0 0 1 0
1 0 0 0 0 0
0 0 0 0 1 0
0 1 0 0 0 0
0 0 0 0 1 0
0 0 0 0 0 1
0 0 0 0 1 0
0 0 0 1 0 0
0 1 0 0 0 0
0 0 1 0 0 0
0 0 0 0 1 0
0 0 1 0 0 0
0 0 0 0 0 1
0 0 1 0 0 0
1 0 0 0 0 0
0 1 0 0 0 0
0 0 1 0 0 0
0 0 0 1 0 0
0 0 1 0 0 0
1 0 0 0 0 0
0 1 0 0 0 0
0 0 0 0 1 0
0 0 0 0 0 1
0 0 0 0 0 1
1 0 0 0 0 0
1 0 0 0 0 0
0 0 0 1 0 0
0 0 1 0 0 0
0 0 0 0 1 0
1 0 0 0 0 0
0 1 0 0 0 0
0 0 0 0 0 1
0 0 1 0 0 0
0 0 0 0 0 1
0 0 0 0 0 1
0 0 0 0 0 1
0 1 0 0 0 0
0 0 0 0 1 0
0 1 0 0 0 0
1 0 0 0 0 0
0 0 1 0 0 0
0 1 0 0 0 0
1 0 0 0 0 0
0 0 1 0 0 0
0 0 0 1 0 0
0 0 0 0 0 1
0 0 0 0 0 1
0 0 0 0 0 1
0 0 0 0 0 1
0 0 0 1 0 0
0 1 0 0 0 0
0 0 0 0 0 1
1 0 0 0 0 0
1 0 0 0 0 0
0 0 1 0 0 0
0 0 0 0 0 1
0 0 1 0 0 0
0 0 0 0 1 0
0 0 0 0 0 1
0 1 0 0 0 0
0 0 0 0 1 0
0 0 0 0 1 0
0 1 0 0 0 0
0 0 1 0 0 0
1 0 0 0 0 0
0 0 1 0 0 0
0 1 0 0 0 0
0 0 0 0 0 1
0 0 0 0 1 0
0 0 1 0 0 0
0 1 0 0 0 0
0 0 0 0 0 1
0 0 0 0 1 0
0 1 0 0 0 0
0 0 0 1 0 0
0 0 0 0 0 1
0 0 0 1 0 0
0 1 0 0 0 0
1 0 0 0 0 0
0 0 0 0 1 0
0 1 0 0 0 0
0 0 1 0 0 0
0 1 0 0 0 0
0 0 1 0 0 0
0 0 0 1 0 0
0 0 0 0 1 0
1 0 0 0 0 0
0 1 0 0 0 0
0 0 1 0 0 0
0 0 0 0 1 0
0 0 0 0 0 1
0 0 0 1 0 0
0 1 0 0 0 0
1 0 0 0 0 0
0 0 0 0 0 1
1 0 0 0 0 0
0 0 0 0 1 0
1 0 0 0 0 0
0 0 0 0 1 0
0 1 0 0 0 0
0 0 0 1 0 0
1 0 0 0 0 0
0 0 0 0 0 1
0 0 0 0 0 1
0 1 0 0 0 0
0 0 1 0 0 0
0 0 0 0 1 0
1 0 0 0 0 0
1 0 0 0 0 0
0 0 0 0 1 0
0 0 0 0 0 1
0 0 0 1 0 0
0 1 0 0 0 0
0 0 0 1 0 0
0 0 0 1 0 0
0 0 1 0 0 0
0 0 0 0 1 0
0 0 1 0 0 0
0 1 0 0 0 0
0 0 0 0 0 1
0 0 0 0 1 0
0 1 0 0 0 0
0 0 1 0 0 0
0 0 0 1 0 0
0 1 0 0 0 0
0 0 0 0 0 1
0 1 0 0 0 0
0 0 0 0 0 1
1 0 0 0 0 0
0 0 0 0 0 1
0 1 0 0 0 0
0 0 0 0 1 0
1 0 0 0 0 0
0 0 0 0 0 1
0 0 0 0 0 1
0 0 0 0 0 1
0 0 0 1 0 0
0 0 0 0 0 1
0 1 0 0 0 0
0 0 0 0 0 1
0 0 1 0 0 0
0 0 0 0 1 0
0 0 1 0 0 0
0 0 1 0 0 0
0 0 0 0 1 0
0 0 0 1 0 0
0 0 0 0 0 1
0 0 0 1 0 0
0 0 0 0 0 1
0 0 0 0 0 1
0 0 0 0 0 1
0 0 1 0 0 0
1 0 0 0 0 0
0 0 0 0 1 0
0 0 0 0 1 0
0 0 0 1 0 0
0 0 0 1 0 0
0 0 0 1 0 0
0 0 0 1 0 0
0 0 0 0 1 0
0 0 0 0 1 0
0 0 1 0 0 0
0 0 0 0 0 1
0 0 1 0 0 0
0 0 1 0 0 0
0 0 0 1 0 0
0 0 0 0 1 0
0 0 0 0 0 1
0 0 1 0 0 0
0 0 1 0 0 0
1 0 0 0 0 0
0 1 0 0 0 0
0 0 0 0 0 1
1 0 0 0 0 0
0 0 0 0 1 0
0 0 0 0 1 0
0 0 0 1 0 0
0 0 0 0 0 1
0 0 0 0 1 0
0 0 1 0 0 0
0 0 0 0 0 1
0 0 0 1 0 0
0 0 0 0 0 1
0 0 1 0 0 0
1 0 0 0 0 0
0 0 0 0 1 0
1 0 0 0 0 0
0 0 0 0 1 0
0 0 0 0 1 0
0 0 1 0 0 0
0 0 0 0 0 1
0 1 0 0 0 0
0 0 0 1 0 0
0 1 0 0 0 0
0 1 0 0 0 0
0 1 0 0 0 0
0 0 0 0 1 0
0 0 0 0 0 1
0 0 0 0 1 0
0 1 0 0 0 0
1 0 0 0 0 0
1 0 0 0 0 0
1 0 0 0 0 0
0 0 0 0 0 1
0 1 0 0 0 0
0 0 0 0 0 1
0 0 0 1 0 0
0 0 0 0 1 0
1 0 0 0 0 0
0 0 0 1 0 0
0 1 0 0 0 0
0 1 0 0 0 0
0 0 0 1 0 0
0 0 0 0 1 0
0 0 1 0 0 0
1 0 0 0 0 0
0 0 0 1 0 0
0 0 0 0 0 1
0 0 0 0 1 0
0 0 1 0 0 0
0 0 0 1 0 0
0 0 1 0 0 0
1 0 0 0 0 0
0 0 0 1 0 0
0 0 0 0 1 0
0 0 0 0 0 1
0 0 1 0 0 0
0 0 0 0 0 1
0 1 0 0 0 0
1 0 0 0 0 0
1 0 0 0 0 0
0 0 0 0 0 1
0 1 0 0 0 0
0 0 0 0 1 0
0 1 0 0 0 0
0 0 1 0 0 0
0 0 1 0 0 0
1 0 0 0 0 0
0 0 0 1 0 0
0 0 0 1 0 0
0 0 1 0 0 0
0 0 0 0 0 1
0 0 0 0 0 1
0 0 0 1 0 0
0 1 0 0 0 0
1 0 0 0 0 0
1 0 0 0 0 0
0 0 1 0 0 0
0 0 0 0 0 1
1 0 0 0 0 0
0 0 0 0 1 0
0 0 0 0 0 1
0 0 0 0 1 0
0 0 0 0 0 1
0 0 0 1 0 0
0 1 0 0 0 0
1 0 0 0 0 0
0 1 0 0 0 0
0 0 0 1 0 0
0 0 0 0 1 0
0 0 1 0 0 0
1 0 0 0 0 0
0 0 1 0 0 0
0 0 0 0 1 0
0 0 0 1 0 0
0 1 0 0 0 0
0 0 0 0 0 1
0 0 0 1 0 0
0 0 1 0 0 0
0 0 0 0 1 0
0 0 0 0 1 0
0 0 1 0 0 0
0 0 0 0 0 1
0 0 0 0 0 1
0 0 1 0 0 0
0 0 0 0 1 0
0 1 0 0 0 0
0 1 0 0 0 0
0 0 0 1 0 0
0 0 1 0 0 0
1 0 0 0 0 0
0 0 0 0 1 0
0 0 1 0 0 0
1 0 0 0 0 0
1 0 0 0 0 0
0 0 0 0 0 1
0 0 0 0 0 1
0 0 0 0 1 0
1 0 0 0 0 0
0 0 1 0 0 0
0 1 0 0 0 0
0 0 0 0 1 0
0 0 0 0 1 0
0 0 0 0 0 1
0 0 0 0 1 0
0 1 0 0 0 0
0 0 0 1 0 0
0 0 0 1 0 0
1 0 0 0 0 0
0 0 1 0 0 0
0 0 0 0 0 1
0 0 0 0 0 1
0 0 1 0 0 0
0 0 0 1 0 0

Capacidades:
41 0 40 0 34 50
53 58 57 55 20 21
31 0 53 0 24 22
54 33 0 56 44 54
38 0 36 37 44 51
