m: 500
n: 5
p: 6

Distancias:
1.92 5.41 9.30 5.24 8.24
1.29 4.05 8.24 1.25 8.41
3.52 5.99 7.43 4.85 5.30
9.86 5.91 1.98 5.99 8.91
4.14 3.34 1.86 1.83 6.03
7.74 4.34 7.39 2.16 4.91
3.18 3.98 5.72 3.35 6.39
7.29 9.31 9.59 1.25 9.24
4.90 2.43 9.67 7.03 3.51
7.77 5.64 3.12 2.97 9.51
1.12 3.48 7.06 4.27 3.09
3.86 4.67 9.19 3.00 7.00
6.31 5.83 7.39 3.93 2.65
9.83 1.43 9.08 8.31 9.06
4.68 1.21 6.74 4.86 8.59
3.14 8.22 4.55 6.03 2.60
5.46 9.22 6.88 4.38 3.41
5.84 3.66 9.15 2.30 6.33
8.27 8.89 7.61 7.99 1.82
8.90 1.05 3.95 3.86 3.34
1.69 8.89 9.04 2.13 2.39
8.48 2.02 3.69 1.20 5.99
6.40 7.76 6.87 7.81 8.89
9.69 4.64 1.28 5.90 4.22
2.57 1.89 4.97 6.08 4.83
3.71 6.48 5.40 6.85 4.15
3.42 3.97 2.55 1.85 9.88
2.83 3.99 7.13 8.72 9.35
4.13 3.61 7.32 3.53 4.61
4.63 4.43 1.74 9.22 6.52
2.53 7.28 2.88 3.51 8.25
7.98 7.19 2.22 7.72 9.29
9.06 9.25 4.39 2.77 7.06
1.25 5.48 8.95 2.10 8.51
3.57 7.38 2.32 9.81 7.85
8.71 6.80 7.01 2.31 3.49
2.46 6.40 5.52 5.12 9.93
7.22 3.20 6.32 6.72 2.65
2.17 8.38 4.75 1.47 9.80
4.73 1.05 9.00 4.98 9.22
5.10 3.04 6.81 5.76 4.40
5.79 3.58 3.83 2.23 5.92
7.92 2.63 6.09 1.65 3.16
2.16 4.63 4.32 2.17 1.19
4.18 8.15 1.94 9.48 5.74
7.46 6.59 7.61 5.20 9.84
8.16 4.72 5.85 5.86 4.78
6.84 3.58 7.10 5.12 9.21
2.20 1.12 9.88 9.31 1.32
7.91 1.83 4.24 5.04 2.75
3.11 5.23 2.35 6.03 8.87
1.84 1.17 3.24 3.31 7.52
3.33 6.52 1.01 6.73 7.50
1.14 4.74 5.08 8.43 1.94
1.21 4.46 6.86 1.07 6.95
9.13 9.15 5.81 9.80 2.88
1.10 7.61 3.08 5.13 3.73
8.38 8.63 8.18 2.17 8.33
6.07 7.77 6.24 4.55 9.61
6.77 7.96 8.41 2.17 1.39
9.06 3.63 7.96 1.66 6.23
6.44 9.50 4.24 5.89 7.75
4.79 7.47 4.02 5.41 9.58
9.96 1.48 5.71 2.72 6.66
5.46 5.05 1.48 3.53 2.04
6.98 7.69 2.91 2.04 2.91
8.38 2.95 4.87 6.29 5.45
8.77 5.65 3.80 4.49 3.54
3.45 1.23 9.09 1.46 8.91
5.90 3.55 6.70 9.79 7.08
6.91 6.77 9.56 6.96 4.48
4.75 8.32 7.50 2.58 8.83
1.95 2.60 3.42 6.13 8.26
9.65 1.03 6.46 7.35 5.36
1.78 5.63 1.26 2.25 2.30
6.43 6.59 7.16 9.49 7.92
7.81 6.39 5.37 2.73 3.32
4.82 5.20 9.67 1.74 7.68
3.28 6.22 9.71 1.25 1.84
8.13 7.12 3.07 5.13 3.92
8.46 5.53 8.34 5.41 3.66
6.21 5.10 8.09 1.27 7.95
1.77 9.06 8.69 2.74 8.45
6.89 4.71 2.00 9.49 9.12
9.61 3.93 9.46 4.95 4.05
3.86 3.96 1.87 8.29 3.62
7.97 5.59 1.60 1.77 3.05
5.06 2.52 8.77 9.18 9.25
2.89 6.98 7.69 3.69 5.37
5.05 5.03 6.29 9.86 3.37
3.33 1.44 3.57 1.19 3.96
6.29 1.66 4.42 9.02 2.59
3.00 3.48 5.23 6.62 1.02
7.89 4.64 3.68 6.84 6.38
7.69 9.98 9.38 4.93 2.89
5.61 5.70 3.44 7.25 4.47
4.46 8.45 7.09 2.20 6.10
2.88 6.23 3.36 1.98 7.04
4.51 9.06 9.61 1.20 4.54
8.56 4.93 9.78 6.36 3.49
7.93 8.14 6.51 2.14 2.63
6.26 6.67 8.03 9.74 4.15
2.89 3.02 7.21 6.22 7.15
6.95 1.08 8.47 3.86 2.32
7.97 7.27 2.01 8.53 9.60
5.60 6.79 8.51 5.96 1.80
2.65 3.77 8.80 2.34 6.71
6.95 2.42 7.75 6.94 9.07
4.87 4.28 5.95 9.54 7.17
2.86 3.12 4.16 4.16 4.44
8.51 7.06 9.44 1.67 1.04
2.27 7.21 9.71 6.46 1.08
5.43 4.01 9.72 9.62 4.08
5.53 5.02 3.22 3.49 4.68
10.00 1.25 7.12 8.38 5.98
5.25 9.28 4.83 7.46 9.35
5.23 3.37 2.37 5.53 2.10
1.80 5.91 9.20 6.93 7.37
3.69 3.26 9.62 8.71 8.10
7.57 1.98 3.44 5.21 1.70
4.22 4.55 3.98 9.74 3.83
5.91 7.27 4.27 5.13 2.36
3.74 6.82 9.43 2.98 1.99
8.37 6.84 6.43 1.08 4.63
8.94 2.60 5.71 5.10 5.68
3.67 3.90 1.54 7.73 8.00
4.30 8.16 5.87 5.78 1.67
5.10 2.72 9.93 6.15 9.04
7.07 9.02 1.45 5.97 9.84
7.53 3.68 3.20 3.24 8.86
5.61 9.76 3.00 6.37 7.21
6.88 9.40 1.75 4.42 8.71
2.89 9.79 9.25 1.61 1.74
7.51 9.51 3.96 3.98 8.03
5.13 5.79 5.34 3.98 5.19
7.22 5.30 1.01 8.90 3.86
9.03 2.43 4.73 3.35 6.56
7.14 5.29 1.66 7.25 5.53
4.13 1.78 5.11 4.14 9.37
7.45 3.86 2.34 5.24 4.34
6.40 6.43 5.57 4.08 1.60
3.91 9.32 6.79 3.65 4.84
4.38 5.10 5.12 1.86 9.33
5.15 5.32 3.36 2.37 6.09
8.49 4.53 6.30 2.46 8.86
9.77 9.40 2.65 3.62 9.86
5.77 2.92 5.10 7.65 9.20
8.91 4.71 5.92 4.01 2.02
2.04 9.40 6.57 9.82 5.02
8.28 4.85 8.72 6.86 2.25
6.99 8.72 8.02 3.53 6.52
6.01 6.76 7.18 1.73 2.54
8.64 7.04 4.17 5.79 4.73
8.18 2.11 2.88 4.07 6.43
8.34 1.02 6.05 2.97 8.52
8.85 2.43 8.01 6.25 4.07
5.78 8.86 1.42 3.07 6.30
4.54 2.35 4.13 2.30 5.10
7.11 9.46 8.43 3.63 8.99
5.09 1.74 1.12 9.36 3.57
9.72 2.04 2.81 7.34 2.09
7.30 7.75 1.06 9.06 8.95
3.45 6.32 3.88 2.49 4.84
5.14 2.88 3.13 8.04 7.24
5.01 5.14 8.31 2.22 8.45
3.81 6.46 6.17 2.53 4.81
4.26 8.47 3.98 8.25 5.66
8.22 7.31 4.13 4.56 1.23
2.66 5.50 4.44 5.25 1.29
5.76 6.60 3.36 8.29 2.57
4.29 4.16 3.46 3.40 2.92
6.43 4.63 2.05 2.88 7.98
7.98 4.56 4.02 6.60 5.10
9.26 5.15 7.75 2.92 8.69
9.75 7.19 2.22 1.80 8.73
2.82 3.84 9.34 4.92 4.73
7.54 7.78 9.86 1.10 9.80
4.68 6.50 3.75 2.74 3.98
4.12 5.21 9.51 6.58 4.76
4.27 4.95 3.60 6.83 8.31
7.77 3.67 5.78 3.58 1.25
8.48 8.88 7.72 6.89 3.58
1.11 2.77 1.37 8.35 1.85
3.61 9.06 8.30 6.87 5.01
8.25 1.88 9.91 2.36 4.78
3.34 9.64 9.10 3.01 7.32
8.88 7.25 9.10 4.58 9.73
5.82 6.42 4.59 5.34 6.65
5.96 7.42 2.66 1.01 6.11
7.73 9.30 3.02 3.99 1.68
2.06 3.26 9.42 6.54 1.98
5.72 8.50 4.78 3.42 1.52
2.56 7.16 6.97 8.15 6.58
4.52 2.84 4.95 1.98 8.68
9.15 7.17 9.97 6.62 3.48
9.23 6.44 1.86 8.85 3.58
6.93 9.39 1.27 9.33 8.18
9.31 4.87 8.06 1.76 6.95
7.89 8.83 2.14 1.58 6.76
7.47 6.70 4.14 1.66 5.88
2.84 4.87 1.20 4.75 6.29
6.84 2.15 9.51 5.17 2.94
4.39 9.66 1.45 8.33 2.59
2.67 8.16 2.17 2.15 7.88
7.94 3.72 3.21 6.32 5.70
1.59 8.40 4.25 9.94 9.73
5.72 2.17 9.18 8.65 8.13
9.51 6.95 8.16 4.71 6.96
6.99 2.74 3.51 5.33 3.32
6.07 9.21 5.42 2.72 3.54
8.92 1.35 9.11 2.41 3.46
9.00 9.38 2.96 6.14 6.11
4.62 3.67 6.79 5.46 8.73
8.42 2.08 2.25 3.11 1.42
3.22 8.29 6.38 1.79 4.97
4.67 6.85 6.44 8.52 4.52
2.35 4.58 9.95 4.55 5.20
4.22 3.19 6.77 3.13 3.91
7.87 4.19 3.56 8.26 1.58
7.64 3.58 4.82 4.90 8.06
4.66 5.35 2.75 4.01 7.67
1.72 6.13 3.81 5.64 6.44
2.26 8.78 1.17 2.08 3.46
3.11 3.18 7.83 6.86 6.05
7.34 7.83 1.03 3.24 3.60
7.83 3.95 7.05 5.11 4.14
2.90 3.45 9.04 9.84 1.11
7.22 3.06 3.19 6.37 3.12
1.63 8.13 8.68 8.60 9.71
8.54 1.08 1.89 5.35 1.40
9.93 2.73 2.57 1.10 5.21
9.08 9.53 7.23 1.80 5.03
5.99 3.71 9.89 2.52 6.88
3.16 6.99 9.04 3.25 6.75
6.30 8.38 5.20 5.85 7.38
2.13 6.04 5.80 8.57 7.31
7.07 6.19 2.42 2.16 7.55
7.27 5.03 5.89 3.17 8.61
3.98 3.98 5.61 3.48 2.05
7.71 6.10 8.24 6.86 7.64
8.62 3.89 9.13 2.11 9.94
8.68 1.33 5.95 5.46 1.32
9.87 2.65 3.81 7.34 1.64
1.57 2.68 8.65 7.66 4.38
3.11 4.32 2.21 9.43 8.66
8.81 6.36 5.20 6.00 5.54
7.14 5.05 9.38 3.60 2.24
7.06 4.85 7.22 6.05 1.16
8.45 1.73 3.80 6.82 1.68
8.21 5.55 5.85 2.04 6.76
3.05 5.74 1.79 7.93 1.48
2.22 7.03 6.73 2.60 5.27
4.12 2.16 5.83 5.95 9.67
9.38 7.54 1.31 6.08 8.04
7.45 8.25 4.77 8.56 7.11
4.06 3.15 1.30 4.90 3.52
6.26 3.64 2.15 2.65 1.88
8.78 1.37 9.58 3.57 3.34
6.36 7.84 2.88 5.20 2.73
6.05 2.64 7.96 4.51 4.41
3.99 2.94 6.25 9.59 4.91
7.63 6.94 1.18 5.75 3.06
2.86 1.13 4.01 4.90 9.35
9.71 1.65 6.04 4.61 6.84
7.85 1.67 4.29 7.46 7.04
9.91 1.92 4.47 4.31 4.83
2.17 5.37 7.71 7.26 5.92
4.82 4.49 9.20 4.71 4.65
5.11 4.30 4.78 7.47 9.04
4.15 6.67 1.08 6.64 1.75
3.50 9.37 7.18 9.69 4.43
1.18 5.94 5.58 7.35 3.30
7.81 6.60 2.70 3.02 5.56
3.38 3.49 1.33 4.18 3.86
2.55 3.46 9.72 8.06 6.21
3.73 1.58 5.71 6.84 4.88
9.72 5.20 9.17 5.38 8.12
5.22 8.82 6.79 8.71 2.33
1.19 2.88 5.67 1.42 5.69
2.81 1.33 9.25 6.41 7.73
5.97 4.80 2.35 4.84 6.17
4.14 3.20 9.23 4.69 6.14
7.04 2.39 6.95 8.58 8.98
8.38 3.06 7.08 7.83 5.23
9.10 9.41 8.15 4.22 4.26
1.32 7.55 2.43 4.89 9.02
3.62 3.03 6.66 9.72 2.35
8.89 4.35 2.38 3.79 8.39
9.75 7.36 4.24 6.28 8.04
2.05 5.02 7.70 4.02 4.81
8.91 9.82 2.79 4.02 8.32
6.39 2.61 2.95 6.70 9.46
2.07 2.85 9.31 5.40 2.15
4.76 10.00 2.09 7.38 2.23
6.36 1.29 6.28 2.86 1.85
3.74 6.14 2.06 1.01 6.80
8.85 6.21 9.79 9.04 5.63
3.91 8.04 1.70 4.15 9.67
9.11 3.62 5.99 6.50 5.69
1.89 6.88 4.21 8.82 8.91
7.87 8.31 8.32 4.47 4.02
9.89 3.43 5.73 7.50 3.92
3.05 8.63 6.80 4.34 8.27
5.21 2.99 2.49 7.63 5.02
7.35 9.31 9.66 7.91 2.71
9.74 8.95 6.06 6.77 5.78
2.99 8.46 9.02 1.06 2.69
3.85 1.62 4.08 2.21 2.44
2.42 9.60 1.22 4.47 6.12
6.17 9.08 5.38 5.11 9.15
4.82 4.69 4.87 3.00 7.59
8.24 6.34 5.00 8.31 5.38
1.18 6.08 8.71 8.86 1.17
4.62 4.55 6.99 1.03 8.54
5.80 1.24 2.20 6.87 5.25
9.99 4.65 1.37 1.26 7.03
5.01 3.73 1.32 5.61 3.45
5.49 6.43 2.33 8.72 1.47
5.20 5.45 9.22 3.84 2.63
2.40 3.54 2.44 4.31 7.69
9.89 2.94 1.96 1.97 7.40
2.18 6.47 6.01 6.78 9.24
3.60 4.55 3.60 2.84 9.98
8.90 1.80 4.36 6.49 5.02
1.08 2.84 1.71 2.02 1.47
2.48 8.08 3.40 4.31 2.29
5.64 3.77 6.61 2.15 5.26
9.84 5.17 4.20 7.48 3.34
6.31 6.31 8.16 5.01 8.63
9.43 7.05 5.82 8.07 5.60
4.65 4.09 4.85 7.00 1.35
6.62 9.55 1.79 6.00 8.08
8.74 2.30 2.09 3.72 7.03
5.61 6.20 6.67 4.75 5.21
3.95 8.68 3.51 7.24 6.94
7.76 2.90 2.46 6.57 8.94
4.49 4.32 1.49 4.00 5.41
6.90 7.86 8.53 2.73 8.74
3.75 6.38 4.34 5.89 9.63
7.57 7.37 5.02 5.48 5.96
5.69 3.01 6.30 4.72 2.88
4.45 4.07 5.03 5.59 7.45
2.63 3.85 5.56 9.44 1.20
2.46 9.63 6.20 9.82 8.95
5.10 1.28 3.08 6.80 9.70
9.71 4.32 6.35 5.03 1.30
4.88 7.00 1.46 7.11 8.87
7.55 2.03 1.99 5.28 7.90
3.77 4.00 8.78 2.33 8.25
5.51 3.14 6.59 2.28 6.22
2.07 3.58 9.34 6.94 9.72
6.38 7.84 5.95 8.12 2.46
7.51 2.59 8.08 4.30 7.51
7.59 1.85 6.25 3.21 9.56
1.23 3.81 7.33 1.13 2.35
7.50 7.28 1.26 4.99 3.61
1.58 2.81 5.12 8.21 2.83
2.41 5.38 5.52 9.80 9.50
4.77 5.56 9.54 4.32 6.42
2.00 7.47 3.43 7.60 5.27
4.44 7.07 7.74 2.79 9.39
8.41 4.28 3.86 1.87 8.31
5.72 4.12 2.13 7.73 9.36
3.82 8.07 7.48 1.61 5.26
3.06 8.47 8.52 4.25 4.09
6.44 5.07 7.35 2.52 3.57
2.58 8.77 4.87 7.04 4.46
9.40 9.24 6.66 7.05 5.73
4.08 4.49 7.07 7.04 8.83
9.52 5.56 9.25 8.06 7.39
9.13 8.56 1.21 4.32 5.52
1.75 4.09 9.06 7.72 4.33
9.49 5.09 4.38 5.77 6.59
3.08 5.77 5.96 7.71 8.46
1.60 7.41 5.56 6.77 2.07
3.48 9.20 1.18 1.85 1.55
3.77 7.32 1.32 1.31 9.86
8.10 1.38 6.06 4.19 8.39
7.09 9.57 5.11 7.45 8.52
4.18 6.37 1.46 5.70 5.26
3.15 9.82 1.21 5.84 5.99
7.90 8.28 5.37 9.12 3.87
7.39 3.78 9.42 9.50 1.98
3.74 9.15 6.36 7.78 2.82
9.43 7.46 4.24 7.81 1.55
3.74 2.86 7.54 2.82 8.41
4.45 3.57 6.63 4.84 7.01
5.21 6.11 8.96 8.42 4.02
4.45 2.60 7.53 1.93 3.26
8.09 6.13 1.74 9.69 9.28
9.09 1.23 7.78 6.68 5.09
5.45 3.35 6.75 6.07 7.40
2.87 7.16 4.41 3.70 3.48
2.32 3.73 1.89 3.56 2.40
2.63 6.44 5.75 4.46 3.39
4.00 9.01 9.10 6.01 4.26
5.94 5.94 9.03 8.13 4.73
1.48 7.22 2.73 4.09 2.92
4.43 3.30 8.64 5.92 6.18
6.53 7.43 4.26 5.56 3.15
2.35 3.70 9.96 5.81 9.70
6.30 9.78 3.20 2.06 1.86
6.01 6.37 4.42 6.35 6.50
4.32 7.30 4.45 2.01 1.41
5.03 2.64 8.02 1.83 9.65
5.19 7.36 1.05 2.56 5.90
6.24 7.17 8.07 8.62 3.30
4.66 6.27 2.09 1.67 3.38
4.75 4.61 1.34 4.39 3.73
6.54 2.00 5.43 9.88 2.46
5.98 7.56 3.33 7.42 8.03
9.81 2.77 5.77 9.77 3.09
7.96 4.75 6.44 7.02 6.19
4.12 7.75 7.32 1.10 7.20
2.62 3.54 4.76 6.96 7.40
9.26 3.66 3.74 5.95 2.41
9.88 2.08 5.64 6.94 8.99
7.50 3.66 2.57 9.23 4.22
8.86 3.82 4.71 6.61 7.63
5.01 2.37 8.29 6.08 1.07
4.27 3.77 6.20 6.69 3.78
3.59 5.09 2.26 7.46 9.88
8.89 9.75 3.40 5.26 2.58
6.54 9.45 2.29 9.83 6.74
2.72 5.75 4.88 7.04 4.17
7.42 7.43 4.61 3.13 4.69
1.12 5.65 8.74 6.03 2.89
3.72 3.55 6.58 3.30 5.25
4.33 5.63 7.55 8.40 3.88
1.72 9.83 4.81 2.09 8.62
1.18 6.07 3.00 4.32 9.56
9.36 3.08 6.20 2.74 2.86
8.19 2.08 5.63 5.26 6.37
9.80 2.37 3.82 3.84 3.81
8.94 6.02 7.15 7.51 2.18
3.21 3.55 5.01 2.86 5.90
7.40 5.27 8.94 7.14 1.11
5.50 8.14 1.67 9.81 3.62
4.70 5.34 8.55 7.15 1.14
2.34 5.03 4.03 5.24 3.84
2.41 5.98 9.25 9.17 9.50
4.94 3.22 1.34 3.66 2.42
6.11 2.23 2.42 4.79 4.00
5.15 4.15 8.77 4.17 7.11
3.23 8.05 1.93 2.60 4.30
6.14 8.49 4.06 5.45 3.79
8.91 5.44 1.28 6.89 6.09
6.98 5.77 9.98 9.41 2.99
1.92 7.64 5.16 8.52 2.56
9.38 7.80 7.86 5.76 3.13
7.84 1.40 1.19 7.13 2.23
3.40 1.29 3.87 2.09 7.78
6.03 6.10 3.99 9.37 1.77
8.46 6.75 7.07 6.43 5.01
7.40 7.74 7.30 9.99 1.09
6.06 3.41 5.24 4.29 8.33
5.72 5.14 7.02 3.84 2.89
9.73 7.18 4.06 1.16 9.69
1.68 6.62 7.64 7.86 8.67
4.86 2.32 1.63 8.71 2.61
9.40 5.29 6.92 5.79 1.92
6.30 5.13 6.75 3.14 9.52
9.79 2.93 7.73 6.12 2.67
2.04 6.71 6.76 5.51 9.77
9.43 3.29 5.31 3.06 5.91
8.94 8.64 2.53 4.15 8.11
8.47 4.88 4.40 9.90 5.36
1.63 6.12 5.71 2.39 3.17
8.24 8.94 3.41 3.50 2.46
2.16 3.34 9.71 10.00 9.04
5.04 1.58 8.05 1.29 5.31
9.27 5.01 6.22 4.54 6.34
3.86 5.83 1.42 2.84 8.99
7.68 9.52 9.49 4.24 5.39
2.70 7.09 8.19 7.27 9.26
2.05 3.62 3.79 3.79 9.76
3.00 4.32 3.26 2.33 3.82
9.45 5.43 6.57 9.62 6.40
3.74 5.23 6.98 5.14 6.07
4.31 4.40 9.87 2.83 4.08
1.68 6.72 7.89 7.17 6.65
6.25 3.71 1.93 5.02 9.16
4.08 8.93 6.86 9.66 1.69
4.49 1.40 7.73 7.21 7.95
2.63 4.62 9.65 2.54 2.32
2.07 2.59 7.93 5.93 6.64
4.75 3.22 6.94 5.96 5.26
7.41 5.05 3.95 1.55 9.80
2.95 2.69 9.41 4.62 2.79
3.56 5.89 4.17 2.67 9.22
2.18 9.97 1.47 1.36 4.49
5.35 7.71 1.38 9.35 6.35
5.55 3.76 6.01 3.06 6.78
8.89 6.42 9.92 6.17 7.13
7.39 7.28 5.80 3.62 4.09
3.99 6.55 3.64 2.71 1.56
1.77 2.06 9.39 2.53 4.11
2.16 6.64 2.35 9.39 1.58
7.30 7.12 2.31 6.80 8.92
9.10 2.90 4.87 3.20 6.49

Demandas:
0 0 0 0 0 1
0 0 0 1 0 0
0 1 0 0 0 0
0 0 0 0 0 1
0 0 0 0 0 1
0 1 0 0 0 0
0 0 1 0 0 0
0 0 0 1 0 0
1 0 0 0 0 0
1 0 0 0 0 0
1 0 0 0 0 0
1 0 0 0 0 0
0 0 0 0 1 0
1 0 0 0 0 0
0 0 0 0 0 1
1 0 0 0 0 0
0 0 1 0 0 0
0 0 1 0 0 0
0 0 0 0 1 0
1 0 0 0 0 0
0 1 0 0 0 0
0 0 0 1 0 0
0 1 0 0 0 0
0 0 0 0 1 0
0 0 0 0 1 0
0 0 0 0 0 1
0 0 0 1 0 0
0 1 0 0 0 0
0 0 0 0 0 1
0 0 0 0 1 0
0 1 0 0 0 0
1 0 0 0 0 0
0 1 0 0 0 0
0 1 0 0 0 0
0 0 0 0 0 1
0 0 0 1 0 0
1 0 0 0 0 0
0 0 1 0 0 0
0 0 0 0 1 0
0 0 1 0 0 0
0 0 0 1 0 0
0 0 0 0 0 1
0 0 0 1 0 0
1 0 0 0 0 0
1 0 0 0 0 0
1 0 0 0 0 0
0 1 0 0 0 0
0 0 0 0 1 0
0 0 0 0 1 0
0 1 0 0 0 0
0 0 0 0 1 0
0 0 0 0 1 0
0 0 0 0 1 0
0 0 0 0 1 0
0 0 0 0 1 0
1 0 0 0 0 0
0 1 0 0 0 0
0 0 0 0 1 0
0 0 0 0 1 0
0 0 0 1 0 0
0 0 0 1 0 0
0 0 0 1 0 0
0 0 1 0 0 0
0 0 0 0 0 1
0 0 1 0 0 0
0 0 0 0 1 0
1 0 0 0 0 0
0 0 0 0 0 1
0 0 0 0 0 1
1 0 0 0 0 0
0 0 1 0 0 0
0 0 0 0 0 1
0 0 1 0 0 0
0 0 0 0 1 0
0 0 1 0 0 0
0 1 0 0 0 0
0 1 0 0 0 0
0 0 0 0 0 1
0 0 0 0 0 1
0 0 0 1 0 0
1 0 0 0 0 0
1 0 0 0 0 0
1 0 0 0 0 0
0 0 0 1 0 0
0 0 1 0 0 0
1 0 0 0 0 0
0 0 0 1 0 0
1 0 0 0 0 0
0 0 0 0 1 0
0 1 0 0 0 0
0 0 1 0 0 0
0 0 0 0 0 1
0 1 0 0 0 0
0 1 0 0 0 0
0 0 0 1 0 0
0 1 0 0 0 0
0 0 0 0 0 1
0 0 1 0 0 0
0 0 1 0 0 0
0 0 0 1 0 0
1 0 0 0 0 0
0 0 1 0 0 0
0 0 0 0 1 0
0 1 0 0 0 0
0 0 0 1 0 0
1 0 0 0 0 0
0 0 0 0 0 1
0 0 0 0 1 0
0 0 0 0 1 0
0 0 0 0 1 0
0 0 1 0 0 0
0 1 0 0 0 0
1 0 0 0 0 0
0 0 0 0 0 1
0 0 0 0 1 0
0 0 0 0 0 1
0 0 0 0 1 0
0 0 1 0 0 0
0 1 0 0 0 0
0 0 1 0 0 0
0 0 0 0 1 0
0 0 0 0 1 0
0 0 0 0 0 1
0 0 0 0 1 0
0 0 0 0 0 1
0 0 1 0 0 0
0 0 1 0 0 0
1 0 0 0 0 0
0 1 0 0 0 0
0 0 1 0 0 0
1 0 0 0 0 0
0 0 0 0 0 1
0 0 1 0 0 0
0 0 0 0 0 1
0 0 0 1 0 0
0 0 0 0 1 0
0 1 0 0 0 0
0 0 0 1 0 0
1 0 0 0 0 0
0 0 0 1 0 0
1 0 0 0 0 0
0 0 0 0 0 1
1 0 0 0 0 0
1 0 0 0 0 0
0 0 0 0 0 1
0 0 0 1 0 0
0 0 0 0 1 0
0 0 0 1 0 0
0 0 0 1 0 0
0 0 0 0 0 1
0 0 0 0 1 0
0 0 0 0 1 0
0 0 0 0 1 0
1 0 0 0 0 0
0 0 0 1 0 0
0 1 0 0 0 0
0 0 0 0 1 0
0 0 0 0 0 1
0 0 0 0 0 1
0 0 0 0 0 1
0 0 1 0 0 0
0 0 0 1 0 0
0 0 1 0 0 0
1 0 0 0 0 0
0 0 0 0 1 0
0 0 0 0 1 0
0 0 0 1 0 0
0 1 0 0 0 0
1 0 0 0 0 0
0 0 1 0 0 0
0 0 1 0 0 0
0 1 0 0 0 0
0 0 0 0 0 1
0 1 0 0 0 0
0 0 0 0 0 1
0 0 0 0 0 1
0 0 1 0 0 0
0 0 1 0 0 0
0 0 0 1 0 0
0 0 0 1 0 0
0 1 0 0 0 0
0 0 0 0 1 0
0 0 0 0 1 0
0 0 0 1 0 0
1 0 0 0 0 0
0 0 0 0 0 1
0 0 0 0 0 1
0 0 1 0 0 0
0 0 0 0 0 1
0 0 1 0 0 0
1 0 0 0 0 0
0 0 1 0 0 0
1 0 0 0 0 0
0 0 0 1 0 0
0 0 0 0 0 1
0 0 0 0 0 1
0 0 0 0 1 0
0 1 0 0 0 0
0 0 0 0 1 0
0 0 1 0 0 0
0 0 0 0 1 0
0 0 0 0 0 1
0 0 0 1 0 0
0 0 0 1 0 0
0 0 1 0 0 0
0 0 0 1 0 0
0 1 0 0 0 0
0 0 0 1 0 0
0 1 0 0 0 0
0 0 0 1 0 0
0 0 0 0 0 1
1 0 0 0 0 0
0 0 0 0 0 1
0 0 1 0 0 0
0 0 0 1 0 0
0 0 0 1 0 0
1 0 0 0 0 0
1 0 0 0 0 0
0 0 0 0 0 1
0 0 0 0 0 1
1 0 0 0 0 0
0 0 1 0 0 0
1 0 0 0 0 0
1 0 0 0 0 0
0 0 0 0 1 0
1 0 0 0 0 0
0 0 1 0 0 0
0 0 0 0 0 1
0 0 1 0 0 0
0 0 0 0 0 1
0 1 0 0 0 0
0 0 0 0 0 1
1 0 0 0 0 0
0 0 0 0 0 1
0 1 0 0 0 0
0 1 0 0 0 0
1 0 0 0 0 0
0 0 0 0 1 0
0 0 0 1 0 0
0 0 0 0 0 1
0 0 0 1 0 0
0 0 0 0 0 1
1 0 0 0 0 0
0 0 1 0 0 0
0 0 0 0 1 0
0 0 0 1 0 0
0 0 0 0 1 0
0 0 0 0 0 1
0 0 0 1 0 0
0 0 0 0 0 1
0 1 0 0 0 0
0 0 0 1 0 0
1 0 0 0 0 0
0 0 1 0 0 0
1 0 0 0 0 0
0 0 0 0 0 1
0 0 0 0 0 1
0 0 1 0 0 0
1 0 0 0 0 0
0 0 0 0 1 0
0 0 1 0 0 0
0 0 0 1 0 0
0 0 0 1 0 0
0 0 1 0 0 0
0 0 0 1 0 0
0 0 0 0 0 1
0 1 0 0 0 0
1 0 0 0 0 0
0 0 0 0 1 0
0 1 0 0 0 0
0 0 0 1 0 0
1 0 0 0 0 0
0 0 0 0 0 1
0 0 0 0 1 0
1 0 0 0 0 0
1 0 0 0 0 0
1 0 0 0 0 0
0 1 0 0 0 0
0 0 1 0 0 0
0 0 0 0 0 1
1 0 0 0 0 0
0 0 0 1 0 0
0 0 1 0 0 0
0 0 1 0 0 0
0 0 0 0 0 1
1 0 0 0 0 0
0 0 0 0 0 1
1 0 0 0 0 0
0 0 1 0 0 0
0 1 0 0 0 0
0 0 1 0 0 0
0 0 0 1 0 0
0 0 1 0 0 0
0 0 0 1 0 0
0 1 0 0 0 0
0 0 0 0 1 0
1 0 0 0 0 0
1 0 0 0 0 0
1 0 0 0 0 0
0 0 0 1 0 0
0 0 0 0 1 0
0 0 1 0 0 0
0 0 0 1 0 0
1 0 0 0 0 0
1 0 0 0 0 0
0 0 0 1 0 0
0 0 1 0 0 0
0 0 1 0 0 0
0 0 0 0 1 0
0 1 0 0 0 0
0 0 0 0 0 1
0 0 0 0 1 0
0 1 0 0 0 0
1 0 0 0 0 0
0 0 0 1 0 0
0 0 1 0 0 0
0 1 0 0 0 0
0 0 1 0 0 0
0 0 1 0 0 0
0 0 1 0 0 0
0 0 0 0 1 0
0 0 1 0 0 0
0 0 0 1 0 0
0 0 0 0 1 0
0 0 1 0 0 0
0 0 0 1 0 0
0 1 0 0 0 0
1 0 0 0 0 0
1 0 0 0 0 0
1 0 0 0 0 0
0 0 0 0 0 1
0 0 1 0 0 0
0 0 0 0 1 0
0 0 0 1 0 0
0 0 0 0 0 1
0 0 0 1 0 0
0 0 0 1 0 0
0 0 0 1 0 0
0 0 1 0 0 0
1 0 0 0 0 0
0 0 0 0 0 1
0 0 0 1 0 0
1 0 0 0 0 0
0 0 0 1 0 0
0 1 0 0 0 0
1 0 0 0 0 0
0 0 1 0 0 0
0 0 1 0 0 0
0 0 1 0 0 0
0 0 0 0 1 0
0 1 0 0 0 0
0 0 0 0 0 1
0 0 1 0 0 0
0 0 0 0 1 0
0 0 0 0 0 1
0 0 1 0 0 0
0 0 0 1 0 0
0 1 0 0 0 0
1 0 0 0 0 0
0 0 1 0 0 0
1 0 0 0 0 0
0 0 1 0 0 0
1 0 0 0 0 0
0 1 0 0 0 0
0 0 0 1 0 0
0 0 0 1 0 0
0 0 1 0 0 0
0 1 0 0 0 0
0 0 1 0 0 0
0 0 0 0 1 0
0 0 0 0 1 0
0 0 0 0 1 0
0 0 0 0 1 0
0 0 0 0 0 1
1 0 0 0 0 0
0 1 0 0 0 0
1 0 0 0 0 0
0 0 0 0 0 1
0 1 0 0 0 0
1 0 0 0 0 0
0 0 0 1 0 0
1 0 0 0 0 0
0 0 0 0 1 0
0 0 0 0 1 0
0 0 0 1 0 0
0 0 1 0 0 0
1 0 0 0 0 0
0 0 1 0 0 0
0 0 1 0 0 0
0 0 0 1 0 0
0 0 0 1 0 0
0 0 0 0 1 0
0 0 0 0 0 1
0 0 0 1 0 0
0 1 0 0 0 0
0 0 0 1 0 0
0 0 0 0 0 1
0 0 1 0 0 0
0 0 1 0 0 0
0 1 0 0 0 0
0 0 0 1 0 0
0 0 0 1 0 0
0 0 1 0 0 0
0 0 0 0 1 0
0 0 0 1 0 0
1 0 0 0 0 0
0 0 1 0 0 0
1 0 0 0 0 0
0 0 0 0 0 1
0 0 0 0 1 0
0 0 1 0 0 0
0 0 0 0 0 1
0 0 1 0 0 0
0 0 0 0 0 1
0 1 0 0 0 0
0 1 0 0 0 0
0 1 0 0 0 0
0 0 0 0 1 0
0 1 0 0 0 0
0 0 0 0 0 1
0 0 1 0 0 0
0 0 0 0 1 0
0 0 0 0 0 1
0 0 0 1 0 0
1 0 0 0 0 0
0 0 1 0 0 0
0 0 1 0 0 0
1 0 0 0 0 0
0 0 0 0 1 0
0 0 0 1 0 0
1 0 0 0 0 0
0 0 0 1 0 0
0 1 0 0 0 0
0 0 0 1 0 0
0 1 0 0 0 0
0 0 1 0 0 0
1 0 0 0 0 0
1 0 0 0 0 0
0 0 0 0 1 0
0 0 0 0 0 1
0 0 0 1 0 0
0 0 0 1 0 0
0 0 0 1 0 0
0 0 1 0 0 0
0 0 0 0 1 0
1 0 0 0 0 0
0 0 0 0 0 1
0 0 1 0 0 0
1 0 0 0 0 0
0 0 0 0 0 1
1 0 0 0 0 0
0 1 0 0 0 0
0 0 0 0 1 0
0 1 0 0 0 0
1 0 0 0 0 0
0 0 0 0 0 1
0 0 1 0 0 0
0 0 1 0 0 0
0 0 0 0 0 1
0 0 0 1 0 0
0 1 0 0 0 0
0 0 1 0 0 0
0 1 0 0 0 0
0 0 0 1 0 0
0 0 0 0 0 1
0 0 1 0 0 0
1 0 0 0 0 0
0 0 0 0 1 0
0 1 0 0 0 0
1 0 0 0 0 0
0 0 1 0 0 0
0 0 0 0 1 0
1 0 0 0 0 0
0 0 0 1 0 0
0 0 1 0 0 0
0 0 0 0 0 1
0 0 0 0 1 0
0 0 0 1 0 0
0 0 0 0 1 0
0 0 0 1 0 0
0 0 0 0 0 1
0 0 0 0 1 0
0 1 0 0 0 0
0 0 0 1 0 0
0 1 0 0 0 0
0 0 1 0 0 0
0 0 0 0 0 1
0 0 0 0 1 0
0 0 0 0 1 0
0 0 0 0 1 0
0 1 0 0 0 0
0 0 0 1 0 0
0 0 1 0 0 0
0 0 1 0 0 0
0 0 0 1 0 0
1 0 0 0 0 0
0 0 1 0 0 0
0 0 0 0 1 0
0 0 1 0 0 0
1 0 0 0 0 0

Capacidades:
21 56 52 59 36 25
31 25 49 33 58 48
25 56 43 38 23 32
0 55 28 56 39 27
53 51 0 51 24 35
