m: 1000
n: 10
p: 7

Distancias:
5.81 8.19 5.45 5.68 1.58 3.93 2.34 3.96 7.08 9.65
5.43 7.85 4.11 3.76 5.54 3.69 7.76 2.05 1.17 9.07
9.69 1.97 5.53 9.63 5.36 7.06 9.19 6.32 2.87 2.96
5.40 2.74 3.91 3.41 5.12 4.43 9.69 5.70 2.55 3.64
4.45 8.06 1.88 1.75 2.08 6.86 4.22 5.94 9.63 2.64
3.44 9.35 9.32 5.24 7.66 3.94 9.11 4.89 5.22 1.55
2.69 9.84 2.11 4.36 8.14 5.29 4.82 9.42 6.44 7.35
3.65 6.06 1.30 8.12 6.17 5.28 3.96 9.37 5.47 5.85
9.69 1.61 8.23 6.37 7.80 6.46 3.16 4.34 3.68 3.22
7.80 5.63 5.95 8.33 3.63 5.01 9.02 8.19 9.62 3.80
2.09 9.10 6.38 1.03 6.12 6.93 1.52 4.53 6.85 4.65
4.06 1.88 5.34 3.92 8.53 8.84 5.36 2.76 2.46 8.16
8.61 2.62 6.77 5.35 1.58 1.18 6.17 5.96 3.64 6.50
6.34 7.92 1.52 4.01 4.23 4.71 5.48 8.20 1.54 9.65
5.16 8.07 5.65 10.00 7.36 8.25 4.13 7.80 7.92 3.22
6.07 6.39 8.42 6.67 5.71 8.54 9.02 9.68 6.64 5.63
4.89 4.85 7.57 3.06 2.05 3.02 9.63 4.73 7.74 2.76
2.97 7.87 4.46 4.22 1.58 1.87 7.98 4.32 8.29 5.57
8.35 9.63 9.65 6.80 7.27 8.56 1.71 4.51 5.40 1.96
4.44 2.95 3.46 5.69 7.53 7.33 2.73 8.66 1.34 4.62
4.85 4.17 5.70 2.33 3.70 1.39 6.26 9.44 9.42 6.91
5.13 2.47 7.40 3.58 6.13 1.93 4.86 2.48 4.29 6.17
2.38 3.41 7.95 6.32 7.65 7.82 8.32 6.34 8.65 2.52
9.47 3.87 1.60 9.50 8.34 4.35 8.50 2.07 8.45 6.96
8.57 1.98 7.01 1.49 8.33 4.23 8.18 1.85 9.41 6.97
8.28 7.18 9.59 5.62 3.31 8.98 5.14 5.01 8.32 1.47
4.12 4.60 5.95 7.75 2.59 5.34 5.01 1.82 1.36 8.32
7.82 7.02 1.56 1.75 8.76 5.20 3.64 4.91 2.67 2.48
9.22 3.35 1.70 2.16 2.42 9.54 7.82 4.10 4.32 1.16
4.39 6.36 2.01 9.26 5.49 2.96 9.18 8.15 5.42 4.23
4.15 4.24 2.94 5.69 7.44 5.50 4.96 2.14 1.30 7.67
7.99 8.64 9.13 7.18 7.76 6.40 1.23 5.02 8.25 6.80
4.26 6.73 6.17 2.82 1.74 3.13 4.76 7.10 6.92 4.61
4.39 7.90 1.63 5.94 3.80 7.99 1.61 7.32 8.33 4.01
7.20 6.96 1.32 6.61 9.92 3.34 5.12 4.85 2.78 4.12
3.21 2.22 2.27 8.30 7.05 4.71 6.30 1.97 7.76 2.55
2.84 2.08 2.24 5.06 5.54 1.08 8.81 3.42 2.56 1.59
4.25 7.11 7.91 8.87 8.50 1.23 6.72 1.88 2.92 9.35
2.31 3.55 9.39 9.49 5.73 6.71 1.97 9.45 1.56 7.12
4.43 1.96 5.66 1.41 1.36 9.52 3.18 9.06 7.55 8.88
3.36 6.71 5.35 8.80 5.55 7.26 7.80 8.17 5.05 9.38
5.15 3.24 7.09 3.86 1.32 5.84 6.70 5.01 7.46 7.65
4.81 5.47 8.18 2.69 5.84 2.75 7.94 9.44 2.60 6.94
1.85 6.94 4.17 7.96 7.70 7.55 3.75 8.57 6.37 8.29
3.21 5.11 8.72 6.26 9.64 7.81 7.80 9.78 6.11 1.81
5.09 4.70 8.40 6.99 5.23 8.68 1.85 3.04 2.11 1.55
9.53 9.96 9.85 8.49 9.93 1.06 7.69 8.63 3.39 3.73
8.64 3.26 3.64 8.06 9.98 5.46 6.96 4.02 8.45 5.22
8.56 6.11 4.45 5.01 5.57 1.81 6.09 9.35 7.56 5.88
2.59 8.34 8.58 8.98 9.27 1.53 8.69 9.61 2.89 5.74
6.27 8.21 5.64 9.80 1.80 9.17 1.04 5.44 3.22 3.67
8.96 4.10 8.65 9.68 4.14 7.48 3.37 9.17 4.63 3.37
9.99 6.37 6.10 7.62 7.98 1.36 7.92 3.29 2.80 9.71
6.95 5.76 3.65 6.84 3.30 8.46 4.19 7.58 6.08 3.54
7.05 9.45 8.69 1.14 5.58 1.01 9.51 3.24 6.65 2.50
9.94 6.03 9.70 1.94 2.26 3.16 7.77 1.39 7.78 6.28
5.33 6.64 3.68 4.18 9.47 9.43 5.39 3.99 5.14 5.75
3.44 7.99 9.53 9.40 6.23 6.97 8.10 4.75 7.42 7.05
9.73 3.52 1.71 2.87 2.84 8.71 1.97 4.92 1.52 1.14
7.42 1.00 1.54 3.24 4.44 8.68 6.76 4.05 9.54 8.18
7.90 1.76 7.71 9.21 3.50 6.08 3.69 4.73 2.77 2.13
9.94 3.54 5.17 1.85 1.26 6.64 1.33 8.77 8.99 1.77
2.89 8.67 8.02 3.91 2.86 3.72 7.43 2.56 9.84 7.48
8.67 7.46 3.23 9.64 8.38 2.07 8.88 1.21 9.54 5.91
7.87 1.54 4.33 1.65 7.89 2.02 8.85 1.45 7.44 7.06
2.97 8.86 2.85 7.15 7.99 8.24 4.23 3.49 1.22 6.26
1.39 9.41 4.15 5.15 2.93 8.23 6.83 9.73 1.07 5.44
2.39 1.49 3.55 8.45 7.09 7.46 6.29 9.40 3.04 8.14
6.83 1.75 5.16 4.09 5.20 8.85 8.74 2.94 6.14 7.12
4.00 1.47 6.49 6.96 6.34 2.80 1.39 2.18 5.92 4.24
6.85 6.64 5.54 7.30 9.07 6.44 6.84 7.03 2.45 1.53
1.69 7.51 4.97 1.42 6.67 4.39 1.32 2.65 2.03 2.08
9.74 5.57 3.00 4.85 4.47 7.10 8.26 7.34 3.93 10.00
6.38 9.00 2.84 7.41 6.38 1.27 2.92 2.80 6.64 8.98
2.75 7.77 9.99 4.62 7.34 1.73 6.84 1.63 3.11 5.79
5.87 2.59 8.32 3.85 6.10 7.57 3.68 3.92 9.49 2.85
1.16 6.48 4.78 8.48 4.99 2.31 5.48 7.78 1.00 2.70
9.34 9.85 8.43 2.79 3.37 8.79 7.48 9.65 4.49 7.57
9.25 1.04 8.33 8.65 8.67 3.67 8.80 4.60 4.44 4.67
5.52 4.25 2.95 4.45 6.71 9.50 4.43 2.06 1.75 9.36
3.34 1.94 4.21 7.81 6.43 2.03 9.53 4.85 9.95 8.63
8.69 3.98 1.13 3.23 4.37 4.08 1.96 3.66 4.41 6.92
3.60 1.62 5.80 9.94 2.00 4.37 2.53 4.80 5.47 1.83
3.25 5.17 1.47 4.95 5.38 2.59 2.46 7.43 5.12 6.12
8.99 1.75 6.33 8.39 3.18 3.95 8.07 2.78 8.29 9.16
2.17 1.70 7.81 1.36 9.01 5.18 9.61 5.13 6.64 7.27
8.01 2.44 6.06 5.40 8.39 5.01 3.43 5.44 6.36 2.94
1.29 8.85 7.74 3.74 1.47 5.35 1.12 8.59 1.18 5.60
2.70 2.66 1.16 9.68 5.25 9.65 5.21 5.90 7.27 8.87
4.24 7.89 9.47 1.82 3.57 9.43 3.25 2.34 1.48 3.28
3.22 3.16 9.56 9.19 7.09 8.78 2.23 3.53 4.60 8.03
7.90 4.88 1.86 6.60 1.75 7.54 6.55 5.60 6.27 8.12
4.98 4.19 7.34 4.67 4.55 9.91 5.42 6.11 9.58 9.96
5.01 4.77 8.97 9.44 9.25 9.51 5.82 1.38 5.86 3.55
2.45 3.19 5.69 1.94 6.53 2.50 5.05 2.57 1.64 5.01
4.13 5.64 4.17 7.92 3.92 8.21 1.79 2.57 5.66 1.38
1.86 2.48 9.65 5.06 3.39 6.59 5.41 2.72 7.59 6.14
5.65 2.38 7.99 1.87 5.85 8.56 8.39 8.86 2.30 2.28
8.61 1.77 5.01 2.60 9.33 6.16 1.18 2.28 7.14 9.04
7.36 8.67 4.63 2.42 7.84 2.80 9.39 8.96 7.41 8.50
7.16 9.36 3.79 2.93 9.03 9.68 3.80 5.34 7.71 1.16
7.14 5.49 2.64 3.02 2.03 6.85 7.38 9.51 8.13 7.70
9.89 6.37 7.58 9.07 7.15 9.22 9.22 8.27 5.48 6.24
5.54 9.27 9.31 2.75 7.36 3.71 1.55 8.35 6.46 6.32
1.03 6.48 3.07 6.02 8.39 6.23 3.56 9.10 7.05 2.19
9.91 8.05 9.57 9.05 1.19 7.85 4.23 8.18 1.30 2.98
8.99 5.53 6.89 1.19 8.65 4.37 4.39 6.29 3.54 2.51
3.18 9.61 4.62 1.86 9.87 2.60 6.68 3.06 6.56 8.57
5.16 7.92 4.00 7.71 3.12 3.93 4.05 7.30 1.04 1.33
3.79 7.84 8.10 2.57 8.02 8.58 6.45 8.23 5.42 9.95
2.49 9.15 9.84 5.16 6.45 8.29 1.77 8.13 6.91 5.96
5.22 1.50 2.98 7.78 8.90 3.51 2.56 7.99 7.08 4.60
6.66 4.37 2.37 8.67 2.73 2.48 8.30 4.78 1.11 9.76
3.45 9.82 6.84 4.22 6.16 2.22 4.08 8.59 3.00 5.26
9.08 9.75 7.16 2.06 3.18 2.22 1.70 2.73 3.80 8.33
8.80 6.82 1.09 4.02 2.06 5.29 1.24 9.82 8.29 9.84
3.04 5.58 8.93 8.99 6.47 7.43 3.25 1.45 7.77 5.16
4.87 2.53 6.51 6.87 1.50 4.40 5.62 9.95 7.32 1.49
4.63 8.09 3.24 8.33 9.33 1.20 7.93 2.75 7.61 5.53
6.65 5.41 6.23 2.81 1.02 7.12 9.38 3.06 5.46 4.64
1.44 6.59 3.34 6.70 1.78 9.10 6.87 3.00 8.77 7.29
8.11 6.00 6.16 9.59 8.84 2.46 7.21 9.38 3.43 2.17
4.42 6.28 7.98 2.53 1.81 7.44 6.86 2.31 9.51 6.08
5.01 9.03 9.31 7.87 9.70 6.55 6.94 6.58 4.42 4.11
3.30 6.91 6.69 8.06 6.32 1.66 9.68 7.52 7.88 9.25
1.41 8.94 7.62 7.41 6.81 8.56 2.58 5.09 5.23 9.28
3.38 3.66 3.00 7.20 9.65 5.04 7.85 7.09 6.14 1.04
9.22 8.57 3.59 4.46 8.70 2.23 4.29 2.46 4.89 2.31
4.63 7.67 6.01 5.01 3.34 1.27 2.50 6.65 8.98 4.97
4.40 9.81 4.83 1.14 3.65 6.03 3.63 6.43 2.50 7.01
7.47 9.40 5.16 2.82 6.28 1.05 3.84 6.41 5.55 6.27
1.00 2.25 5.67 7.41 6.37 3.86 1.52 6.62 5.45 7.59
8.83 5.34 1.12 2.91 8.01 6.96 4.81 5.31 4.84 9.24
3.22 4.35 1.83 8.15 5.86 3.92 4.40 3.84 8.49 8.15
3.58 4.00 6.91 9.55 1.05 6.49 5.30 2.30 7.88 1.42
2.63 6.92 2.37 9.51 6.55 1.97 9.03 2.12 5.89 9.61
5.38 5.94 9.83 3.38 5.59 6.61 9.60 2.66 1.84 2.88
9.31 8.71 5.06 7.04 6.57 9.20 3.53 6.66 4.87 4.86
6.98 1.55 6.69 5.22 7.90 1.95 2.30 2.44 7.70 7.15
6.59 8.07 5.41 3.86 6.25 5.01 6.00 5.00 6.10 8.87
4.35 2.79 2.68 9.58 1.22 4.04 5.69 6.96 3.05 8.75
4.95 4.15 5.90 1.89 6.78 6.24 1.77 6.93 5.86 8.64
1.21 5.20 4.19 7.64 4.25 3.97 8.52 4.25 4.94 9.46
1.61 3.06 5.29 3.00 4.76 4.80 5.29 5.82 2.92 6.02
3.28 9.72 6.30 6.02 8.84 3.41 9.69 1.19 8.48 7.44
9.90 9.79 2.63 5.23 4.39 5.76 7.79 8.34 5.68 9.41
9.37 8.31 7.34 5.23 8.81 9.83 2.48 9.42 3.78 5.33
2.86 5.45 4.63 4.37 2.77 9.45 6.90 2.76 5.00 9.69
5.09 8.18 8.98 8.74 3.67 1.76 1.95 2.04 6.64 5.12
3.87 1.45 7.58 6.46 8.77 5.14 3.84 4.60 8.78 9.29
9.50 8.64 8.52 1.34 8.90 4.89 2.73 1.54 7.27 4.66
1.18 6.58 3.12 4.25 9.76 7.19 9.77 7.61 8.10 5.50
5.19 8.79 2.71 2.01 6.20 5.59 9.87 9.47 9.61 4.09
8.94 4.25 4.96 7.69 3.23 6.35 7.82 3.40 9.58 7.84
8.06 2.16 8.39 2.50 6.22 4.86 5.75 8.91 2.18 9.85
4.74 9.10 6.23 1.22 8.23 9.38 1.50 9.11 6.59 5.74
6.00 7.88 5.31 2.78 1.38 1.90 9.18 2.19 2.58 3.25
1.93 9.27 8.42 8.67 4.78 8.15 9.45 10.00 8.89 3.81
3.43 8.45 1.64 2.61 7.61 5.03 5.37 9.35 8.63 2.07
1.33 2.20 2.18 4.38 5.05 4.25 2.77 8.12 1.33 7.08
4.32 9.24 8.50 4.93 4.24 9.91 1.17 4.54 5.10 4.93
2.41 8.01 3.19 9.78 9.19 9.99 4.50 1.47 2.62 5.49
7.41 6.87 1.12 9.88 3.47 4.98 7.53 5.65 1.63 5.56
2.42 7.30 4.40 2.37 8.47 7.86 6.04 3.37 6.10 2.97
1.62 5.28 5.10 6.78 6.15 3.37 2.62 3.17 8.62 7.64
4.23 1.08 9.67 1.93 1.07 1.55 6.03 4.98 8.63 2.25
2.32 4.36 9.92 8.29 9.72 7.77 5.94 9.09 7.59 1.82
4.44 9.62 4.15 2.86 8.98 9.84 8.90 1.34 5.93 6.08
3.17 6.81 1.29 6.30 4.71 4.82 4.59 3.06 3.68 3.98
3.60 7.13 6.39 5.38 5.55 3.98 4.89 9.15 8.50 4.79
3.16 3.34 1.87 7.71 1.72 5.80 8.21 1.45 8.93 9.99
8.03 6.96 3.99 1.97 3.64 4.55 7.87 1.93 6.80 7.45
2.69 7.24 7.78 7.46 5.70 5.10 3.34 5.39 1.52 9.95
3.87 8.98 6.66 7.94 7.44 2.39 5.49 4.48 9.94 5.85
1.99 4.86 5.75 5.56 2.29 5.89 1.31 6.87 4.04 2.71
2.81 1.22 8.96 3.87 9.39 7.64 7.28 9.87 7.05 6.52
8.16 5.32 3.50 3.43 8.11 5.71 9.62 1.14 6.14 3.79
3.99 2.84 2.57 7.11 3.02 1.61 2.51 7.86 5.01 4.45
8.81 2.24 6.05 4.64 2.71 2.01 4.81 9.65 3.59 6.36
5.82 7.52 2.60 7.62 2.70 2.54 6.34 1.94 3.89 1.11
8.49 1.61 5.13 4.29 5.68 5.49 2.90 6.00 9.22 5.41
9.54 6.60 3.18 9.81 2.38 4.46 2.48 7.71 7.55 4.80
3.18 6.91 8.69 9.49 6.89 9.50 7.65 6.29 2.32 9.36
6.71 9.45 3.06 1.57 1.15 7.37 7.30 8.46 8.54 9.64
9.93 2.52 8.15 5.07 9.30 2.46 5.44 6.65 3.09 3.67
8.86 2.00 8.51 2.54 4.09 5.47 8.39 8.96 4.41 2.87
7.12 9.62 5.73 1.27 1.27 4.47 8.72 3.07 6.84 9.99
4.13 5.58 7.99 6.42 5.41 5.86 1.84 1.75 7.76 3.81
6.38 8.69 8.53 5.56 5.55 4.88 1.19 6.40 2.99 3.45
4.96 2.58 9.79 9.05 9.57 6.65 9.23 5.09 5.48 4.42
5.05 3.66 6.08 9.62 2.76 7.26 4.90 4.69 4.87 4.77
8.49 1.92 5.67 2.85 9.22 9.69 3.36 3.47 3.40 8.54
3.47 1.60 3.72 5.78 3.94 2.89 1.95 4.65 6.69 7.61
1.45 5.70 8.45 1.64 1.91 4.78 1.67 9.44 6.02 5.49
1.61 9.28 4.94 2.44 8.51 1.91 5.23 5.87 6.08 7.32
8.56 5.24 9.52 7.08 3.13 9.24 3.24 2.16 7.38 5.36
8.52 3.84 7.76 2.58 6.24 8.24 1.99 2.90 8.78 6.81
7.81 6.23 3.79 9.16 3.92 6.40 6.50 3.44 5.81 4.96
1.30 7.21 8.24 8.64 6.16 6.50 1.80 7.20 8.27 3.98
9.34 2.37 9.05 6.27 7.79 6.23 8.25 4.21 1.32 3.65
6.12 5.12 1.87 7.59 5.89 1.65 4.79 9.32 8.72 3.62
3.50 3.11 1.13 7.88 5.80 6.77 1.06 4.25 1.50 5.06
7.69 9.47 6.39 5.34 9.34 1.46 5.04 9.35 4.99 9.97
8.51 6.75 7.16 2.01 1.43 4.01 1.85 1.97 6.77 3.41
5.47 8.72 9.25 1.74 7.17 7.35 1.60 2.87 2.48 6.85
6.46 1.30 5.67 2.25 6.76 1.89 7.11 7.71 5.76 9.78
3.25 7.22 3.88 1.55 2.48 2.38 7.20 6.19 9.73 1.65
6.65 2.76 5.32 5.95 1.08 5.16 2.67 7.40 4.01 5.21
9.06 7.62 6.73 2.82 6.33 7.67 2.71 1.05 7.68 8.28
4.27 5.07 6.98 2.92 4.77 7.73 8.84 5.82 9.36 6.64
1.41 9.52 2.92 3.80 5.74 6.50 8.84 3.37 5.36 2.43
8.53 7.47 7.24 3.35 3.32 8.61 2.21 3.44 7.04 3.50
4.63 2.95 4.14 6.58 7.39 5.84 1.78 3.78 6.86 1.51
2.89 4.73 1.81 5.32 6.34 5.35 1.75 3.05 9.36 8.89
1.89 9.68 3.83 5.29 1.97 4.60 1.36 8.60 6.69 6.72
3.77 3.91 8.59 3.50 1.82 5.03 7.43 5.24 6.31 5.07
2.14 3.78 7.90 7.57 9.76 8.21 7.09 2.75 3.08 7.62
9.65 8.32 2.09 8.97 5.41 5.33 4.09 8.77 7.72 9.96
7.55 1.87 5.58 5.56 4.68 4.83 6.51 6.60 8.84 8.38
9.88 2.26 6.50 3.47 4.53 4.49 2.89 3.07 4.68 5.75
6.44 2.98 9.45 6.06 9.11 3.00 5.03 2.65 8.62 3.73
7.20 7.67 7.06 7.08 2.13 5.02 5.33 2.46 1.40 4.03
5.98 4.49 1.62 6.56 7.15 7.92 8.51 2.32 2.01 6.37
8.67 1.03 8.62 5.67 4.94 4.37 2.07 7.84 7.05 3.31
4.95 4.54 5.32 2.47 8.39 9.56 1.67 1.92 1.57 3.06
2.78 9.09 9.36 1.40 7.73 6.73 9.10 4.32 8.06 3.53
5.18 5.44 4.86 4.29 3.92 1.38 7.15 8.59 2.76 2.55
7.86 9.79 6.05 7.24 4.95 7.68 3.56 3.36 4.05 6.56
5.46 1.33 6.91 6.43 1.51 4.40 1.88 2.83 9.27 2.39
9.95 3.33 8.63 9.78 8.31 1.01 7.47 3.47 1.21 1.29
4.62 5.99 4.21 8.63 8.77 7.46 4.28 2.03 9.64 6.21
2.05 3.51 9.28 5.33 3.91 7.17 2.80 1.13 4.38 6.65
4.73 6.26 8.88 3.39 7.80 3.80 5.63 2.56 8.19 1.53
8.75 2.40 6.24 8.77 9.29 2.89 7.02 1.64 1.53 8.38
5.36 8.45 2.46 5.90 5.67 8.89 6.76 8.82 3.44 8.97
5.72 9.40 2.05 9.65 1.33 2.78 3.92 7.69 4.32 8.78
8.79 5.48 7.85 3.25 5.43 7.58 5.71 8.14 5.07 1.14
1.00 1.23 2.69 5.66 6.98 7.98 3.68 1.59 5.37 1.44
4.19 5.49 2.87 2.48 3.03 7.75 6.07 8.17 1.66 6.49
7.50 5.83 1.35 3.58 9.57 9.08 6.50 5.38 3.04 3.99
8.38 7.78 9.19 3.63 7.15 2.44 6.14 3.83 9.83 3.03
5.12 7.13 4.06 5.85 7.49 9.45 1.55 4.14 5.79 6.19
5.48 9.29 3.67 9.91 3.41 9.09 7.09 9.05 5.07 1.77
4.92 6.55 9.86 1.82 4.96 7.61 3.75 9.89 2.13 8.93
7.52 7.91 9.13 9.13 8.54 5.50 8.43 7.78 5.10 1.99
6.79 7.22 5.07 7.08 1.29 7.37 1.62 6.75 5.28 3.96
8.79 4.83 7.37 7.29 6.49 8.83 4.92 8.97 6.40 8.38
8.97 6.78 4.62 7.93 9.27 2.99 9.98 5.11 9.39 8.38
4.55 2.17 4.71 3.12 3.48 8.10 9.84 6.25 1.71 2.08
1.89 2.22 4.94 7.77 8.15 7.33 4.94 6.05 6.20 9.58
1.93 7.78 8.49 9.85 4.24 7.71 7.44 3.38 6.13 8.81
4.14 8.93 8.45 6.11 7.45 2.18 4.81 9.25 1.85 1.09
5.98 5.36 6.29 8.24 3.87 7.33 1.58 9.69 2.27 6.21
9.29 1.94 1.18 5.12 3.33 2.14 8.26 6.92 2.39 6.89
6.84 5.88 9.50 6.27 7.58 8.64 1.04 7.30 3.30 7.01
8.41 5.41 7.60 3.22 1.07 9.42 7.79 7.17 9.87 8.07
1.23 6.81 2.19 7.76 1.53 8.70 8.89 8.95 3.08 4.51
9.35 6.41 7.16 2.86 7.45 2.70 5.67 1.29 7.80 7.37
5.17 6.15 3.39 5.98 3.90 2.54 5.55 5.87 4.26 2.75
4.40 5.50 5.83 2.79 6.74 4.53 1.14 4.85 8.19 6.94
8.99 8.94 3.75 8.06 6.65 9.71 7.58 3.09 9.11 5.51
1.13 9.86 3.24 2.94 6.80 2.52 8.46 9.91 5.22 2.79
9.64 8.10 5.80 7.90 7.92 9.49 3.31 6.57 4.74 3.97
1.30 7.52 5.24 3.67 9.32 1.23 3.54 3.47 1.17 1.15
7.23 5.89 3.42 4.96 3.50 8.27 6.29 5.77 3.68 5.07
1.68 9.31 5.73 7.41 5.36 9.83 3.39 7.50 1.69 5.18
4.54 5.93 6.75 1.48 2.61 4.85 8.26 1.95 5.81 3.78
6.51 1.74 8.04 7.89 7.78 7.96 1.84 8.26 5.13 2.36
7.66 5.11 7.09 4.30 4.08 5.64 6.40 6.12 7.49 2.63
5.32 5.63 9.46 3.54 5.25 8.45 8.16 3.46 6.76 2.89
9.68 5.59 1.17 2.94 4.66 4.59 6.34 5.13 8.18 2.86
8.13 1.81 3.02 5.46 3.08 4.63 1.47 6.16 1.36 3.11
8.18 9.84 4.78 7.73 9.01 8.62 7.30 3.88 9.67 4.21
8.70 1.32 5.14 1.49 4.78 6.69 9.72 8.56 8.21 6.02
6.90 4.81 1.21 1.05 5.54 6.90 2.59 8.45 6.65 3.80
7.38 2.73 5.36 6.10 7.39 9.47 4.38 9.21 3.35 2.73
3.57 9.85 7.10 2.14 6.46 5.44 8.75 8.99 4.24 6.45
6.43 3.62 8.71 8.45 4.04 9.25 5.51 6.35 8.29 4.60
2.28 7.90 4.81 3.06 3.60 9.36 2.61 5.36 6.76 3.49
3.25 8.61 2.91 1.81 1.16 7.32 3.01 6.10 8.83 2.94
9.66 6.52 5.87 7.66 2.42 8.77 3.32 8.92 7.77 7.54
8.46 5.90 8.82 6.71 1.44 3.31 2.30 6.34 3.55 2.78
1.04 2.95 9.70 2.37 8.02 6.76 9.77 9.74 6.75 1.31
9.67 1.31 9.69 1.17 3.11 4.47 9.66 4.88 7.03 9.29
7.39 1.20 7.92 9.26 6.19 4.27 3.03 4.34 4.43 1.43
8.31 2.52 1.16 8.05 3.27 8.65 6.90 1.57 9.86 6.46
3.05 2.96 7.20 7.32 7.30 9.39 2.47 1.94 8.15 5.31
1.85 2.42 3.02 9.39 5.28 8.40 2.04 2.84 9.11 6.89
4.66 5.20 5.08 4.85 8.80 3.94 8.08 8.83 1.91 7.60
2.93 7.37 8.79 2.84 3.99 9.96 2.56 6.72 5.78 6.57
8.94 1.41 7.43 4.46 8.86 1.67 7.15 7.37 2.54 3.73
4.24 4.80 1.55 1.13 9.26 7.66 1.87 9.14 5.49 2.36
9.92 7.80 7.23 2.45 4.92 4.30 2.01 4.15 1.87 6.61
4.58 9.66 9.81 1.41 4.86 3.90 5.27 1.47 8.55 6.10
6.86 8.84 5.14 3.86 3.64 8.81 8.35 1.25 5.83 4.43
7.03 4.57 3.40 1.69 3.71 2.47 5.53 7.97 1.89 5.04
1.39 8.78 9.58 6.46 5.32 7.24 6.48 3.42 8.51 1.61
5.40 8.68 4.11 7.40 1.65 3.85 3.01 1.54 6.52 7.77
7.64 4.55 8.71 4.70 5.37 1.82 5.77 2.20 7.55 2.65
8.09 1.26 2.07 3.59 6.46 2.59 6.15 5.22 3.40 1.03
7.35 2.20 9.92 8.39 5.11 8.62 2.78 1.12 5.71 5.93
3.38 2.37 5.43 5.90 7.54 3.61 9.01 1.00 6.87 1.43
9.45 1.07 5.89 2.17 6.80 6.87 8.39 6.28 3.19 7.96
8.43 5.73 6.81 2.83 7.60 6.51 5.85 3.63 2.72 9.75
2.09 8.71 7.75 7.62 5.24 3.60 3.66 8.88 5.61 6.13
7.57 5.95 9.12 1.42 9.27 6.23 1.81 9.26 5.64 8.10
2.17 7.71 3.05 9.03 1.75 8.61 1.38 3.53 9.76 7.48
6.30 8.74 1.44 4.23 6.33 8.64 9.21 4.34 1.23 2.15
7.77 7.94 1.13 1.88 1.09 2.37 8.80 4.58 8.14 5.65
7.94 3.25 4.75 8.13 7.75 6.57 7.60 8.89 6.30 6.11
8.02 6.49 7.94 8.73 1.21 6.78 4.85 1.35 6.23 8.05
6.63 6.79 7.90 1.57 8.69 2.74 1.88 6.73 5.07 2.22
8.55 5.27 8.21 7.55 6.12 7.50 2.43 5.77 9.22 6.30
5.73 9.62 3.65 9.98 1.41 3.29 7.84 3.02 6.67 7.78
9.68 1.06 1.98 5.84 5.31 4.86 3.12 7.37 3.29 8.28
5.62 8.64 5.18 8.83 1.10 6.09 3.23 1.24 2.89 5.59
6.53 1.43 4.34 9.72 7.06 8.36 9.77 3.32 5.32 6.04
7.88 9.26 2.58 4.61 8.53 7.98 1.97 1.48 4.52 4.20
7.68 3.17 9.41 6.93 8.73 3.36 7.56 5.77 4.06 4.91
1.94 1.78 8.68 2.13 4.96 9.27 7.36 7.99 1.50 8.95
1.43 5.61 4.33 8.59 1.36 8.93 8.67 5.83 2.87 3.53
4.64 9.06 9.92 2.54 8.10 3.63 8.18 3.43 9.85 8.57
2.07 1.94 7.20 8.98 3.58 9.61 8.48 9.94 8.94 6.57
4.00 1.40 1.98 8.99 7.20 4.33 1.35 9.47 1.40 7.38
1.54 2.33 3.91 4.70 6.30 2.37 8.19 6.85 4.94 1.75
9.66 4.95 5.03 8.33 9.13 2.02 3.31 3.99 6.41 6.59
3.92 8.06 2.94 4.03 1.71 1.99 4.15 6.72 7.53 1.70
3.86 7.51 9.31 5.20 9.51 7.45 1.87 1.59 7.33 5.07
4.40 6.73 8.35 2.44 9.46 1.08 3.67 1.98 3.46 8.68
1.67 9.00 2.66 9.35 4.22 3.07 4.66 4.56 1.77 5.73
3.05 5.23 7.03 5.57 5.20 2.30 4.21 3.16 6.97 6.05
8.48 9.04 9.09 1.51 5.71 5.10 8.05 3.53 4.86 1.78
1.53 4.01 4.23 7.08 6.99 9.21 2.93 2.80 8.80 4.90
9.98 5.88 2.46 1.49 2.68 4.60 3.61 4.23 3.25 9.45
6.29 7.11 2.12 1.13 8.15 3.79 7.09 7.72 5.85 5.88
3.48 9.77 7.02 8.26 5.59 7.48 2.13 2.84 7.62 6.08
6.65 7.06 9.68 4.42 5.45 4.23 4.95 7.44 8.47 1.98
8.36 8.31 8.04 7.57 8.22 7.98 7.47 2.38 2.31 7.36
6.44 3.45 4.79 8.56 2.18 8.54 8.15 6.94 1.39 7.32
8.76 2.05 2.01 7.47 5.30 2.42 1.83 9.64 2.38 7.45
4.13 1.35 5.15 8.40 9.83 6.97 5.83 1.15 2.52 8.73
2.56 8.21 7.54 6.72 9.49 3.29 8.76 7.58 1.35 7.99
6.28 9.37 4.53 9.53 1.90 7.06 9.22 2.16 1.30 4.15
5.00 4.32 9.81 8.79 3.06 5.47 1.38 5.70 7.62 6.21
1.10 6.39 1.43 6.94 8.11 2.17 2.29 5.97 6.49 6.06
1.40 4.23 6.22 8.89 1.51 7.80 8.88 5.65 4.25 5.33
5.34 5.87 4.15 6.45 2.88 5.22 3.59 7.85 4.15 1.73
3.21 1.64 7.58 6.40 8.00 3.28 7.25 6.54 7.42 5.71
4.19 5.02 2.21 3.10 1.02 1.08 9.44 5.47 2.19 6.83
4.99 9.06 6.73 4.94 9.61 4.41 4.26 6.78 9.62 9.47
3.32 1.44 4.33 7.76 4.86 5.46 1.55 9.36 6.60 5.18
1.46 6.43 7.22 6.50 5.70 2.19 1.62 7.31 3.67 1.22
4.64 3.83 3.29 3.11 7.27 1.43 6.54 7.59 9.37 3.31
2.63 9.62 9.85 7.97 7.20 4.49 5.31 4.60 4.89 3.99
2.70 7.83 1.69 5.57 8.02 4.51 9.43 5.55 8.33 6.04
6.46 4.21 5.22 1.89 3.13 3.13 1.16 9.81 5.53 7.83
3.44 9.79 2.37 6.86 8.06 2.61 1.07 1.89 3.30 4.22
6.79 8.24 7.09 9.83 3.31 7.95 6.13 7.67 6.08 2.13
5.34 5.64 7.62 8.49 2.77 5.56 4.85 6.57 3.37 6.27
6.80 3.29 4.64 8.47 7.32 6.80 2.22 7.13 8.22 9.39
9.37 9.08 2.21 4.55 3.32 1.14 6.82 1.25 6.43 1.88
3.24 3.45 2.29 7.21 5.89 7.36 3.97 2.95 8.73 3.64
4.88 8.12 9.61 1.87 7.55 9.16 2.17 9.23 7.90 8.96
4.19 2.18 6.44 6.91 2.89 5.56 1.18 3.08 6.37 6.71
2.88 7.76 8.69 8.45 7.68 8.84 3.91 3.18 5.83 6.88
5.18 5.41 3.69 7.66 1.57 6.45 7.18 8.35 1.19 5.31
4.99 8.59 8.45 9.25 6.37 8.77 3.28 8.49 1.96 2.93
6.20 3.51 5.29 1.61 9.29 6.35 3.37 9.15 4.76 8.62
6.17 8.35 7.88 7.45 2.60 8.10 7.92 3.76 5.67 2.70
2.22 6.48 9.88 7.21 9.97 3.11 6.08 4.65 3.62 7.38
2.07 1.59 6.47 1.80 6.22 3.09 4.72 1.91 6.36 1.57
9.57 5.40 4.34 2.58 6.08 1.19 6.66 8.78 9.13 7.16
1.31 6.03 9.56 1.70 5.94 1.91 6.96 2.05 6.87 8.14
1.75 2.10 1.60 2.96 4.49 2.18 5.52 2.93 8.54 4.81
4.80 9.28 4.42 7.36 1.90 9.26 1.16 2.98 9.78 9.57
1.92 5.53 8.68 2.53 9.51 1.92 6.01 8.34 8.88 7.07
4.78 5.85 8.90 3.99 1.78 5.80 7.80 1.87 6.67 1.02
6.81 2.64 7.30 6.22 4.69 2.25 3.87 6.71 8.77 3.46
6.01 6.45 5.02 8.36 8.35 1.92 6.39 9.30 4.97 8.88
2.05 4.89 8.64 3.63 2.05 2.37 6.99 8.39 3.04 1.45
8.95 9.79 5.12 7.67 7.37 7.01 5.23 3.08 4.73 9.36
7.30 9.13 6.03 7.71 4.09 5.49 1.47 3.41 2.43 4.56
4.43 4.33 4.14 2.50 9.20 2.98 7.36 3.73 2.98 2.85
1.56 3.52 1.54 7.07 8.54 6.08 5.75 3.64 9.13 6.77
7.97 9.60 8.44 8.38 4.43 2.97 3.13 1.28 4.09 9.04
9.39 5.95 6.72 9.53 5.51 2.01 6.50 9.50 2.35 2.35
4.26 6.83 7.19 9.27 2.89 3.21 2.54 4.27 1.66 8.07
2.67 2.61 8.08 9.72 3.25 6.54 6.60 2.04 2.59 2.86
3.38 3.39 3.30 4.44 6.41 1.08 4.94 7.01 1.17 9.80
7.33 2.50 6.08 6.85 9.13 1.47 1.37 6.85 3.01 8.07
3.42 4.79 3.60 2.05 2.20 2.97 1.24 6.49 9.81 6.23
7.24 6.99 5.13 8.08 9.47 7.38 2.92 5.77 5.72 1.21
7.38 6.67 3.46 2.76 9.57 3.30 8.74 7.69 1.69 3.46
4.15 8.18 2.19 8.88 3.43 9.25 7.22 5.29 4.91 6.22
6.25 2.90 4.73 7.22 8.40 5.58 3.95 4.58 6.69 3.19
4.14 3.68 1.15 5.26 1.67 7.49 4.16 8.58 7.73 9.45
2.05 4.83 2.84 3.69 2.00 4.56 2.58 3.23 2.32 1.69
5.84 6.18 6.52 8.21 6.05 6.53 5.89 1.74 2.99 2.76
8.96 5.78 5.72 6.56 9.68 5.36 9.62 2.41 9.71 8.50
3.24 3.80 5.46 5.66 3.63 7.29 5.23 9.23 9.28 8.65
4.00 8.78 8.75 7.95 9.08 1.22 7.53 8.56 7.63 4.54
1.81 9.90 9.75 4.12 5.40 2.44 2.37 3.86 7.99 3.32
2.77 7.49 1.30 5.03 8.22 3.64 7.78 9.32 4.26 7.55
2.61 1.91 6.45 8.65 3.12 8.00 1.75 6.75 10.00 4.97
6.98 6.06 3.90 8.29 1.52 8.96 3.30 1.72 9.21 1.42
7.58 6.42 8.93 6.58 5.25 4.98 7.86 8.59 3.39 5.68
8.13 7.47 9.84 6.67 8.55 7.51 9.53 2.37 2.53 9.58
2.50 4.28 6.33 9.96 5.45 3.81 1.79 5.06 9.89 9.12
6.98 7.98 2.84 6.01 1.59 7.64 4.61 7.52 6.45 8.43
8.13 5.71 5.15 7.46 9.63 9.32 7.73 1.73 3.83 3.51
4.47 9.33 1.05 9.19 9.50 3.57 6.64 3.77 3.81 5.59
6.71 1.99 4.96 7.50 2.28 8.30 5.34 2.59 1.80 5.42
6.52 4.41 7.35 7.13 8.32 6.01 5.50 6.17 9.32 7.28
6.88 4.56 5.33 7.81 4.39 5.89 9.80 4.65 4.24 3.47
3.98 3.49 5.85 9.71 8.62 5.62 1.34 8.47 7.13 4.09
8.80 2.77 8.23 6.58 8.28 6.84 1.77 8.22 8.78 3.63
5.64 6.07 5.05 5.54 6.58 1.71 9.26 7.05 2.59 6.44
3.54 7.38 4.16 8.31 2.52 9.52 7.85 3.08 3.00 2.00
8.50 9.93 8.97 3.66 7.13 7.95 8.95 7.22 6.36 6.90
8.47 7.41 6.76 9.88 4.12 8.38 3.91 7.75 3.30 7.62
5.22 2.28 6.74 1.47 4.91 3.72 5.84 4.03 3.45 8.65
6.26 2.94 7.67 3.98 3.86 7.00 2.32 1.33 7.52 6.04
3.72 9.95 4.15 5.83 2.34 2.42 4.27 7.87 2.51 1.41
4.77 4.66 5.07 5.88 6.36 6.51 6.28 8.90 2.93 5.32
5.20 7.30 8.67 5.70 2.31 7.48 6.53 8.27 1.00 4.80
2.39 6.56 6.06 3.05 4.87 3.85 8.46 7.85 8.35 4.81
4.55 2.10 8.22 1.85 2.91 7.99 1.49 1.95 3.20 1.85
6.29 8.07 6.68 9.52 5.67 5.80 2.22 6.04 8.28 8.15
6.85 5.84 8.45 1.10 6.38 4.43 6.28 5.36 5.45 2.34
3.83 5.40 5.21 4.10 10.00 9.70 5.57 4.16 6.46 5.51
4.50 2.01 2.58 5.06 2.04 9.68 6.51 5.55 2.60 2.40
5.68 6.44 6.87 6.58 8.53 4.99 6.10 4.83 2.64 5.79
2.64 8.94 8.75 5.68 8.62 1.06 6.43 3.42 5.58 9.18
5.26 9.57 5.08 8.68 1.13 6.30 3.34 9.43 6.65 9.66
5.27 4.65 3.16 5.74 6.75 5.69 5.21 2.24 9.15 4.01
1.87 5.40 9.53 9.60 3.27 2.63 1.96 2.15 8.22 1.89
7.90 7.97 2.47 5.42 3.38 7.63 9.98 9.09 5.38 4.90
1.13 9.42 8.51 1.44 3.91 9.89 2.05 7.61 7.69 5.70
2.47 1.39 4.99 1.38 3.96 9.48 3.68 4.55 3.10 6.71
7.22 2.72 3.00 9.30 7.83 4.94 7.69 9.41 2.18 3.22
4.02 8.42 5.23 1.49 3.89 3.63 5.77 3.44 8.08 6.14
4.91 6.89 4.60 2.44 3.97 7.53 1.71 5.86 9.03 1.47
2.61 5.55 5.70 3.29 3.54 6.10 3.89 5.89 9.16 4.02
2.64 4.16 2.08 3.44 9.42 7.94 4.85 3.83 5.01 7.83
2.68 1.03 6.36 1.94 5.28 4.94 7.45 6.22 4.21 2.49
8.11 3.48 5.88 6.16 6.75 6.64 2.46 4.49 3.44 2.24
6.60 3.90 6.07 6.68 3.05 1.95 5.79 9.96 9.10 2.86
5.14 6.25 3.62 5.70 9.89 5.44 9.05 3.52 6.42 3.97
3.75 3.96 8.84 6.80 9.31 7.77 3.44 4.12 5.93 6.43
7.40 1.29 9.09 2.89 9.71 1.23 5.80 8.68 3.56 7.41
5.05 9.35 4.44 6.65 2.03 7.03 3.78 9.23 7.41 6.79
9.73 4.22 2.43 5.23 2.34 1.76 9.30 5.25 4.21 4.20
9.28 3.29 1.30 9.10 5.58 5.60 1.69 7.43 7.93 5.41
2.58 8.40 6.61 2.77 9.98 2.68 9.51 5.68 3.84 1.57
6.14 7.65 3.21 2.38 4.14 1.25 6.74 9.55 2.58 8.02
8.00 1.32 9.12 6.84 6.32 1.06 9.92 9.97 9.85 3.72
1.96 1.25 4.82 3.60 3.83 2.93 8.95 5.33 9.33 3.99
7.11 2.89 7.82 2.30 8.35 5.48 2.13 1.57 4.41 5.33
9.56 8.69 9.66 7.60 7.74 3.43 9.49 1.51 1.04 5.05
7.00 9.65 8.01 3.42 9.41 7.23 1.36 4.79 2.29 7.66
3.66 2.56 3.39 5.51 9.63 8.80 8.14 7.49 6.79 7.99
6.40 6.50 6.15 8.75 7.01 5.88 5.50 7.15 1.70 1.15
3.08 4.12 7.63 6.07 7.64 4.09 6.66 5.66 6.54 1.80
2.49 2.72 1.95 5.21 6.28 2.94 7.87 8.20 8.96 5.56
9.25 2.36 3.39 7.61 2.94 4.75 6.96 8.17 7.26 3.77
2.94 7.74 4.54 1.18 1.75 8.17 5.01 6.91 4.57 3.99
3.50 5.85 5.74 6.17 1.95 5.95 1.84 8.68 1.45 8.81
4.01 9.68 1.45 6.90 3.17 7.10 2.37 1.62 6.27 8.94
4.78 5.56 2.56 4.81 6.82 7.61 2.94 1.00 5.43 1.27
9.95 2.38 6.77 6.39 1.15 4.37 8.17 2.78 3.13 5.90
3.87 8.41 1.66 4.68 2.53 8.86 8.04 8.59 1.73 8.21
1.79 7.40 5.04 2.49 3.07 7.37 8.09 5.43 1.52 6.16
7.23 2.04 2.65 3.62 8.90 7.54 3.00 3.74 5.60 2.67
4.58 8.97 1.03 3.05 5.60 2.74 2.12 2.94 2.37 8.74
8.91 9.91 5.77 2.32 8.41 2.97 8.37 9.03 5.45 8.95
2.73 3.07 2.51 9.82 5.19 6.04 7.22 4.70 5.00 9.94
8.17 6.78 4.81 9.86 7.56 9.72 8.10 2.85 8.18 9.95
6.87 6.76 4.57 6.74 2.89 2.40 4.45 6.30 3.62 1.22
7.63 9.74 5.53 4.99 2.52 3.41 9.29 6.83 7.17 6.61
2.23 1.53 9.51 6.76 5.42 8.06 5.30 1.52 3.49 2.84
7.36 7.94 1.92 8.19 3.51 1.35 5.68 9.47 5.77 3.23
7.87 5.96 2.59 9.14 4.28 4.45 3.67 5.97 6.77 5.43
2.04 4.96 6.16 5.53 5.64 3.70 8.20 2.86 7.73 7.96
7.39 2.58 1.51 6.53 3.21 6.47 2.55 2.77 2.45 4.33
9.01 8.60 6.66 6.85 8.52 1.85 7.12 3.84 1.36 7.44
3.72 7.16 8.63 1.26 8.28 4.24 5.01 3.27 1.36 5.54
8.21 5.47 1.54 5.88 8.25 8.68 6.78 2.03 8.91 7.98
5.31 5.92 2.58 5.73 8.85 7.96 2.63 6.37 5.79 5.32
2.49 4.61 3.03 6.91 9.87 4.89 3.72 3.44 1.62 8.02
8.32 8.40 8.75 7.82 4.57 3.63 4.17 3.18 7.03 4.89
1.50 2.78 5.10 6.47 1.49 6.82 3.35 4.47 8.37 8.87
9.50 9.09 2.36 2.35 9.59 6.94 4.48 4.91 6.90 8.57
1.55 7.93 5.49 7.23 8.59 7.91 7.70 9.98 4.21 9.28
8.49 5.13 8.75 7.05 2.77 4.26 6.59 5.77 3.63 5.46
3.38 9.20 5.62 8.43 8.23 9.68 7.70 4.67 1.95 8.51
1.82 2.74 3.03 9.45 3.67 6.27 7.02 8.19 1.15 4.54
4.21 8.01 9.76 1.41 6.95 7.82 3.26 3.27 2.48 3.19
7.97 2.03 1.66 6.15 5.85 2.79 2.40 3.99 1.37 4.00
8.80 2.01 9.81 4.27 3.43 1.21 7.70 1.40 2.43 4.19
2.70 9.72 5.55 2.67 3.83 4.86 8.63 5.86 9.38 5.93
8.68 2.63 7.96 9.16 8.31 8.97 3.36 9.40 3.96 1.08
4.03 7.35 5.64 2.02 4.25 1.20 6.42 5.60 7.08 2.32
8.27 2.74 6.73 5.59 6.73 5.58 1.48 1.62 1.17 3.53
4.69 9.50 7.53 1.17 3.09 2.27 4.49 4.21 8.38 8.92
7.02 1.78 8.63 6.81 5.26 6.13 2.15 1.95 9.30 7.61
8.62 2.99 7.49 5.69 9.94 6.72 1.44 3.17 9.84 6.36
8.68 5.81 3.39 3.90 3.64 5.40 2.23 8.77 7.05 6.86
7.30 8.55 8.69 3.56 4.96 1.02 2.70 6.77 9.66 1.18
4.39 5.23 4.86 2.05 8.48 4.56 5.16 5.01 2.72 9.46
5.66 6.63 8.69 1.26 9.16 1.53 2.02 5.51 7.77 2.81
8.08 5.79 5.30 2.15 7.07 1.97 7.99 4.96 2.18 9.96
3.19 3.67 1.95 8.93 6.42 9.08 2.46 6.13 4.88 1.99
9.93 3.45 9.66 3.86 6.70 8.24 2.56 1.62 7.75 4.82
1.42 9.18 4.38 1.31 4.76 2.75 4.60 3.44 2.91 7.28
5.44 7.19 7.58 8.50 8.96 4.76 8.83 7.20 1.30 3.49
9.86 9.63 6.27 2.69 7.92 3.12 1.87 3.90 3.97 3.40
8.42 3.32 6.85 7.74 1.74 2.43 7.76 8.40 2.02 8.18
7.17 7.72 8.50 4.93 5.09 8.18 7.39 1.76 3.93 7.36
4.52 7.26 7.11 3.69 2.27 1.46 7.47 5.24 6.04 4.58
8.78 6.23 6.67 9.27 8.86 2.06 7.29 6.96 6.27 8.00
5.49 1.62 6.68 5.62 8.46 5.59 9.65 8.45 5.73 2.51
2.01 2.78 8.35 9.42 2.07 1.87 9.36 2.15 6.23 7.02
6.60 9.21 7.37 6.32 2.54 5.13 1.99 9.11 9.38 3.25
4.63 8.42 8.65 3.91 7.01 4.29 9.36 8.41 4.54 1.53
4.95 8.36 5.00 8.26 5.42 7.83 8.88 2.22 3.09 9.66
7.36 9.23 8.78 2.00 2.03 2.23 5.44 5.11 5.39 9.69
5.78 9.47 8.64 5.91 9.90 1.00 5.97 9.07 4.40 3.36
6.07 4.71 9.36 5.72 7.76 4.23 9.96 3.86 8.41 1.97
1.30 1.74 2.60 8.17 1.08 3.65 8.60 6.30 2.68 6.74
9.88 6.44 7.82 1.34 1.23 3.54 4.26 9.26 4.56 6.82
3.72 5.63 5.69 9.28 7.71 7.82 3.25 4.09 7.69 2.15
6.38 4.28 8.28 3.85 3.56 8.63 5.61 3.63 7.68 6.37
1.28 8.51 8.06 2.34 3.95 2.72 3.48 1.45 5.64 4.45
1.51 1.55 1.92 7.05 5.26 5.35 7.93 5.04 6.88 1.96
2.83 4.78 5.89 1.53 2.46 3.72 5.18 3.95 7.74 2.05
8.76 4.42 4.51 6.37 4.79 9.66 5.14 1.57 2.26 8.64
9.91 7.06 6.47 9.56 8.79 3.68 3.00 9.66 4.39 8.64
5.96 6.79 8.47 7.90 3.06 9.30 1.90 8.35 5.26 9.88
7.65 7.85 9.75 1.41 4.96 7.74 4.88 5.61 7.74 3.11
4.13 9.00 1.75 7.49 5.58 5.97 5.03 8.99 1.95 2.51
1.13 7.87 6.59 4.80 7.30 9.19 9.11 3.32 3.25 2.48
8.72 2.72 7.43 4.85 1.05 8.22 8.07 6.25 7.16 4.72
1.71 3.20 2.78 4.92 8.05 1.71 5.06 8.81 4.62 3.03
1.89 3.66 7.61 7.62 6.44 8.75 5.66 2.01 5.55 2.40
3.83 8.03 5.79 1.89 8.22 5.14 9.05 2.86 9.18 6.76
5.32 3.84 9.17 1.85 6.28 1.82 6.55 5.80 7.78 2.30
6.31 1.21 1.59 9.67 8.55 4.19 6.51 4.14 8.35 2.43
5.50 1.80 8.58 5.93 9.10 6.39 3.94 6.56 9.02 5.89
3.12 3.71 5.75 4.23 2.73 9.89 6.42 5.02 9.51 8.34
4.99 4.53 3.35 1.75 6.55 7.72 2.48 3.64 3.63 3.38
1.53 8.96 5.07 5.11 2.40 9.13 3.38 1.17 3.60 5.81
6.25 4.80 3.13 3.80 7.53 7.89 8.74 6.12 3.47 8.99
5.37 3.22 3.36 4.19 2.83 8.52 3.46 9.73 2.71 1.29
6.29 8.75 4.08 9.19 9.93 6.43 2.90 9.36 6.78 3.77
6.56 1.78 1.96 1.03 9.86 5.24 2.46 1.03 7.22 5.54
1.70 9.64 4.24 8.02 7.50 3.87 6.96 4.93 1.99 5.65
5.93 3.13 5.41 7.05 8.44 5.01 2.03 8.74 1.93 4.67
3.35 3.03 1.50 1.03 4.00 2.81 3.66 9.27 6.21 6.95
5.32 9.76 9.80 1.60 2.39 3.64 8.85 2.80 5.38 4.02
1.50 9.63 8.45 2.77 3.71 4.03 8.46 4.03 4.55 3.06
6.00 6.04 6.48 8.01 7.51 5.73 8.93 8.59 4.90 1.18
8.57 3.31 2.20 6.09 6.31 3.10 2.41 4.02 1.47 9.50
7.45 3.48 3.83 2.16 4.60 7.77 5.18 7.77 4.78 5.64
5.93 7.18 9.65 7.64 9.26 4.26 7.50 3.58 6.26 4.37
8.16 1.26 7.80 2.82 1.50 7.57 2.08 9.73 8.07 1.41
8.64 5.46 9.39 2.96 9.19 2.97 1.71 8.72 7.13 4.98
5.02 6.12 5.15 5.04 2.94 6.08 1.80 4.77 3.18 7.81
8.22 6.55 4.71 4.51 1.15 7.40 8.57 6.92 1.74 2.38
1.02 1.08 9.83 1.72 7.23 2.66 2.90 6.61 5.07 9.98
5.12 3.88 6.55 2.30 2.06 4.32 6.62 3.63 9.91 9.98
6.39 6.59 8.04 7.75 8.19 9.79 7.78 6.86 8.61 3.13
8.52 4.70 4.88 4.24 9.34 1.53 8.51 4.35 7.36 7.55
5.04 8.98 1.66 6.04 5.91 8.27 8.98 3.07 6.16 9.68
7.04 8.14 4.69 1.32 2.49 8.00 6.78 4.32 7.92 9.72
8.64 6.69 7.70 3.21 6.96 7.11 7.30 5.65 3.84 7.82
7.92 3.93 5.78 2.62 4.26 6.07 7.85 3.96 8.06 6.86
3.16 1.23 7.51 8.80 1.40 9.64 8.25 4.78 7.33 7.13
6.99 9.09 7.44 5.86 3.81 1.32 2.24 9.42 2.81 2.51
1.02 10.00 8.53 7.34 6.36 5.47 5.64 5.83 4.18 2.13
8.77 7.30 1.88 9.50 9.74 9.28 4.30 6.16 2.06 7.75
6.08 4.38 7.84 7.23 8.36 8.37 6.74 5.34 4.78 1.28
5.14 7.37 4.03 4.34 3.90 6.31 1.02 5.25 9.77 9.78
3.34 4.93 4.44 9.24 9.27 1.97 6.48 6.60 2.85 5.21
8.73 2.18 5.11 1.41 8.65 8.36 9.67 1.22 1.30 1.10
5.49 9.76 1.82 2.67 8.87 4.47 4.61 6.21 8.14 7.71
5.72 5.00 9.55 3.59 7.50 4.34 5.15 9.53 1.15 8.54
2.64 5.47 6.83 7.01 1.58 1.37 8.01 2.64 4.78 4.37
1.21 3.24 9.90 8.18 7.26 9.87 5.39 1.03 4.76 6.29
5.10 7.75 9.84 6.18 3.97 9.09 6.95 1.95 3.50 2.53
1.13 9.26 1.30 4.20 1.34 5.56 8.39 3.72 6.46 4.73
5.10 3.02 6.15 3.06 6.54 9.25 5.01 7.63 4.57 1.32
4.45 4.35 4.12 6.45 9.48 1.18 1.56 3.39 8.59 7.17
9.23 9.22 3.18 8.18 4.95 6.76 1.42 9.90 6.63 8.41
1.71 3.55 1.37 7.83 3.34 6.40 6.46 6.83 9.92 6.17
5.63 3.88 5.50 2.76 2.15 4.69 7.17 1.55 3.23 3.72
3.50 4.81 4.56 2.08 9.68 3.89 2.87 9.29 9.23 8.17
2.85 5.89 6.41 6.73 8.52 2.77 5.32 1.21 4.91 2.04
1.88 1.51 1.60 7.54 2.75 8.80 9.50 1.88 7.77 4.47
9.73 3.55 8.81 1.31 1.31 2.64 7.84 7.75 5.99 7.80
9.59 5.81 6.71 9.33 7.31 5.36 7.42 2.44 3.65 9.08
4.41 8.53 7.21 8.48 7.26 3.71 3.90 5.76 3.11 2.49
5.24 3.92 6.57 1.85 6.16 8.67 3.55 9.63 1.33 2.01
3.69 6.98 1.88 6.56 8.79 3.45 2.76 3.87 6.28 7.31
7.35 9.24 3.44 1.42 7.90 6.65 2.37 1.37 3.68 6.17
8.16 2.88 2.25 5.91 7.53 2.60 3.02 6.03 2.33 7.10
9.41 1.94 9.41 3.49 1.04 8.62 2.64 3.51 9.94 7.42
1.43 6.55 6.27 5.24 2.87 1.61 3.31 5.86 3.39 2.20
2.68 7.40 4.55 5.80 9.13 3.51 9.55 8.75 5.67 8.66
4.57 4.34 2.93 8.01 9.19 1.57 2.14 9.53 2.05 7.79
6.77 3.43 2.59 4.10 7.14 7.72 8.70 4.08 6.96 4.78
7.08 7.96 9.17 7.27 7.27 9.96 1.30 2.30 9.86 8.66
6.63 5.41 5.41 1.06 9.41 9.47 4.87 7.81 2.74 3.90
3.35 5.14 2.76 3.58 8.40 1.18 4.46 1.49 4.41 1.98
4.20 5.79 7.22 8.24 2.27 9.49 9.90 1.63 9.42 2.60
2.59 3.68 2.56 5.50 3.91 4.27 5.91 2.71 9.60 3.09
9.74 4.58 1.93 9.78 8.90 2.35 1.17 3.76 5.61 2.70
6.46 6.38 3.68 4.54 3.55 2.27 9.72 6.31 2.54 9.07
2.81 3.87 7.09 3.53 9.38 2.48 9.86 6.39 1.95 3.70
9.25 3.77 7.44 9.34 3.18 6.08 6.80 9.22 4.66 3.49
9.90 4.83 1.99 1.56 3.73 2.40 2.13 5.44 8.26 4.05
5.55 6.80 2.97 8.28 7.65 8.27 4.48 6.50 9.91 5.03
6.14 1.50 3.19 2.50 8.20 4.67 4.02 8.23 2.65 6.08
9.38 5.08 5.05 5.62 9.99 6.39 4.05 8.54 9.39 5.04
5.83 5.69 4.22 1.74 7.38 8.99 5.18 5.24 2.12 9.74
8.59 7.71 3.51 1.01 7.95 9.31 6.16 6.04 3.16 9.92
2.98 5.44 5.73 1.07 1.47 2.34 9.74 7.09 3.77 2.27
4.43 6.93 3.09 5.88 8.23 9.86 5.47 7.09 1.13 6.29
5.14 8.58 6.00 5.04 8.47 3.13 4.67 7.97 8.97 3.25
2.36 2.47 1.20 5.06 1.31 2.27 8.35 6.90 8.40 7.94
7.77 2.20 3.42 9.17 9.57 9.00 7.91 5.95 9.08 5.86
7.72 4.67 2.43 4.84 8.90 4.50 8.20 6.85 1.05 9.52
1.41 5.29 4.77 2.30 3.38 4.98 3.18 8.36 1.03 2.58
2.12 4.53 6.71 3.03 6.63 8.42 9.96 7.62 2.37 8.46
4.49 7.86 5.00 2.57 9.06 5.10 5.50 7.45 7.87 8.33
2.76 9.69 1.19 9.38 1.35 3.80 7.77 1.73 8.57 8.93
9.54 8.07 8.43 8.33 4.26 8.57 2.27 1.34 8.43 3.53
1.97 9.92 5.21 1.70 9.79 5.00 6.09 1.80 1.93 4.93
3.29 7.83 2.54 9.01 6.78 9.82 4.19 2.62 2.26 2.33
2.44 5.44 4.99 2.00 2.47 5.36 4.92 7.05 7.70 2.64
5.99 7.50 2.45 1.61 8.47 4.13 1.50 2.29 4.15 7.90
1.45 3.05 1.62 8.04 7.67 4.14 1.02 5.48 5.85 5.97
6.90 3.36 7.42 3.73 8.03 6.07 4.08 8.48 4.81 3.62
8.45 5.22 2.38 5.76 2.35 4.74 2.93 9.67 1.26 9.31
7.04 4.01 7.15 9.86 3.71 4.74 7.59 1.62 6.42 9.58
5.62 7.26 9.48 4.06 1.39 6.90 9.86 1.91 4.06 4.93
2.16 5.85 6.26 3.98 3.94 3.33 5.82 2.18 8.98 8.77
1.88 6.27 8.41 5.71 8.92 6.80 6.99 1.14 1.24 8.98
8.90 8.54 5.83 9.61 8.70 4.61 2.66 7.94 2.72 6.86
5.16 2.04 7.27 6.32 5.83 5.88 9.53 3.86 5.57 5.74
4.29 9.92 9.94 8.72 4.74 7.46 2.22 4.07 9.77 7.69
3.77 6.01 1.30 7.35 1.19 6.41 7.87 7.91 8.61 4.07
3.02 7.30 7.47 4.68 6.60 5.26 8.95 9.62 6.56 3.41
8.60 9.12 4.47 6.09 3.23 1.17 2.33 9.66 3.46 2.71
3.45 6.45 3.16 1.85 2.67 2.13 8.05 6.42 3.10 5.55
4.93 2.13 8.76 2.20 6.33 5.09 3.44 2.80 3.22 7.65
4.47 3.75 3.79 1.44 7.77 1.25 7.04 8.66 4.17 1.06
3.93 4.09 6.20 4.54 5.18 4.45 9.99 1.52 5.04 7.08
9.39 4.81 7.88 9.21 2.97 1.96 6.88 4.08 1.68 4.30
9.11 6.94 1.90 9.29 9.36 9.19 3.75 8.38 8.20 1.91
3.20 8.65 9.37 1.35 4.54 3.05 5.44 3.48 6.13 5.22
2.84 6.94 6.05 7.30 6.50 7.51 6.30 7.68 3.61 6.45
2.87 6.83 3.61 7.44 6.77 7.96 7.68 8.46 5.37 2.79
3.24 6.22 6.12 8.00 5.75 1.09 8.80 3.52 1.90 8.17
4.45 5.26 5.58 8.45 4.38 7.93 7.43 3.60 8.43 8.90
9.73 6.15 1.69 9.15 2.07 5.98 8.22 3.93 7.39 4.07
8.63 4.58 2.54 1.18 8.25 9.03 2.57 4.40 5.19 2.02
9.23 6.01 1.10 8.56 4.74 1.21 8.42 2.66 7.80 2.92
4.24 4.25 6.77 5.91 8.57 8.14 8.05 1.57 9.96 3.59
2.40 2.06 3.82 8.01 5.96 9.55 7.59 3.31 9.64 7.81
5.02 9.88 7.81 2.05 1.17 1.96 4.01 7.14 2.56 9.55
2.96 3.93 4.81 7.95 8.89 2.68 7.27 6.41 4.99 3.36
6.58 2.79 7.22 3.91 4.69 8.06 5.64 9.23 7.95 6.90
9.27 7.99 4.29 3.66 5.23 5.17 7.33 5.58 4.87 7.76
9.43 7.95 6.02 5.72 1.35 2.93 9.88 2.86 6.05 8.53
7.35 9.40 9.83 2.32 5.25 9.09 7.13 6.27 2.92 1.33
2.58 4.68 9.27 2.34 5.79 8.60 9.22 3.59 4.05 2.13
4.78 3.39 8.87 5.61 2.31 4.92 3.03 4.44 5.22 3.66
1.68 9.07 9.77 4.12 8.91 6.07 2.13 3.80 1.28 1.88
2.22 1.96 5.21 3.40 8.87 3.72 9.66 5.23 8.68 4.90
6.78 4.18 3.40 5.20 3.55 6.35 9.07 1.91 8.42 1.78
3.85 1.61 3.00 1.84 2.42 7.59 8.94 5.98 5.32 1.31
6.86 3.10 7.82 9.89 9.09 4.58 3.98 6.69 8.54 4.91
4.29 8.57 8.61 6.20 8.71 3.75 8.45 9.47 8.15 7.17
7.87 7.57 3.05 4.34 3.73 8.02 4.52 8.48 8.27 2.46
7.59 9.34 4.23 2.82 3.06 5.77 2.71 7.79 8.50 5.80
1.09 9.67 4.08 3.27 6.68 2.65 8.47 5.88 1.58 4.02
5.90 3.52 7.25 3.26 8.29 7.91 6.03 3.75 3.67 7.78
2.10 9.38 4.89 5.28 2.65 8.34 3.84 8.56 7.38 7.18
3.99 2.05 7.08 4.06 6.44 3.53 8.27 7.57 2.51 3.86
7.00 1.98 8.79 3.00 1.62 5.16 9.99 2.47 6.76 9.70
2.24 6.86 6.53 4.38 2.07 5.59 6.05 6.92 3.22 5.90
9.17 4.73 5.99 1.39 2.41 2.25 2.39 9.00 7.99 2.14
3.13 3.45 6.69 7.62 2.98 7.15 7.31 5.81 4.30 3.21
7.55 5.11 9.84 5.11 8.43 1.66 6.15 3.23 3.27 6.28
2.11 5.24 4.91 9.20 3.90 2.26 8.42 6.39 8.39 9.57
9.45 6.41 5.50 9.97 9.13 3.15 1.11 3.99 1.50 8.15
8.78 8.60 6.98 2.66 2.69 4.90 4.07 2.14 8.22 2.05
1.30 2.18 2.45 3.00 9.78 4.89 4.98 8.31 6.63 7.47
6.81 6.60 3.12 6.56 6.63 8.43 6.14 1.98 2.68 8.64
3.10 4.47 8.60 5.09 3.42 9.96 5.43 2.34 4.32 9.70
4.39 3.47 3.78 7.42 1.85 1.33 3.35 1.78 7.30 2.39
3.72 6.52 9.41 1.71 7.85 9.11 7.06 1.30 2.49 2.02
7.49 8.76 2.80 2.40 5.37 8.28 8.67 6.01 3.72 7.22
4.44 6.42 7.33 9.10 6.84 4.40 2.64 1.04 8.69 4.64
5.89 7.55 5.38 9.05 2.51 6.95 7.38 2.94 8.74 6.34
8.71 1.41 6.88 1.11 9.86 2.95 6.34 7.21 9.77 8.57
2.03 1.26 7.43 2.09 2.94 5.93 1.18 8.44 4.39 6.89
8.87 5.58 1.93 6.15 6.46 3.49 5.70 9.71 3.47 6.23
4.64 9.16 1.62 7.37 1.72 3.01 7.72 8.63 2.18 7.51
3.64 1.44 7.36 2.85 6.74 4.63 6.54 3.90 3.69 1.14
7.09 6.51 6.45 5.82 6.45 9.36 1.84 8.68 7.76 1.02
9.09 1.84 6.48 2.21 4.15 2.57 6.39 2.44 5.30 8.11
1.17 5.77 4.96 9.01 7.73 8.28 5.60 1.75 7.07 7.64
9.75 1.93 2.28 2.12 1.73 2.71 9.59 5.41 7.99 1.58
1.93 8.69 8.18 7.68 1.09 5.99 2.29 6.41 2.22 4.06
9.01 6.33 4.43 1.61 7.32 9.34 7.01 3.29 3.48 8.51
5.51 6.58 9.19 8.48 8.04 4.88 6.79 4.87 3.24 6.15
7.70 4.88 4.61 5.23 9.64 3.37 3.44 6.01 9.70 5.30
1.79 3.95 7.79 3.96 7.97 1.31 1.07 1.65 7.13 4.86
6.30 9.74 5.76 1.67 3.15 8.02 8.22 2.36 3.28 1.88
3.95 8.24 9.71 4.37 5.57 2.80 1.20 2.85 9.46 4.05
4.93 4.27 1.78 4.43 9.97 2.18 1.71 3.08 5.19 9.40
1.30 9.62 1.75 3.93 8.58 4.67 6.02 6.04 4.09 2.73
6.73 8.83 7.51 9.91 8.23 7.69 8.09 2.81 6.05 6.36
3.40 4.41 5.52 3.43 2.07 1.42 9.93 3.82 2.12 8.15
2.86 3.65 6.09 3.42 6.80 8.63 8.23 5.09 4.31 4.47
7.86 9.65 1.04 7.09 1.22 7.44 2.44 8.70 6.00 5.44
4.98 3.50 6.04 8.95 7.92 8.81 8.34 3.29 8.22 4.64
8.57 5.33 6.97 8.87 5.77 3.92 6.31 8.97 8.52 3.73
4.54 1.89 7.52 4.26 8.19 7.88 4.12 8.32 1.83 3.55
1.51 7.89 9.57 7.89 8.15 4.66 1.73 8.20 8.37 9.02
2.32 4.60 4.62 3.23 2.12 7.84 3.16 2.72 1.75 7.34
3.75 1.71 5.77 7.07 2.73 8.05 2.49 1.35 1.58 6.90
4.50 1.24 6.85 4.24 8.37 5.05 6.31 8.28 4.52 6.73
6.92 5.24 3.51 6.70 1.18 8.49 5.22 7.21 5.81 6.88
7.50 3.74 6.60 2.06 9.10 6.73 9.34 9.45 2.89 8.43
8.72 7.31 1.38 5.91 7.01 5.97 3.07 2.95 9.49 8.07
5.48 6.31 1.11 2.35 7.93 8.39 3.31 3.38 2.94 1.14
1.35 1.29 4.61 4.30 5.51 6.37 5.34 6.80 8.67 6.26
4.84 5.98 6.89 6.04 6.68 4.03 5.33 1.34 2.04 3.69
6.70 4.93 6.57 2.80 4.21 7.62 3.26 8.59 6.70 7.06
3.55 6.56 3.40 2.92 1.96 4.92 8.96 7.18 3.99 7.68
2.04 9.89 6.25 4.56 9.55 7.31 2.56 5.64 6.73 9.18
7.46 1.45 8.10 6.71 2.68 2.53 6.42 7.67 7.19 8.76
9.00 6.57 1.82 6.35 9.02 8.64 3.81 4.82 7.37 5.75
2.20 8.91 9.83 2.07 1.98 7.23 5.70 4.47 9.44 1.60
4.37 7.98 5.85 8.98 3.14 5.17 8.81 1.66 6.28 3.62
2.33 1.32 1.73 4.82 7.97 7.46 3.62 6.22 7.95 8.67
6.05 7.61 5.66 1.41 6.61 3.03 2.77 6.71 5.23 5.34
9.10 2.84 5.34 9.08 7.33 2.61 4.21 8.09 9.33 1.69
2.34 4.48 2.64 5.75 8.30 9.37 8.82 9.27 5.07 2.20
4.39 3.24 6.22 4.38 1.96 3.04 9.14 7.51 4.36 3.64
4.14 4.15 4.90 5.98 9.98 6.24 9.79 6.95 6.67 5.78
2.32 4.31 9.66 9.55 2.31 3.37 2.20 4.70 2.61 2.53
9.06 5.11 9.38 5.84 7.64 7.83 5.28 9.83 2.97 9.02
6.93 8.74 5.46 1.10 2.85 7.68 2.81 6.10 5.55 6.68
4.81 6.33 4.90 4.55 5.10 9.51 7.47 1.59 2.82 5.98
6.24 4.31 2.66 9.08 2.77 7.66 4.03 8.55 8.19 6.42
6.68 8.50 7.25 4.49 7.81 6.37 2.00 3.46 5.46 6.81
1.51 8.48 9.55 2.30 4.86 5.54 5.19 5.53 5.71 3.60
9.84 9.53 2.40 5.02 9.33 9.53 8.96 2.78 7.54 9.50
9.90 5.23 3.84 6.33 1.20 8.09 8.07 2.93 4.92 4.05
1.31 8.24 9.30 3.45 1.96 3.47 9.73 10.00 5.80 3.48
5.21 5.94 5.96 9.85 9.29 2.31 4.50 4.11 5.02 7.63
6.37 1.65 6.05 9.10 4.83 7.08 3.68 8.12 2.68 7.94
6.30 5.13 4.92 4.46 3.67 1.92 6.40 3.25 7.45 1.74
2.97 7.40 4.33 7.72 6.90 3.93 6.40 8.46 5.52 6.86
9.09 7.98 1.19 5.42 4.47 9.36 8.13 3.21 5.60 3.57
4.52 5.33 9.37 8.64 3.18 9.05 6.56 9.72 7.32 9.76
1.35 8.82 5.61 8.55 1.34 8.74 2.77 3.24 3.36 5.74
5.87 1.74 6.56 1.23 8.87 5.69 1.54 2.58 1.37 1.86
3.04 6.70 3.55 3.84 8.06 4.51 9.32 2.93 6.63 8.99
2.98 8.20 8.02 1.49 3.71 3.23 5.68 6.17 1.56 3.86
8.47 7.79 8.01 3.60 3.78 5.62 6.58 8.70 9.41 9.13
4.72 5.94 6.16 7.29 7.06 6.06 2.66 6.37 5.57 9.86
9.16 6.18 3.92 8.64 2.85 5.93 8.20 2.92 4.10 9.02
6.65 5.96 6.59 8.53 7.28 1.91 2.37 3.24 8.24 8.78
5.96 5.43 4.15 5.87 3.76 1.10 4.15 8.08 9.22 7.40
9.76 1.42 5.20 4.97 7.19 9.89 1.13 6.08 8.14 4.12
6.16 7.16 5.20 4.92 4.10 2.18 9.87 9.97 1.63 5.46
6.06 8.96 6.49 8.31 2.22 9.60 8.18 2.13 5.92 7.10
6.38 6.45 7.92 1.50 9.60 2.23 8.69 9.53 9.00 5.19
7.91 5.42 7.25 3.28 8.90 8.69 5.06 8.45 9.01 1.06
3.91 4.10 5.79 1.34 8.66 1.53 6.37 7.07 8.05 1.82
9.53 5.52 8.18 3.97 7.92 7.92 3.42 6.42 4.14 1.77
7.52 8.81 8.66 9.53 1.13 1.70 3.79 3.81 7.63 5.12
6.00 7.39 7.76 1.06 1.16 1.13 4.15 8.08 4.50 1.33
3.00 1.83 8.36 4.90 3.81 7.82 6.66 7.24 3.75 6.29
2.34 6.78 3.51 1.55 3.39 3.56 1.87 7.17 3.99 7.14
7.42 8.23 8.73 6.08 9.27 8.25 9.38 4.89 1.87 1.66
9.37 3.41 8.16 2.93 1.12 1.75 4.59 2.58 7.23 3.59
9.82 3.51 7.60 3.30 1.67 3.24 7.13 10.00 5.32 1.10
8.99 1.86 4.17 4.94 9.10 5.91 8.53 1.02 5.11 5.11
5.75 6.79 4.36 3.22 2.40 2.93 6.87 4.24 3.33 4.43
3.11 7.07 3.52 7.95 1.17 6.56 5.18 8.88 2.75 4.94
9.90 6.81 3.93 7.77 4.02 2.44 8.04 2.54 6.02 5.74
9.10 2.40 6.62 7.35 7.72 9.80 2.91 2.75 8.10 3.49
1.18 3.89 7.04 6.78 1.19 8.99 5.98 4.70 1.13 1.06
4.71 9.20 3.79 1.84 5.99 8.18 1.71 1.22 6.75 9.69
9.21 5.25 2.46 3.20 3.19 3.89 5.05 5.07 9.01 3.54
9.57 10.00 4.70 7.07 7.20 9.63 9.10 1.54 3.39 9.84
8.72 8.06 1.82 1.68 1.97 8.11 5.96 9.20 6.70 1.34
6.60 3.72 6.68 9.00 3.36 7.00 1.47 5.46 9.80 3.16
5.34 5.57 2.69 3.76 2.88 1.38 8.25 6.19 6.99 9.38
3.45 1.27 4.32 4.57 5.20 8.40 4.08 2.70 3.10 1.17
5.32 5.22 9.18 9.23 8.59 3.96 4.56 9.62 4.72 8.45
6.79 2.98 1.25 1.11 4.42 5.90 2.06 9.31 4.25 7.17
7.80 5.91 8.53 8.78 5.28 1.57 1.30 8.77 2.79 7.17
4.18 9.09 4.61 7.96 5.78 4.55 1.04 2.87 2.29 1.19
4.71 6.71 7.51 4.49 5.71 1.15 4.59 4.79 5.59 8.32
7.32 1.23 5.98 5.57 6.34 3.35 3.05 1.08 9.93 6.84
5.59 5.09 3.75 2.61 5.89 1.57 7.32 5.15 4.23 1.14
7.22 4.64 5.93 7.71 3.86 1.06 6.52 8.87 1.58 2.38
4.27 4.43 5.55 7.71 6.71 6.66 8.73 2.76 3.64 3.76
2.57 2.99 8.83 6.55 8.49 8.87 1.85 3.98 1.05 6.42
8.94 5.46 4.80 7.61 1.46 5.81 2.42 3.57 5.59 1.21
2.02 6.36 2.14 1.45 5.23 1.16 2.57 4.03 3.01 5.22
9.13 9.11 3.36 9.58 6.27 2.24 6.70 7.79 3.89 4.87
5.26 4.34 5.24 6.86 9.77 3.43 4.09 7.54 6.07 6.64
5.17 9.15 7.06 3.77 4.08 3.71 3.32 4.97 7.38 9.08
6.68 7.28 5.18 5.37 8.71 9.91 3.33 7.99 6.62 6.04
8.04 7.63 8.66 5.25 3.15 7.33 5.87 4.85 2.74 8.76
2.50 8.13 9.89 6.92 7.71 8.58 9.02 6.80 8.60 3.38
3.15 8.56 7.35 7.74 3.98 9.45 6.81 4.86 6.65 1.58
2.17 3.38 6.55 7.31 7.45 5.84 5.29 6.34 2.43 5.03
7.88 4.86 2.41 9.52 9.30 3.27 6.66 2.38 5.41 9.51
9.60 9.14 9.35 7.54 9.09 4.15 3.42 9.66 2.66 1.67
8.97 9.88 1.19 4.00 3.32 5.22 1.17 3.05 2.59 3.03
1.26 2.84 4.85 4.39 2.69 6.13 3.17 5.77 2.55 3.76
1.80 2.90 9.43 9.63 6.92 6.84 7.73 7.43 2.92 8.75
9.91 4.81 8.04 7.86 3.13 9.71 6.25 8.82 5.63 8.20
6.23 3.77 6.44 4.11 1.49 1.41 1.11 7.96 1.44 3.70
6.20 3.74 3.75 1.45 4.03 8.98 7.44 2.20 8.08 6.38
8.05 9.86 3.84 5.32 6.44 3.83 2.39 5.68 4.14 6.68
4.31 6.84 6.62 9.56 7.87 2.14 8.06 5.85 7.50 8.67
1.72 5.34 8.89 9.50 9.23 5.66 5.82 9.96 3.84 6.69
4.37 9.84 1.28 1.15 8.45 6.22 8.62 4.17 7.11 1.21
8.73 1.65 3.48 8.48 1.49 1.94 8.64 1.30 3.82 2.02
5.34 3.33 4.45 2.22 6.36 8.83 9.94 1.78 7.45 4.76
8.88 9.60 7.56 3.98 7.85 1.88 8.78 8.04 9.68 8.73
3.04 1.58 9.52 5.24 5.83 8.25 6.14 4.27 2.05 4.43
9.65 1.85 9.64 5.96 4.02 2.77 9.02 2.53 4.05 3.84
3.59 6.24 4.03 7.47 6.59 2.37 7.58 7.69 1.45 1.73
1.59 4.14 6.82 1.82 2.25 8.31 2.53 4.29 9.66 1.26
9.75 7.26 9.15 6.21 3.11 2.43 4.84 1.04 5.20 9.65
8.70 7.26 6.73 8.22 2.95 4.47 1.34 6.84 7.14 9.60
2.60 3.26 4.14 7.16 5.04 8.53 5.16 6.03 2.26 7.59
1.27 7.68 5.66 6.80 5.54 8.99 6.77 6.02 1.40 6.41
8.81 4.98 7.47 8.49 5.85 9.11 3.58 9.25 8.53 4.68
1.95 1.86 5.10 8.07 4.55 1.24 1.79 4.65 7.40 1.56
8.34 6.19 3.23 1.28 9.53 3.89 2.18 7.57 7.30 2.00
2.43 9.34 2.53 9.06 2.00 6.26 6.85 3.99 7.72 2.20
1.96 8.47 4.39 6.66 4.58 2.11 9.75 4.73 9.62 8.51
8.31 6.22 3.81 5.80 4.32 8.62 4.40 2.66 5.51 2.21
3.95 4.49 4.49 9.38 3.86 5.00 5.34 5.26 7.69 2.68
2.62 6.93 6.41 9.99 1.55 2.02 6.62 4.92 8.83 5.26
5.75 5.91 3.70 7.09 2.99 8.37 6.87 5.28 4.78 6.37
8.28 7.86 8.51 5.47 8.58 2.25 6.36 5.03 1.92 9.88
3.96 7.60 7.55 2.92 3.63 9.29 9.84 5.57 9.52 7.74
8.93 5.20 4.79 7.02 6.55 3.22 7.44 1.51 9.64 8.15
9.98 1.91 2.46 3.11 7.91 1.30 6.47 9.58 8.46 6.24
5.63 1.87 4.36 1.27 3.65 9.64 4.00 4.05 2.59 6.63
8.18 1.03 10.00 9.69 3.02 6.10 4.79 8.12 2.94 6.49
5.72 6.08 5.21 8.96 7.39 3.91 3.44 6.11 5.14 3.22
8.39 7.02 6.68 9.36 1.32 8.34 5.79 2.44 1.79 9.94
9.23 9.52 2.00 8.88 4.61 9.49 8.55 3.93 5.19 3.52
2.53 8.74 2.28 7.36 3.88 4.95 9.76 1.00 4.02 7.92
6.09 7.14 4.79 6.89 4.72 1.49 3.33 9.34 9.73 1.52
1.59 8.32 2.14 9.37 2.31 8.97 6.42 6.21 7.47 6.79
4.24 2.96 5.30 6.41 2.61 4.98 7.66 5.30 9.50 9.12
7.99 8.23 3.51 6.32 5.99 3.80 4.52 1.48 4.73 3.00
1.64 1.82 6.84 7.31 6.25 9.15 8.47 6.84 3.03 8.97
4.56 9.97 1.85 9.37 9.43 5.82 8.83 3.48 4.12 8.74
5.75 1.66 4.25 7.98 5.92 1.49 1.37 7.29 2.77 3.49
6.12 3.03 4.86 4.14 9.63 6.50 3.19 2.56 6.95 6.53
8.11 1.01 5.20 4.45 8.71 7.92 6.16 8.07 6.77 1.86
9.49 4.26 6.88 9.83 9.36 4.49 6.37 4.09 9.61 7.41
2.52 9.78 2.62 9.20 2.95 1.17 8.93 8.25 4.86 2.26
5.55 6.12 7.05 3.40 1.64 3.72 1.91 9.59 2.92 7.06
7.54 2.43 2.78 3.07 7.00 7.63 8.30 9.08 3.06 6.81
7.42 1.17 8.52 3.33 5.82 5.15 7.20 5.18 5.32 7.04
2.16 9.15 2.51 8.71 7.79 4.90 1.20 6.46 7.73 1.87
6.69 9.82 1.22 6.20 7.86 2.24 4.76 2.34 6.86 4.94
4.56 7.35 7.79 5.02 4.51 6.78 1.22 6.84 8.93 5.74
1.43 5.01 3.16 7.62 9.89 8.07 8.12 5.91 1.15 3.82
1.44 8.24 9.62 7.46 7.78 1.48 6.04 5.95 8.20 5.39
2.44 1.10 4.49 6.39 5.66 8.48 7.13 9.58 7.54 1.12
1.23 2.11 1.08 7.35 7.47 7.10 1.18 9.29 5.93 9.46
5.46 9.09 8.02 1.12 7.83 7.23 9.52 8.09 7.45 1.14
1.79 1.87 7.67 1.21 8.28 3.94 5.11 3.28 9.83 1.55
9.45 2.58 8.71 9.14 6.72 5.71 9.71 9.04 8.13 8.95
5.87 1.37 5.88 6.80 2.03 8.27 2.17 6.25 9.17 5.27
9.75 9.31 6.70 8.49 4.80 6.68 6.47 8.59 3.92 7.77
4.46 5.16 1.25 2.02 6.03 6.24 4.55 1.77 8.59 1.20
3.59 7.74 5.70 8.31 5.45 5.91 9.51 1.73 4.98 4.36
6.34 9.39 6.17 8.72 2.25 7.07 2.42 2.71 3.78 2.06
4.14 9.01 7.98 3.71 3.04 4.17 5.13 8.03 4.99 3.44
4.50 1.34 3.02 9.72 5.91 5.54 9.63 6.09 4.41 8.71
8.67 8.35 5.00 6.66 7.92 9.12 2.35 2.37 7.59 8.86
4.64 8.89 6.49 7.33 5.27 2.25 3.95 3.79 6.34 4.53
8.06 1.70 9.42 6.81 4.82 3.14 9.91 6.76 3.14 9.94
3.54 2.40 6.47 7.95 1.03 2.10 6.19 2.59 4.45 3.96
2.21 4.95 9.78 8.07 5.70 2.41 4.68 9.98 3.49 6.61
6.35 5.27 8.63 3.65 1.34 1.55 5.02 7.11 8.11 3.89
7.60 2.07 5.58 7.28 2.77 5.46 1.23 1.48 7.62 8.89
8.04 7.00 7.12 4.23 7.94 8.84 1.39 8.04 5.65 9.98
5.10 2.18 3.41 3.54 6.51 5.21 9.24 1.73 3.92 7.61
6.18 6.36 9.78 3.88 6.42 2.49 3.81 6.79 7.43 3.67
8.20 7.55 2.32 9.07 4.36 7.99 9.91 8.01 8.49 7.66
6.56 7.22 1.27 7.07 2.83 8.15 2.07 3.57 2.00 9.65
5.92 2.53 5.59 2.22 9.20 3.91 2.56 5.95 9.64 6.09
2.40 6.66 9.51 6.94 3.61 3.02 3.70 3.55 4.62 4.74
1.25 5.32 9.87 8.65 7.55 5.14 3.41 4.70 1.20 8.76
7.70 3.26 7.83 3.69 6.37 4.97 9.62 8.96 2.33 1.76
3.39 7.26 3.15 8.22 1.21 1.96 9.39 6.07 5.54 7.41
8.93 8.80 8.22 4.68 9.04 7.78 6.54 9.02 8.16 8.63
4.85 7.57 8.65 4.70 8.30 6.62 6.66 5.87 3.29 7.33
8.55 7.06 7.04 9.31 5.41 9.55 8.70 6.46 3.23 8.00
5.07 8.81 5.85 4.27 2.04 5.31 2.90 1.34 2.01 6.16
8.82 6.08 9.21 6.72 8.78 8.92 1.14 9.95 9.12 8.50
5.97 2.56 2.15 7.20 8.62 7.03 8.02 3.84 7.94 5.21
3.33 4.55 6.26 6.48 8.67 3.02 6.20 9.30 2.16 4.80
6.47 1.76 5.07 2.14 7.80 1.53 5.70 3.01 6.95 3.44
5.72 8.49 6.76 9.53 9.07 3.57 3.26 2.14 3.32 3.05
8.73 3.70 9.58 1.87 6.88 3.01 3.89 1.27 1.89 2.48
4.58 9.34 5.83 7.91 7.72 3.68 4.42 2.80 1.69 3.81
1.68 7.69 4.77 2.04 5.61 5.82 6.40 1.72 8.64 8.63
3.42 9.32 1.05 1.66 3.49 4.51 1.90 5.61 3.81 2.76
2.79 2.05 2.39 6.14 7.28 7.89 2.53 8.08 6.96 6.32
6.22 2.69 9.35 6.74 7.46 2.89 3.00 8.01 6.91 2.64
1.46 2.68 5.14 5.81 9.19 3.93 8.31 1.28 4.62 8.24
8.55 3.07 8.09 6.17 1.95 8.37 8.19 6.05 8.15 1.04
2.72 1.17 2.80 5.27 8.22 3.56 1.83 4.05 1.68 6.24
7.17 6.65 9.50 4.82 7.67 7.83 1.01 8.43 4.15 1.64
1.68 7.59 5.52 1.80 5.90 9.75 4.16 9.15 4.89 6.58
5.84 3.90 1.18 2.67 4.88 1.20 1.03 8.80 3.70 2.69
4.68 5.97 1.25 3.21 7.86 6.21 4.27 3.92 2.64 5.50
8.17 1.06 1.60 4.27 8.60 3.16 2.88 6.70 6.18 6.63
4.20 1.53 1.04 1.23 7.44 8.08 9.38 7.46 1.68 3.87
7.08 8.86 5.70 3.80 4.51 6.08 5.46 8.46 4.98 3.16
4.77 2.86 6.05 9.11 9.28 8.95 4.91 3.85 7.22 7.86
8.81 6.88 6.69 9.31 4.79 1.66 9.80 1.38 3.24 9.37
7.57 5.20 1.55 2.66 7.89 8.94 6.97 6.48 9.08 1.57
5.68 4.29 9.66 2.35 4.37 2.60 3.81 1.80 6.16 7.08
8.70 1.35 1.23 1.72 4.66 7.01 5.27 8.10 5.96 2.70
3.77 7.18 6.93 5.47 8.70 8.41 8.65 5.20 5.02 2.23
9.00 4.66 7.72 9.93 2.12 3.12 5.92 3.72 4.87 7.40
6.94 9.30 3.04 3.02 9.20 5.53 2.80 1.65 7.73 8.84
6.63 6.46 2.29 8.78 7.88 6.70 1.78 8.88 8.55 8.64
6.59 5.51 6.58 5.31 3.63 9.84 4.13 1.56 3.74 1.67
7.81 5.81 2.11 9.14 3.70 5.42 4.84 5.30 1.39 7.08
4.71 2.57 1.73 6.67 4.67 2.96 5.92 6.77 7.05 9.82
2.46 9.07 4.61 2.15 2.20 1.42 5.01 8.92 1.29 3.60
3.39 6.24 7.09 7.69 4.20 8.25 1.82 1.55 1.81 6.48
5.19 6.32 7.59 8.04 7.26 7.27 1.99 2.30 9.14 8.74
4.41 2.92 8.25 4.22 4.69 6.70 1.99 2.90 4.57 7.18
4.77 4.67 6.36 6.42 3.61 7.46 6.74 6.06 5.12 7.19
3.47 3.90 9.84 9.14 3.10 8.65 3.13 6.91 5.16 1.97
8.63 3.28 4.01 9.47 6.23 7.99 8.62 9.63 6.60 3.16
6.52 7.32 3.59 3.71 6.11 6.71 1.74 8.77 1.30 6.48
1.57 1.47 2.52 1.60 5.37 9.86 6.79 1.37 9.35 7.80
5.07 1.85 9.11 3.88 4.87 4.90 3.68 7.84 6.49 5.66
7.93 1.86 4.21 3.94 4.59 9.57 2.88 6.81 4.41 9.32
6.26 8.69 9.37 9.79 1.37 8.90 6.79 8.31 7.64 3.18
7.39 7.59 6.93 8.08 6.00 9.40 9.84 8.99 5.32 5.32
3.39 2.48 3.86 2.91 3.46 1.39 2.79 8.06 2.80 6.38
2.59 6.58 5.32 2.28 4.45 8.58 4.91 7.75 7.48 3.09
2.49 8.67 9.57 8.65 8.49 9.45 2.56 9.10 2.92 2.27
7.20 7.21 4.35 8.91 9.55 3.34 5.30 7.54 7.46 9.03
9.28 3.36 4.94 7.33 6.45 6.92 5.94 4.20 8.48 3.72
2.36 4.22 4.54 6.43 4.29 3.85 6.62 3.82 1.55 8.33
8.34 3.42 3.33 9.65 9.30 6.72 9.83 9.68 6.46 5.48
5.56 2.69 2.80 4.42 6.44 5.13 3.62 9.46 7.61 2.34
7.82 7.14 1.56 2.37 7.69 4.11 7.72 8.47 9.53 2.00
6.38 4.93 7.51 4.60 1.20 9.76 4.78 1.11 8.27 5.22
3.86 4.72 6.21 9.99 5.41 4.72 8.09 8.53 3.24 8.10
1.51 8.51 1.57 7.60 9.09 8.98 9.95 8.09 3.02 5.64
2.48 5.16 4.79 7.68 8.28 3.33 6.87 4.70 2.80 4.10
2.22 1.35 3.58 6.24 1.57 6.18 2.31 8.59 9.41 3.54
5.07 9.16 4.37 1.06 1.58 8.78 3.79 2.75 1.83 3.43
7.24 6.06 8.21 7.81 3.59 7.60 3.34 6.18 1.81 2.10
5.44 3.19 8.85 6.89 6.79 9.26 2.23 9.22 4.68 6.48
2.36 7.83 5.01 3.60 3.27 9.34 3.69 3.12 1.13 3.07
4.95 2.87 1.67 4.24 8.84 1.24 7.62 8.86 9.92 9.53
1.43 6.90 2.26 4.38 3.25 5.50 5.08 7.80 7.46 6.60
1.90 2.95 9.98 8.62 4.92 5.69 2.85 1.28 4.60 7.50
5.58 4.04 9.22 7.77 8.97 5.01 4.62 2.26 2.43 4.22
6.20 3.42 2.48 5.30 4.09 5.71 5.79 2.38 1.08 8.63
5.33 6.96 2.18 3.33 2.88 2.85 4.59 1.03 5.48 4.09
6.13 8.15 4.52 6.06 7.68 4.84 4.26 8.05 8.80 3.29
4.85 3.52 2.43 6.11 7.97 5.28 4.77 7.35 3.42 1.23
1.55 9.32 9.85 3.12 3.17 8.83 4.15 3.70 8.58 8.71
5.12 4.83 6.77 7.68 2.17 4.00 3.93 4.37 5.00 7.36
4.57 9.20 9.32 9.58 2.25 3.67 7.37 3.47 2.55 1.59
6.85 3.87 3.66 2.25 7.72 1.19 7.57 6.89 7.05 5.73
4.66 1.26 5.29 9.65 8.78 7.55 3.55 1.63 5.22 7.61
2.97 8.11 2.03 2.44 5.60 6.44 4.22 3.82 9.85 8.04
6.22 7.35 7.32 9.77 4.76 6.33 5.34 3.54 6.59 3.29
4.83 8.53 6.71 9.09 7.38 1.28 3.10 2.54 6.60 3.13
4.12 3.09 5.34 7.49 6.53 1.76 6.35 3.57 6.45 5.85

Demandas:
0 0 0 0 0 1 0
0 1 0 0 0 0 0
1 0 0 0 0 0 0
0 1 0 0 0 0 0
0 0 0 0 0 0 1
0 0 0 1 0 0 0
0 0 0 1 0 0 0
0 0 0 0 0 0 1
0 1 0 0 0 0 0
0 0 0 0 0 1 0
0 0 0 0 1 0 0
1 0 0 0 0 0 0
0 0 0 1 0 0 0
0 0 0 0 0 1 0
0 0 0 0 0 1 0
0 1 0 0 0 0 0
0 0 0 0 0 1 0
0 0 0 0 0 1 0
0 0 0 1 0 0 0
0 0 1 0 0 0 0
0 0 0 1 0 0 0
0 0 0 0 1 0 0
0 0 0 1 0 0 0
0 0 0 0 0 1 0
0 0 1 0 0 0 0
0 0 0 1 0 0 0
0 0 0 0 0 1 0
0 0 0 0 0 0 1
0 0 0 0 0 1 0
0 1 0 0 0 0 0
0 0 0 0 0 0 1
1 0 0 0 0 0 0
1 0 0 0 0 0 0
0 0 0 1 0 0 0
0 0 1 0 0 0 0
1 0 0 0 0 0 0
0 0 0 0 0 0 1
0 0 0 0 0 1 0
0 0 0 0 0 0 1
0 0 0 0 1 0 0
0 0 0 0 0 1 0
0 0 1 0 0 0 0
0 0 0 0 0 0 1
1 0 0 0 0 0 0
0 0 0 0 0 1 0
0 1 0 0 0 0 0
0 0 0 0 0 0 1
0 0 0 0 0 1 0
0 0 1 0 0 0 0
1 0 0 0 0 0 0
0 0 0 0 0 1 0
1 0 0 0 0 0 0
0 0 0 0 1 0 0
1 0 0 0 0 0 0
0 0 0 0 0 1 0
0 0 0 1 0 0 0
0 0 0 0 1 0 0
0 0 0 1 0 0 0
0 0 1 0 0 0 0
0 0 0 0 0 1 0
1 0 0 0 0 0 0
0 1 0 0 0 0 0
0 1 0 0 0 0 0
0 0 1 0 0 0 0
0 0 0 1 0 0 0
0 0 0 0 0 0 1
0 0 0 0 0 1 0
0 0 1 0 0 0 0
1 0 0 0 0 0 0
0 0 1 0 0 0 0
0 0 1 0 0 0 0
0 0 0 1 0 0 0
0 1 0 0 0 0 0
0 0 0 0 0 0 1
1 0 0 0 0 0 0
0 0 0 1 0 0 0
0 1 0 0 0 0 0
0 0 0 1 0 0 0
0 0 0 0 0 1 0
1 0 0 0 0 0 0
0 1 0 0 0 0 0
0 0 1 0 0 0 0
0 0 0 0 0 0 1
1 0 0 0 0 0 0
1 0 0 0 0 0 0
0 0 0 0 0 0 1
0 1 0 0 0 0 0
0 0 0 0 0 1 0
0 0 0 0 0 0 1
0 0 1 0 0 0 0
0 0 0 0 1 0 0
0 0 1 0 0 0 0
0 0 0 1 0 0 0
0 0 0 0 0 0 1
0 0 0 0 0 1 0
0 0 0 0 1 0 0
1 0 0 0 0 0 0
0 0 0 0 0 1 0
0 0 0 0 1 0 0
0 0 1 0 0 0 0
0 0 0 0 0 1 0
0 0 1 0 0 0 0
0 0 1 0 0 0 0
0 0 0 1 0 0 0
0 0 0 1 0 0 0
1 0 0 0 0 0 0
1 0 0 0 0 0 0
0 0 0 0 0 1 0
0 0 1 0 0 0 0
0 0 0 1 0 0 0
0 0 1 0 0 0 0
0 0 0 1 0 0 0
0 0 0 0 1 0 0
0 0 1 0 0 0 0
0 0 0 0 0 1 0
0 0 0 1 0 0 0
0 0 0 0 1 0 0
0 1 0 0 0 0 0
1 0 0 0 0 0 0
0 0 0 0 1 0 0
0 0 0 0 1 0 0
0 1 0 0 0 0 0
1 0 0 0 0 0 0
0 0 0 1 0 0 0
0 0 0 0 0 0 1
1 0 0 0 0 0 0
0 0 0 0 0 0 1
0 1 0 0 0 0 0
0 1 0 0 0 0 0
0 0 0 0 0 1 0
0 0 0 0 0 1 0
1 0 0 0 0 0 0
0 0 0 0 0 1 0
0 0 1 0 0 0 0
0 1 0 0 0 0 0
0 0 0 1 0 0 0
0 0 1 0 0 0 0
0 0 0 0 0 0 1
0 0 1 0 0 0 0
0 0 0 0 0 0 1
0 0 0 1 0 0 0
0 0 0 0 0 1 0
0 1 0 0 0 0 0
0 0 1 0 0 0 0
0 1 0 0 0 0 0
0 0 0 0 1 0 0
0 0 0 0 0 1 0
0 0 0 0 0 0 1
0 0 0 1 0 0 0
0 0 1 0 0 0 0
0 0 0 0 0 1 0
0 0 0 0 1 0 0
0 0 0 1 0 0 0
0 0 0 0 0 0 1
0 0 0 0 0 1 0
0 0 1 0 0 0 0
0 0 0 0 0 1 0
0 0 1 0 0 0 0
1 0 0 0 0 0 0
0 1 0 0 0 0 0
0 1 0 0 0 0 0
1 0 0 0 0 0 0
0 0 0 0 0 1 0
0 0 0 0 0 0 1
0 0 0 0 0 0 1
0 0 1 0 0 0 0
0 0 0 1 0 0 0
0 1 0 0 0 0 0
0 0 0 0 1 0 0
0 0 0 0 0 1 0
0 1 0 0 0 0 0
0 0 0 0 1 0 0
0 0 0 1 0 0 0
0 0 0 0 0 1 0
1 0 0 0 0 0 0
1 0 0 0 0 0 0
0 0 1 0 0 0 0
0 0 0 0 0 0 1
0 0 0 1 0 0 0
0 1 0 0 0 0 0
0 0 0 0 1 0 0
0 0 0 1 0 0 0
0 0 0 0 1 0 0
0 0 0 0 0 1 0
0 0 0 0 1 0 0
0 0 1 0 0 0 0
0 0 0 0 1 0 0
0 1 0 0 0 0 0
0 0 1 0 0 0 0
0 0 0 1 0 0 0
0 1 0 0 0 0 0
0 0 0 0 1 0 0
0 0 0 0 0 1 0
0 0 0 0 1 0 0
1 0 0 0 0 0 0
0 1 0 0 0 0 0
0 0 0 0 0 0 1
1 0 0 0 0 0 0
0 0 0 0 0 0 1
0 0 0 0 0 1 0
0 1 0 0 0 0 0
0 0 0 0 1 0 0
0 0 0 0 0 0 1
0 0 0 0 0 0 1
0 0 0 0 1 0 0
0 0 1 0 0 0 0
0 0 0 1 0 0 0
0 0 0 1 0 0 0
0 0 1 0 0 0 0
0 0 0 0 0 1 0
0 0 0 0 0 0 1
0 0 0 0 1 0 0
0 0 0 0 1 0 0
0 1 0 0 0 0 0
0 0 0 1 0 0 0
0 0 0 0 0 0 1
0 1 0 0 0 0 0
0 1 0 0 0 0 0
0 0 0 0 0 0 1
1 0 0 0 0 0 0
0 1 0 0 0 0 0
0 0 0 0 1 0 0
1 0 0 0 0 0 0
0 0 0 0 0 1 0
0 0 1 0 0 0 0
0 0 0 0 1 0 0
0 0 0 0 1 0 0
0 0 0 0 0 0 1
0 0 0 1 0 0 0
0 0 0 0 1 0 0
0 0 0 1 0 0 0
0 0 1 0 0 0 0
0 0 0 0 0 1 0
1 0 0 0 0 0 0
0 0 0 1 0 0 0
0 0 1 0 0 0 0
0 0 0 1 0 0 0
0 0 0 0 0 1 0
0 0 0 0 0 1 0
0 1 0 0 0 0 0
0 0 0 1 0 0 0
0 0 0 0 0 0 1
0 0 1 0 0 0 0
0 1 0 0 0 0 0
0 0 0 1 0 0 0
0 0 1 0 0 0 0
0 0 0 0 0 0 1
0 1 0 0 0 0 0
1 0 0 0 0 0 0
0 0 0 1 0 0 0
0 0 0 1 0 0 0
0 0 0 1 0 0 0
0 0 0 0 0 1 0
0 0 1 0 0 0 0
0 0 1 0 0 0 0
0 1 0 0 0 0 0
0 0 0 0 0 1 0
0 0 0 0 1 0 0
1 0 0 0 0 0 0
0 1 0 0 0 0 0
0 1 0 0 0 0 0
0 0 0 0 0 0 1
0 0 1 0 0 0 0
0 0 0 0 0 0 1
0 0 0 0 0 1 0
1 0 0 0 0 0 0
1 0 0 0 0 0 0
0 0 0 0 0 1 0
1 0 0 0 0 0 0
0 0 0 0 0 1 0
0 0 1 0 0 0 0
0 0 0 0 0 0 1
1 0 0 0 0 0 0
0 0 0 0 0 0 1
0 0 0 1 0 0 0
0 0 0 0 0 0 1
0 0 0 0 0 1 0
0 0 0 0 0 1 0
0 1 0 0 0 0 0
0 0 0 1 0 0 0
0 1 0 0 0 0 0
0 1 0 0 0 0 0
0 0 0 0 0 1 0
1 0 0 0 0 0 0
0 0 0 0 1 0 0
0 0 0 1 0 0 0
0 0 0 0 0 0 1
0 0 0 0 1 0 0
0 0 0 0 0 0 1
0 1 0 0 0 0 0
0 0 1 0 0 0 0
0 0 0 1 0 0 0
0 0 0 1 0 0 0
1 0 0 0 0 0 0
0 0 0 0 1 0 0
0 0 1 0 0 0 0
1 0 0 0 0 0 0
0 1 0 0 0 0 0
0 0 0 0 1 0 0
0 0 1 0 0 0 0
0 0 0 1 0 0 0
0 1 0 0 0 0 0
0 0 0 0 0 1 0
0 0 0 1 0 0 0
0 0 0 0 0 1 0
0 0 0 0 0 1 0
0 1 0 0 0 0 0
0 0 0 0 0 0 1
0 0 0 0 0 0 1
0 0 0 0 0 1 0
0 0 0 0 0 1 0
0 0 1 0 0 0 0
0 0 0 0 0 1 0
0 0 1 0 0 0 0
0 0 0 0 1 0 0
0 0 0 1 0 0 0
0 0 0 1 0 0 0
0 0 0 0 1 0 0
0 0 0 0 0 1 0
0 0 0 0 1 0 0
0 0 0 0 1 0 0
0 1 0 0 0 0 0
0 0 0 0 0 1 0
0 0 1 0 0 0 0
0 0 0 0 1 0 0
0 0 0 0 0 1 0
0 0 0 0 0 1 0
0 0 0 0 1 0 0
0 0 0 0 0 0 1
0 0 0 0 0 1 0
0 1 0 0 0 0 0
1 0 0 0 0 0 0
0 0 0 1 0 0 0
0 1 0 0 0 0 0
0 0 0 0 0 1 0
0 1 0 0 0 0 0
0 0 0 0 0 1 0
0 1 0 0 0 0 0
1 0 0 0 0 0 0
0 0 0 1 0 0 0
0 0 0 0 0 1 0
0 0 0 1 0 0 0
0 0 0 0 0 0 1
0 0 1 0 0 0 0
0 0 0 0 1 0 0
0 0 0 1 0 0 0
1 0 0 0 0 0 0
0 0 0 0 0 0 1
0 0 0 0 1 0 0
0 1 0 0 0 0 0
0 0 0 0 0 1 0
0 0 0 0 0 1 0
1 0 0 0 0 0 0
0 0 0 0 0 1 0
0 1 0 0 0 0 0
0 0 0 0 0 0 1
0 0 0 1 0 0 0
0 1 0 0 0 0 0
0 0 0 0 1 0 0
0 1 0 0 0 0 0
0 0 0 0 1 0 0
0 0 0 0 0 0 1
0 0 0 0 0 0 1
0 1 0 0 0 0 0
1 0 0 0 0 0 0
0 1 0 0 0 0 0
0 1 0 0 0 0 0
0 0 0 0 0 0 1
0 1 0 0 0 0 0
1 0 0 0 0 0 0
0 1 0 0 0 0 0
0 0 0 1 0 0 0
0 0 0 0 1 0 0
0 0 0 0 1 0 0
0 0 0 1 0 0 0
0 1 0 0 0 0 0
0 0 0 0 0 0 1
0 0 0 0 0 0 1
1 0 0 0 0 0 0
0 0 1 0 0 0 0
0 1 0 0 0 0 0
0 1 0 0 0 0 0
0 1 0 0 0 0 0
0 0 1 0 0 0 0
1 0 0 0 0 0 0
0 0 0 0 1 0 0
0 0 0 0 0 0 1
0 0 0 0 0 1 0
0 0 0 1 0 0 0
1 0 0 0 0 0 0
0 0 0 0 0 0 1
0 0 0 1 0 0 0
0 1 0 0 0 0 0
0 1 0 0 0 0 0
0 0 1 0 0 0 0
0 0 0 1 0 0 0
0 0 1 0 0 0 0
0 0 0 0 0 1 0
0 1 0 0 0 0 0
0 0 0 0 1 0 0
0 0 1 0 0 0 0
1 0 0 0 0 0 0
0 0 0 0 0 0 1
0 0 0 1 0 0 0
1 0 0 0 0 0 0
0 0 0 0 0 1 0
1 0 0 0 0 0 0
1 0 0 0 0 0 0
0 0 0 1 0 0 0
0 0 0 0 1 0 0
0 0 0 0 0 1 0
0 0 0 0 0 1 0
0 0 0 0 1 0 0
0 0 0 0 0 1 0
0 0 0 0 1 0 0
1 0 0 0 0 0 0
0 1 0 0 0 0 0
0 0 1 0 0 0 0
0 0 0 0 0 0 1
0 0 0 0 0 1 0
0 1 0 0 0 0 0
0 0 0 0 1 0 0
0 0 0 1 0 0 0
0 0 0 0 0 1 0
0 0 0 0 1 0 0
0 1 0 0 0 0 0
0 0 0 0 0 0 1
0 0 0 1 0 0 0
0 1 0 0 0 0 0
1 0 0 0 0 0 0
0 0 0 1 0 0 0
0 0 0 0 0 1 0
0 0 0 0 0 0 1
0 0 1 0 0 0 0
0 0 0 1 0 0 0
0 0 0 1 0 0 0
0 0 0 0 0 0 1
0 0 0 0 0 1 0
0 0 0 1 0 0 0
0 0 0 1 0 0 0
1 0 0 0 0 0 0
1 0 0 0 0 0 0
1 0 0 0 0 0 0
0 0 0 0 0 0 1
1 0 0 0 0 0 0
1 0 0 0 0 0 0
0 0 0 0 1 0 0
0 0 0 0 0 0 1
0 0 0 0 1 0 0
0 0 0 0 0 0 1
0 0 0 0 0 0 1
0 0 0 0 1 0 0
0 0 1 0 0 0 0
0 0 0 1 0 0 0
0 1 0 0 0 0 0
0 0 0 0 0 0 1
0 0 0 0 1 0 0
0 0 0 0 0 1 0
0 0 0 0 0 0 1
0 0 0 0 0 1 0
0 0 1 0 0 0 0
0 0 0 0 0 1 0
0 0 1 0 0 0 0
0 0 0 0 0 1 0
0 1 0 0 0 0 0
0 1 0 0 0 0 0
1 0 0 0 0 0 0
0 0 1 0 0 0 0
0 0 1 0 0 0 0
0 1 0 0 0 0 0
0 0 0 0 0 0 1
1 0 0 0 0 0 0
1 0 0 0 0 0 0
0 0 0 0 0 1 0
0 0 0 0 0 1 0
0 0 0 0 1 0 0
1 0 0 0 0 0 0
0 0 0 0 1 0 0
0 0 0 0 0 0 1
0 1 0 0 0 0 0
0 1 0 0 0 0 0
0 0 0 0 0 0 1
0 0 0 0 0 0 1
1 0 0 0 0 0 0
1 0 0 0 0 0 0
1 0 0 0 0 0 0
0 0 0 1 0 0 0
0 0 0 0 0 0 1
0 0 0 0 1 0 0
0 1 0 0 0 0 0
0 0 0 0 0 1 0
0 0 0 0 1 0 0
0 0 1 0 0 0 0
0 0 0 0 0 0 1
0 0 0 0 0 0 1
0 0 0 0 0 0 1
1 0 0 0 0 0 0
0 0 0 0 0 1 0
0 0 0 0 1 0 0
0 0 1 0 0 0 0
0 0 0 0 0 0 1
0 0 0 1 0 0 0
1 0 0 0 0 0 0
1 0 0 0 0 0 0
0 0 1 0 0 0 0
0 0 0 0 0 1 0
0 0 1 0 0 0 0
0 0 0 0 1 0 0
0 0 0 0 0 0 1
0 0 0 1 0 0 0
0 0 1 0 0 0 0
0 0 1 0 0 0 0
0 0 1 0 0 0 0
0 0 0 0 1 0 0
0 0 0 1 0 0 0
0 0 0 0 0 1 0
0 0 0 1 0 0 0
0 1 0 0 0 0 0
0 1 0 0 0 0 0
1 0 0 0 0 0 0
0 0 0 1 0 0 0
0 1 0 0 0 0 0
0 0 0 0 0 0 1
1 0 0 0 0 0 0
0 0 0 1 0 0 0
0 0 0 0 1 0 0
0 1 0 0 0 0 0
0 1 0 0 0 0 0
0 0 0 0 0 1 0
0 0 0 0 1 0 0
0 0 0 0 0 1 0
0 0 0 0 0 0 1
0 0 0 0 1 0 0
1 0 0 0 0 0 0
0 0 0 0 0 1 0
0 1 0 0 0 0 0
1 0 0 0 0 0 0
0 0 1 0 0 0 0
0 1 0 0 0 0 0
1 0 0 0 0 0 0
0 0 1 0 0 0 0
0 0 0 0 0 0 1
1 0 0 0 0 0 0
0 0 0 1 0 0 0
0 0 0 0 1 0 0
0 0 0 0 1 0 0
0 0 0 1 0 0 0
0 0 0 0 0 0 1
0 1 0 0 0 0 0
0 0 0 1 0 0 0
0 0 0 0 0 1 0
0 1 0 0 0 0 0
1 0 0 0 0 0 0
0 0 0 0 0 1 0
0 0 0 0 1 0 0
0 0 0 0 0 1 0
0 0 0 1 0 0 0
0 1 0 0 0 0 0
0 0 0 0 0 0 1
0 0 0 1 0 0 0
1 0 0 0 0 0 0
0 0 1 0 0 0 0
0 0 0 0 0 1 0
1 0 0 0 0 0 0
0 0 0 0 0 1 0
0 0 0 0 0 0 1
0 0 0 0 0 1 0
0 0 0 0 1 0 0
1 0 0 0 0 0 0
1 0 0 0 0 0 0
0 1 0 0 0 0 0
0 0 1 0 0 0 0
0 0 1 0 0 0 0
1 0 0 0 0 0 0
0 0 0 0 0 0 1
0 0 0 0 1 0 0
0 0 0 0 0 1 0
0 0 1 0 0 0 0
0 0 1 0 0 0 0
1 0 0 0 0 0 0
0 0 0 0 0 0 1
0 1 0 0 0 0 0
0 0 0 0 0 1 0
0 0 0 0 0 1 0
0 0 1 0 0 0 0
0 0 0 1 0 0 0
0 0 1 0 0 0 0
1 0 0 0 0 0 0
0 0 0 0 0 1 0
0 1 0 0 0 0 0
0 0 0 0 0 1 0
0 0 0 0 0 1 0
0 0 1 0 0 0 0
0 0 0 0 0 1 0
0 0 0 0 0 0 1
0 0 0 0 0 1 0
0 0 1 0 0 0 0
1 0 0 0 0 0 0
0 0 1 0 0 0 0
0 0 0 0 0 1 0
0 0 0 0 0 1 0
1 0 0 0 0 0 0
0 1 0 0 0 0 0
1 0 0 0 0 0 0
0 1 0 0 0 0 0
0 1 0 0 0 0 0
0 1 0 0 0 0 0
0 0 1 0 0 0 0
0 0 1 0 0 0 0
0 0 0 1 0 0 0
1 0 0 0 0 0 0
0 0 0 0 0 0 1
0 0 1 0 0 0 0
0 0 0 1 0 0 0
0 0 0 1 0 0 0
0 0 1 0 0 0 0
0 0 0 0 0 1 0
0 0 0 0 0 1 0
0 0 0 1 0 0 0
0 0 0 0 0 1 0
0 0 1 0 0 0 0
1 0 0 0 0 0 0
0 0 1 0 0 0 0
0 0 0 1 0 0 0
0 0 0 0 1 0 0
0 0 0 0 1 0 0
0 1 0 0 0 0 0
0 1 0 0 0 0 0
0 0 0 0 0 1 0
0 0 1 0 0 0 0
0 0 1 0 0 0 0
0 0 0 0 0 1 0
0 0 1 0 0 0 0
0 0 0 0 0 1 0
0 0 1 0 0 0 0
0 0 0 1 0 0 0
0 0 0 1 0 0 0
0 0 0 0 0 0 1
0 0 0 0 1 0 0
0 1 0 0 0 0 0
0 0 0 0 0 0 1
0 1 0 0 0 0 0
1 0 0 0 0 0 0
0 0 0 0 0 0 1
0 0 0 1 0 0 0
0 1 0 0 0 0 0
0 0 0 1 0 0 0
0 1 0 0 0 0 0
0 0 0 0 1 0 0
0 0 1 0 0 0 0
0 0 1 0 0 0 0
0 0 0 0 0 0 1
0 1 0 0 0 0 0
0 1 0 0 0 0 0
0 1 0 0 0 0 0
0 0 0 0 0 1 0
0 0 0 0 0 1 0
0 0 0 0 1 0 0
0 0 0 0 0 0 1
0 0 0 0 0 1 0
0 1 0 0 0 0 0
0 0 0 1 0 0 0
0 0 0 0 1 0 0
0 0 0 0 0 0 1
1 0 0 0 0 0 0
1 0 0 0 0 0 0
0 0 0 0 0 0 1
0 0 0 0 0 0 1
0 0 1 0 0 0 0
1 0 0 0 0 0 0
0 0 0 0 1 0 0
0 0 0 0 0 1 0
0 0 0 0 0 1 0
0 0 1 0 0 0 0
1 0 0 0 0 0 0
0 0 0 0 0 1 0
0 0 0 0 0 0 1
0 0 0 1 0 0 0
0 0 0 0 0 1 0
0 1 0 0 0 0 0
0 0 0 0 1 0 0
0 0 0 1 0 0 0
0 0 0 1 0 0 0
0 0 0 0 0 0 1
0 0 1 0 0 0 0
0 1 0 0 0 0 0
0 0 1 0 0 0 0
0 0 0 0 0 1 0
0 0 1 0 0 0 0
0 1 0 0 0 0 0
0 0 0 0 1 0 0
0 0 0 0 0 1 0
0 0 0 0 0 1 0
0 0 1 0 0 0 0
0 1 0 0 0 0 0
0 0 0 1 0 0 0
0 0 1 0 0 0 0
0 0 0 0 0 1 0
0 1 0 0 0 0 0
0 1 0 0 0 0 0
0 0 0 0 0 1 0
0 0 1 0 0 0 0
1 0 0 0 0 0 0
0 0 0 0 0 0 1
0 0 0 0 0 1 0
0 0 0 0 0 0 1
0 0 0 1 0 0 0
1 0 0 0 0 0 0
0 0 1 0 0 0 0
0 0 0 1 0 0 0
0 0 1 0 0 0 0
0 0 1 0 0 0 0
0 1 0 0 0 0 0
0 1 0 0 0 0 0
1 0 0 0 0 0 0
1 0 0 0 0 0 0
0 0 0 0 0 0 1
0 0 0 0 1 0 0
0 0 1 0 0 0 0
1 0 0 0 0 0 0
0 0 0 0 0 1 0
0 0 0 0 0 1 0
0 0 0 1 0 0 0
0 0 1 0 0 0 0
0 0 0 0 1 0 0
0 0 0 0 0 1 0
0 0 0 0 0 1 0
0 0 1 0 0 0 0
0 0 1 0 0 0 0
0 1 0 0 0 0 0
1 0 0 0 0 0 0
1 0 0 0 0 0 0
0 0 0 0 0 1 0
0 0 0 0 1 0 0
0 0 0 0 0 0 1
0 0 1 0 0 0 0
1 0 0 0 0 0 0
0 0 0 1 0 0 0
0 0 0 0 0 1 0
0 1 0 0 0 0 0
1 0 0 0 0 0 0
0 0 0 0 1 0 0
0 1 0 0 0 0 0
0 0 0 0 1 0 0
0 1 0 0 0 0 0
0 0 1 0 0 0 0
0 0 0 0 0 0 1
0 0 0 0 0 1 0
0 0 0 0 1 0 0
0 0 0 0 1 0 0
0 0 1 0 0 0 0
0 0 1 0 0 0 0
1 0 0 0 0 0 0
0 0 0 0 0 1 0
0 0 0 1 0 0 0
0 0 0 0 1 0 0
0 1 0 0 0 0 0
1 0 0 0 0 0 0
0 0 0 0 1 0 0
0 0 0 0 0 0 1
0 1 0 0 0 0 0
0 0 0 1 0 0 0
0 0 0 0 0 0 1
0 0 0 0 0 1 0
0 0 0 0 0 1 0
0 0 1 0 0 0 0
0 0 0 0 1 0 0
0 0 0 0 0 0 1
0 0 1 0 0 0 0
0 0 0 1 0 0 0
0 0 0 0 1 0 0
0 0 0 0 1 0 0
0 0 1 0 0 0 0
0 0 0 0 0 0 1
0 0 0 0 0 1 0
0 0 0 0 0 0 1
0 1 0 0 0 0 0
0 0 0 0 1 0 0
0 0 0 0 0 1 0
0 0 0 0 0 1 0
0 0 0 0 0 1 0
0 1 0 0 0 0 0
0 0 0 1 0 0 0
1 0 0 0 0 0 0
0 0 0 0 0 1 0
0 0 1 0 0 0 0
0 0 0 1 0 0 0
0 0 0 0 0 1 0
0 1 0 0 0 0 0
0 0 0 0 1 0 0
0 0 1 0 0 0 0
0 1 0 0 0 0 0
0 0 1 0 0 0 0
1 0 0 0 0 0 0
0 0 0 1 0 0 0
1 0 0 0 0 0 0
1 0 0 0 0 0 0
0 0 0 0 1 0 0
0 1 0 0 0 0 0
0 0 1 0 0 0 0
0 1 0 0 0 0 0
0 0 0 0 0 1 0
0 0 0 0 0 0 1
0 0 0 0 0 1 0
0 0 1 0 0 0 0
0 0 0 0 0 1 0
0 0 0 0 1 0 0
0 0 0 0 1 0 0
0 0 0 0 1 0 0
0 1 0 0 0 0 0
1 0 0 0 0 0 0
0 1 0 0 0 0 0
0 1 0 0 0 0 0
0 0 0 0 0 1 0
0 0 0 0 0 0 1
0 0 0 0 0 1 0
0 0 0 0 0 0 1
0 1 0 0 0 0 0
0 1 0 0 0 0 0
0 0 0 0 0 0 1
1 0 0 0 0 0 0
1 0 0 0 0 0 0
0 0 0 0 1 0 0
0 1 0 0 0 0 0
1 0 0 0 0 0 0
0 0 0 0 0 0 1
1 0 0 0 0 0 0
0 0 0 1 0 0 0
0 0 1 0 0 0 0
0 0 0 0 0 0 1
0 0 0 0 0 1 0
0 0 0 0 1 0 0
1 0 0 0 0 0 0
0 0 0 0 0 1 0
0 0 0 1 0 0 0
0 0 0 0 0 1 0
0 0 0 0 0 1 0
0 1 0 0 0 0 0
0 1 0 0 0 0 0
0 0 0 1 0 0 0
0 0 0 1 0 0 0
0 0 0 0 0 0 1
0 0 0 0 0 0 1
0 1 0 0 0 0 0
0 0 0 0 0 0 1
0 0 0 1 0 0 0
1 0 0 0 0 0 0
0 0 0 0 0 1 0
0 0 0 0 0 1 0
1 0 0 0 0 0 0
1 0 0 0 0 0 0
1 0 0 0 0 0 0
0 1 0 0 0 0 0
0 0 0 0 0 0 1
1 0 0 0 0 0 0
1 0 0 0 0 0 0
0 1 0 0 0 0 0
0 0 0 0 0 1 0
1 0 0 0 0 0 0
0 1 0 0 0 0 0
0 0 1 0 0 0 0
0 0 0 0 1 0 0
0 0 0 1 0 0 0
0 0 1 0 0 0 0
0 0 0 0 1 0 0
0 1 0 0 0 0 0
0 0 0 0 0 1 0
0 0 0 0 0 1 0
0 0 0 0 0 0 1
0 0 0 1 0 0 0
0 0 1 0 0 0 0
0 0 0 0 0 0 1
0 0 0 1 0 0 0
0 0 1 0 0 0 0
0 0 0 0 0 0 1
1 0 0 0 0 0 0
0 0 1 0 0 0 0
0 0 0 0 0 0 1
0 0 1 0 0 0 0
0 1 0 0 0 0 0
0 0 0 0 1 0 0
0 0 0 0 0 0 1
0 0 0 0 1 0 0
1 0 0 0 0 0 0
0 0 0 0 1 0 0
0 0 0 0 1 0 0
0 0 0 0 1 0 0
0 0 0 0 1 0 0
0 0 1 0 0 0 0
0 0 0 0 0 0 1
0 0 1 0 0 0 0
0 1 0 0 0 0 0
0 0 1 0 0 0 0
0 0 0 0 0 1 0
0 0 0 0 0 0 1
0 0 0 1 0 0 0
0 0 1 0 0 0 0
0 0 0 0 0 0 1
0 1 0 0 0 0 0
0 0 0 0 0 0 1
0 0 0 0 0 1 0
0 0 0 0 1 0 0
0 1 0 0 0 0 0
0 0 1 0 0 0 0
0 0 0 1 0 0 0
0 0 0 1 0 0 0
0 0 0 0 0 1 0
0 0 0 0 1 0 0
0 0 0 0 0 0 1
1 0 0 0 0 0 0
1 0 0 0 0 0 0
0 0 0 0 1 0 0
1 0 0 0 0 0 0
0 0 0 1 0 0 0
0 0 1 0 0 0 0
0 0 0 1 0 0 0
0 0 0 0 1 0 0
0 1 0 0 0 0 0
1 0 0 0 0 0 0
0 0 0 0 1 0 0
1 0 0 0 0 0 0
0 1 0 0 0 0 0
0 0 1 0 0 0 0
1 0 0 0 0 0 0
1 0 0 0 0 0 0
0 0 0 1 0 0 0
0 0 0 0 0 0 1
0 0 1 0 0 0 0
0 0 1 0 0 0 0
1 0 0 0 0 0 0
1 0 0 0 0 0 0
1 0 0 0 0 0 0
0 0 0 0 0 0 1
0 0 0 0 1 0 0
0 1 0 0 0 0 0
0 0 0 0 0 1 0
0 0 0 0 0 0 1
0 0 1 0 0 0 0
0 0 0 0 0 0 1
0 0 0 0 1 0 0
0 0 0 0 0 0 1
0 0 1 0 0 0 0
0 1 0 0 0 0 0
0 0 0 0 1 0 0
0 0 1 0 0 0 0
1 0 0 0 0 0 0
1 0 0 0 0 0 0
1 0 0 0 0 0 0
0 0 0 1 0 0 0
0 0 0 0 0 1 0
0 0 1 0 0 0 0
0 0 0 0 0 0 1
0 0 0 0 0 0 1
0 1 0 0 0 0 0
0 1 0 0 0 0 0
0 1 0 0 0 0 0
1 0 0 0 0 0 0
0 1 0 0 0 0 0
0 0 0 0 0 0 1
0 0 1 0 0 0 0
0 0 0 0 0 0 1
0 0 0 1 0 0 0
1 0 0 0 0 0 0
0 1 0 0 0 0 0
0 0 1 0 0 0 0
0 0 0 0 0 0 1
0 0 0 0 1 0 0
0 1 0 0 0 0 0
0 0 0 1 0 0 0
0 0 1 0 0 0 0
0 0 0 1 0 0 0
0 0 0 1 0 0 0
0 1 0 0 0 0 0
1 0 0 0 0 0 0
0 0 1 0 0 0 0
0 1 0 0 0 0 0
0 1 0 0 0 0 0
0 0 0 0 0 1 0
0 1 0 0 0 0 0
0 0 0 0 0 0 1
0 1 0 0 0 0 0
0 0 0 0 1 0 0
0 0 0 0 1 0 0
0 0 0 0 0 0 1
0 0 0 1 0 0 0
1 0 0 0 0 0 0
0 0 0 1 0 0 0
0 0 1 0 0 0 0
1 0 0 0 0 0 0
0 0 0 0 0 1 0
0 1 0 0 0 0 0
0 0 0 1 0 0 0
0 0 0 0 0 0 1
0 0 0 0 0 1 0
0 0 1 0 0 0 0
0 0 0 0 1 0 0
0 0 1 0 0 0 0
0 0 1 0 0 0 0
0 0 0 0 0 0 1
0 0 0 0 1 0 0

Capacidades:
27 54 57 57 40 39 43
26 20 42 36 48 0 34
40 46 55 50 42 39 56
37 57 52 31 25 27 26
49 57 30 35 21 0 26
24 35 36 46 43 46 45
58 53 33 47 50 28 36
39 0 38 36 21 44 32
35 31 27 42 0 40 26
26 29 20 46 0 0 33
