m: 500
n: 5
p: 6

Distancias:
7.14 3.84 2.54 5.38 9.96
1.24 2.51 4.64 1.77 8.31
6.87 8.12 5.99 7.28 8.34
9.86 8.22 2.45 7.45 2.61
2.32 8.32 9.82 2.15 7.00
1.92 4.26 1.22 9.97 7.94
9.32 1.21 8.48 9.59 4.62
4.44 8.12 4.79 9.80 5.18
3.61 4.85 3.59 1.94 3.20
3.39 5.47 4.87 2.66 8.62
3.54 9.95 3.03 7.45 4.75
5.71 6.29 2.67 3.44 1.01
9.28 1.03 7.69 4.82 8.56
1.25 9.15 6.67 2.77 5.73
9.63 4.42 6.58 7.27 4.34
6.84 9.27 9.61 9.60 1.17
8.75 1.92 4.51 9.61 5.49
8.49 6.88 4.13 1.04 5.97
3.63 7.57 8.00 5.21 4.30
3.65 8.57 3.00 2.19 5.97
2.45 2.37 5.80 7.89 9.75
8.53 3.27 2.96 2.25 5.17
8.41 1.81 2.68 8.86 2.82
3.49 7.84 7.76 6.93 5.82
4.66 5.42 4.32 8.12 1.69
3.68 5.21 6.61 6.13 1.92
8.17 5.66 6.99 4.06 4.14
7.79 1.40 3.92 2.64 3.60
3.42 6.99 8.32 5.42 6.68
6.27 7.01 3.06 2.30 4.41
4.05 3.41 1.20 5.11 3.63
4.83 6.66 8.48 7.87 3.40
5.16 9.99 3.92 2.35 5.57
9.96 7.32 3.05 4.46 7.98
4.44 8.66 5.42 7.78 2.03
3.25 2.95 8.95 9.46 5.03
3.05 8.34 4.03 6.32 1.91
8.37 8.77 8.09 5.02 3.03
3.27 5.75 2.03 2.49 5.14
7.80 7.83 6.27 2.78 7.27
2.36 7.96 3.44 1.60 3.48
6.53 2.17 8.66 2.77 7.88
3.33 5.58 2.39 6.71 8.26
4.48 6.52 5.32 6.51 3.85
4.01 6.18 3.62 1.10 1.65
1.43 6.60 2.00 9.35 1.46
5.69 4.57 4.00 7.22 8.16
7.45 9.22 5.73 4.01 5.85
3.14 5.00 6.49 2.98 2.01
6.81 2.98 6.85 7.57 1.32
4.51 8.26 5.91 8.50 9.38
4.25 7.79 7.25 9.89 8.01
5.98 1.11 9.83 3.31 9.43
9.08 3.94 5.74 1.87 1.71
6.79 7.41 3.56 1.92 7.65
3.24 2.36 3.98 5.98 2.45
9.36 4.42 1.04 2.20 6.45
8.68 8.16 9.34 4.17 4.34
2.63 7.01 7.76 1.94 2.13
2.17 3.44 2.00 1.10 4.98
5.62 5.01 8.98 4.76 7.62
9.62 3.26 7.38 4.00 1.88
5.53 4.37 5.24 7.56 4.65
9.84 9.14 8.08 1.99 9.69
1.47 4.06 4.57 3.31 4.23
2.17 6.80 6.28 5.44 4.19
1.30 7.42 1.98 9.15 6.28
6.05 7.57 2.12 6.85 8.77
4.98 6.46 9.09 1.71 7.93
7.97 3.18 3.64 6.69 8.48
3.79 3.21 2.42 8.68 4.82
9.36 8.20 7.55 7.14 5.87
9.68 7.00 4.80 1.42 8.58
2.58 8.66 9.00 6.81 1.19
2.71 2.26 6.17 2.65 8.98
7.03 6.17 2.40 7.46 3.48
7.98 1.15 6.67 5.48 3.98
6.75 6.93 3.57 8.05 3.39
6.98 6.27 3.51 1.85 4.63
6.97 3.21 7.14 6.38 9.64
4.37 7.05 1.10 6.92 8.59
4.43 3.23 5.95 9.89 3.59
3.83 2.48 2.39 7.12 8.63
9.54 5.16 6.73 2.33 1.29
9.47 8.52 8.95 2.96 3.34
7.95 2.56 7.95 6.06 9.36
4.00 6.24 8.30 9.51 3.93
8.70 1.63 5.01 9.78 3.99
9.20 5.30 9.92 5.05 8.79
1.58 9.87 7.99 1.14 5.90
9.96 4.12 8.48 3.82 7.70
6.25 6.75 9.03 4.80 2.88
6.01 7.38 6.96 6.96 3.57
6.40 5.02 8.52 4.38 4.93
8.78 2.88 6.15 9.04 3.75
3.35 8.15 2.28 7.41 5.88
5.93 3.68 9.28 7.18 9.39
9.84 4.04 4.27 9.13 5.93
1.60 7.69 1.07 2.51 6.66
1.49 9.77 2.15 1.82 3.92
4.76 4.88 4.10 3.18 1.05
2.66 3.75 5.23 9.70 6.85
3.03 5.29 3.30 3.15 7.89
1.11 9.91 6.10 6.42 5.46
9.36 1.48 2.69 7.17 2.22
8.11 6.34 3.80 4.41 5.11
7.01 2.40 8.49 7.90 8.61
1.39 9.94 8.60 7.93 8.23
6.56 6.31 4.58 3.18 2.22
8.01 7.16 4.52 6.11 3.14
3.13 3.24 9.24 3.15 6.94
2.04 5.22 9.14 1.99 8.36
7.30 5.96 2.31 2.47 1.24
7.57 5.73 4.29 4.48 8.28
9.46 5.13 8.60 4.11 5.93
8.75 4.47 5.56 5.94 3.36
5.31 6.85 6.18 7.77 4.84
8.01 5.13 2.85 2.44 5.43
5.02 5.08 5.84 5.58 4.06
5.05 8.69 9.02 3.26 8.27
7.67 2.35 8.56 5.79 6.10
3.98 6.97 8.30 2.93 9.63
5.17 8.58 5.35 5.65 5.64
3.58 1.88 9.87 3.81 6.72
3.28 8.05 2.85 8.84 3.93
8.43 1.11 3.22 5.51 9.80
6.51 1.70 7.16 4.97 2.42
9.92 8.92 1.40 5.49 6.19
1.77 5.20 7.91 8.84 6.99
8.23 7.53 1.90 7.81 9.19
6.49 4.85 2.74 2.75 8.53
6.91 6.29 4.33 6.58 4.96
8.85 9.12 6.31 2.67 9.81
7.88 7.26 2.50 3.11 2.35
8.12 5.99 8.53 2.83 1.22
9.50 9.99 3.30 4.01 3.23
3.12 3.80 6.27 9.80 7.56
2.41 7.97 9.96 2.88 8.79
6.41 6.36 4.04 5.96 7.99
7.79 7.49 4.04 9.14 1.85
4.44 4.36 8.22 8.08 6.69
2.58 4.35 9.67 1.59 7.65
8.75 3.93 7.99 4.40 3.24
1.50 3.24 1.89 1.23 1.72
7.39 3.95 2.13 9.74 4.01
6.25 8.27 3.51 6.79 5.17
8.55 4.30 5.23 3.88 1.97
8.91 6.79 8.87 3.74 2.62
8.38 5.39 8.74 3.80 7.13
7.09 4.74 9.17 2.52 8.26
2.82 3.90 7.74 6.54 8.56
1.75 3.71 2.69 5.90 7.86
6.83 8.76 8.56 1.03 3.93
9.20 2.85 3.03 7.50 2.17
7.29 7.86 3.60 9.36 9.93
2.58 5.10 8.94 6.34 5.30
3.56 7.51 3.58 2.50 5.89
6.27 4.19 4.54 1.64 7.32
3.94 9.13 9.36 9.67 3.97
8.14 9.11 6.66 2.95 7.52
9.28 7.07 3.75 1.16 3.55
5.53 8.52 9.87 3.45 7.85
3.48 3.25 2.77 8.81 5.81
9.30 4.03 4.50 8.71 2.30
4.02 1.24 3.12 9.02 8.74
6.24 9.24 5.01 5.02 2.89
7.54 4.16 5.04 8.06 2.78
5.75 5.97 7.52 1.09 4.23
7.30 1.53 3.93 9.27 6.07
8.32 9.69 5.43 4.52 2.74
2.92 6.36 5.41 7.58 5.59
4.15 5.13 2.66 5.67 5.13
4.95 4.24 7.38 5.67 7.58
3.60 9.04 2.22 1.81 1.32
5.44 3.16 7.14 1.98 3.10
6.97 6.41 3.02 8.10 1.83
7.94 1.73 3.17 9.82 8.83
1.73 8.94 4.53 1.51 6.01
5.90 7.11 4.53 5.25 2.10
2.86 1.40 9.97 6.62 7.35
1.58 2.08 7.97 6.23 1.85
9.98 2.04 4.51 2.38 9.98
5.79 7.09 9.65 6.89 5.94
6.54 6.83 7.96 4.06 1.45
6.55 9.35 6.78 7.95 1.96
4.96 9.23 9.73 3.17 6.53
7.64 9.12 8.82 5.31 4.63
7.41 1.10 2.46 6.36 4.83
9.77 9.34 4.51 8.48 2.17
8.24 1.41 8.30 1.37 4.31
6.42 5.93 4.82 8.11 1.73
8.71 2.04 7.73 8.62 4.59
4.12 5.81 6.47 6.60 3.67
7.61 6.12 9.75 7.76 1.17
7.26 2.23 5.91 8.40 2.08
7.35 9.27 5.66 9.81 5.60
1.66 2.59 1.14 9.05 6.27
4.22 7.36 7.47 3.27 8.28
1.21 3.39 2.97 1.57 6.20
3.56 7.85 9.47 6.56 5.56
6.75 4.94 4.77 8.43 1.37
3.33 5.66 2.95 3.91 7.80
1.06 4.52 1.71 6.74 3.34
1.04 5.86 5.74 5.29 1.99
9.07 8.07 2.10 2.51 9.09
5.02 7.91 7.67 9.82 7.24
5.33 1.62 5.16 2.29 8.72
8.70 8.81 8.80 6.87 3.36
3.58 9.32 6.97 7.70 3.10
4.73 4.94 9.80 4.03 4.38
2.27 4.50 2.57 6.92 8.87
6.43 8.08 8.31 5.64 9.77
5.37 5.05 5.02 8.80 2.22
6.00 2.48 3.35 9.73 2.18
8.38 2.41 4.23 6.93 1.67
4.19 9.61 3.34 5.93 9.12
3.63 6.50 2.77 9.12 3.88
2.62 6.18 5.61 1.42 4.82
9.87 8.26 3.27 1.52 4.89
9.63 2.37 6.90 1.97 9.21
9.71 9.12 6.90 1.54 4.73
5.29 1.19 4.44 3.29 4.80
3.96 6.04 6.67 8.51 6.01
2.44 2.48 8.05 5.74 5.67
7.70 7.98 6.84 1.78 8.65
4.17 2.43 6.41 1.57 8.79
7.98 1.56 2.58 3.66 8.87
7.06 4.42 4.02 9.27 9.16
2.67 1.35 5.83 3.41 2.76
4.87 5.47 4.18 9.87 7.38
2.83 9.18 6.74 5.17 5.84
4.77 5.58 7.56 9.28 4.54
4.44 1.62 6.47 5.45 2.15
3.09 9.33 2.29 7.27 2.33
8.91 8.55 1.54 2.25 8.13
4.06 2.77 1.07 3.11 3.13
7.72 3.09 9.88 1.10 9.10
7.92 7.58 8.40 7.74 2.99
3.82 5.98 1.21 9.14 7.51
3.31 4.03 5.98 5.71 1.83
1.14 2.15 2.82 8.73 5.61
9.61 3.71 9.58 8.90 5.19
5.56 1.99 7.78 1.79 5.68
8.85 6.01 1.65 5.78 9.94
4.80 9.83 3.67 1.85 8.90
8.44 7.06 5.12 1.17 9.08
4.70 6.41 8.44 4.64 3.38
6.41 2.22 7.04 5.63 6.39
6.50 3.02 3.65 1.85 9.12
8.44 7.47 7.08 8.56 4.34
8.32 3.32 9.44 1.75 5.63
9.01 9.18 2.24 1.38 6.41
9.28 9.99 5.18 9.52 5.21
2.89 6.04 7.54 3.16 1.98
2.25 4.65 8.23 1.77 3.09
5.54 1.46 7.42 1.16 3.88
6.27 8.64 5.68 6.44 5.81
3.74 7.62 1.71 8.11 2.99
3.04 8.13 4.18 9.08 5.11
4.00 1.71 8.20 1.50 8.79
1.02 3.45 4.22 2.35 2.03
3.11 1.25 6.11 9.94 2.72
4.29 5.24 9.47 8.16 1.66
7.69 8.92 5.77 6.42 2.06
2.90 2.52 7.47 7.96 5.55
9.31 1.86 8.25 2.91 6.17
4.48 4.35 8.76 2.08 4.94
7.42 5.62 2.96 6.41 6.80
1.91 6.65 6.33 9.69 5.54
6.69 4.34 5.95 7.61 1.89
5.27 6.97 9.88 8.81 1.95
1.05 5.57 6.77 4.70 9.89
4.60 5.10 7.05 5.89 6.12
4.19 3.64 7.50 4.61 6.63
8.16 9.69 3.94 2.88 2.15
7.14 6.22 7.50 6.43 8.79
2.38 9.07 6.32 8.79 3.46
8.41 7.00 8.89 9.64 6.49
9.97 8.04 2.99 7.58 7.49
8.68 8.38 9.86 6.80 3.19
9.83 8.67 4.48 5.08 2.36
7.09 7.05 7.68 9.24 7.90
5.38 7.59 8.45 8.42 2.70
4.18 6.37 8.35 8.73 7.94
6.71 7.12 5.89 9.37 9.92
8.90 3.98 4.34 2.85 5.61
9.10 9.79 1.18 8.97 7.61
7.65 6.59 9.53 5.11 7.96
8.44 3.04 7.71 4.04 4.23
7.70 9.47 2.19 1.87 3.35
5.40 3.84 2.29 8.41 4.22
8.72 7.94 1.26 1.33 3.55
7.62 1.22 6.50 2.68 1.67
4.70 6.01 9.47 6.06 3.66
5.33 4.13 1.73 3.38 7.94
9.55 2.01 2.12 8.48 7.89
5.61 6.93 7.04 8.41 4.99
3.24 6.94 4.41 9.64 2.70
3.74 3.50 6.27 3.66 8.32
3.69 4.58 4.16 8.87 3.06
5.87 2.93 3.69 4.01 8.21
8.51 5.80 6.92 8.37 9.83
3.01 2.38 8.54 5.13 7.37
3.46 9.09 2.49 4.72 9.01
5.77 5.30 9.18 6.82 3.24
4.60 5.62 2.85 2.62 7.76
4.56 6.64 3.85 1.41 2.20
6.22 8.11 1.29 8.98 7.28
4.77 8.87 7.43 9.24 5.63
6.70 3.61 7.56 2.88 8.02
7.55 3.33 5.97 6.01 6.33
1.38 5.03 3.39 4.27 3.35
9.82 1.92 4.78 3.39 3.10
2.70 3.56 1.67 1.95 2.40
1.92 6.83 7.48 8.88 3.18
3.57 5.46 5.39 1.55 6.17
4.78 5.72 3.18 6.87 7.88
9.51 4.74 1.93 6.68 1.99
1.59 7.37 8.04 1.90 8.83
1.81 8.89 4.70 6.25 3.88
7.41 7.56 2.39 8.58 6.57
8.44 7.96 7.07 4.22 8.09
1.97 4.31 8.03 5.49 2.68
6.33 7.97 8.93 3.91 6.19
5.95 6.18 2.61 7.13 3.30
4.98 4.42 5.27 9.38 5.32
4.25 2.94 2.45 5.87 3.64
5.52 9.70 9.25 3.30 5.11
2.28 5.01 9.65 3.59 6.74
9.43 3.90 8.10 8.15 6.14
7.82 5.01 4.42 8.40 5.16
8.31 3.91 6.61 4.94 3.62
4.18 6.73 3.69 6.63 9.10
2.78 9.99 4.82 2.13 1.81
8.05 3.99 2.67 3.19 8.63
8.52 2.41 9.05 2.97 9.60
9.81 6.67 5.77 2.17 4.86
9.15 1.22 2.55 3.73 9.30
5.53 1.91 8.73 3.53 9.38
4.71 3.69 4.90 5.11 3.61
4.12 5.58 2.83 2.60 4.26
2.34 4.72 8.06 10.00 3.73
5.62 9.38 3.21 2.37 9.62
3.43 2.92 1.72 1.51 1.90
2.31 9.63 8.81 7.08 2.02
7.72 7.47 7.03 8.88 5.40
2.37 3.44 3.12 9.80 7.71
6.90 1.31 9.88 1.52 2.94
6.06 2.50 6.97 1.33 6.86
1.06 8.44 6.74 2.72 5.53
9.55 8.91 8.41 2.72 6.29
4.47 9.83 9.52 3.59 5.12
1.91 6.27 2.40 3.18 3.80
9.15 1.66 4.00 6.84 7.92
3.00 2.73 2.34 1.79 8.99
9.33 8.42 6.41 3.22 3.73
1.90 1.21 3.39 9.97 3.47
1.52 1.03 6.53 8.25 4.69
9.13 1.66 7.65 8.89 6.12
9.45 4.94 3.87 5.52 3.71
3.29 3.14 2.17 5.64 5.78
9.58 4.42 4.24 2.15 9.78
7.00 1.30 3.90 7.71 5.19
4.21 7.37 2.51 3.44 4.76
7.96 2.58 8.53 6.94 5.50
9.61 9.82 4.37 2.23 9.02
7.44 8.42 4.82 6.04 8.18
2.76 7.25 7.72 9.50 2.67
9.78 9.85 3.90 2.17 5.08
7.02 8.22 7.64 6.46 6.10
9.92 2.50 4.30 1.41 8.92
1.85 3.90 4.20 2.02 1.99
3.82 2.09 2.64 1.60 5.93
4.47 3.50 2.46 1.58 9.66
9.23 2.18 4.14 6.22 5.95
7.43 4.59 8.55 5.36 8.81
9.02 2.74 6.22 5.15 9.72
8.61 6.58 1.62 7.02 8.47
1.59 9.14 9.42 5.62 4.73
9.79 7.90 7.22 6.22 6.57
2.65 4.19 6.94 5.58 5.19
2.24 3.70 6.06 6.43 9.19
7.26 5.01 1.95 3.21 2.11
3.50 3.56 4.80 1.54 7.36
2.57 4.69 9.57 1.98 2.28
7.15 9.56 7.62 7.37 8.45
2.09 6.52 9.09 3.34 5.11
9.01 5.46 6.57 7.83 2.92
8.47 6.23 3.70 6.33 9.21
5.34 6.23 3.32 6.24 3.41
8.31 3.85 1.64 5.62 6.29
6.25 9.35 8.39 2.20 2.53
4.12 1.86 3.97 2.84 7.48
3.88 2.77 8.55 1.66 9.83
4.19 5.77 9.04 6.19 7.24
5.06 9.89 5.33 5.47 2.81
1.18 7.58 5.31 4.59 8.11
5.04 4.08 2.44 4.90 1.20
7.08 2.03 8.15 1.61 2.10
9.79 6.31 4.81 2.72 4.89
1.09 5.24 7.62 9.10 4.26
6.28 3.45 2.16 6.57 3.30
4.01 3.26 3.84 9.55 5.75
5.84 9.14 8.17 5.48 2.91
4.92 7.09 2.60 2.41 1.83
5.60 3.49 6.30 9.89 4.05
6.99 9.77 7.74 10.00 4.41
3.98 3.22 4.20 7.77 8.94
3.71 4.11 1.77 1.19 9.39
8.64 9.33 9.29 8.66 1.57
9.51 6.17 8.83 2.44 7.93
9.93 1.56 7.17 2.23 1.08
7.50 9.12 8.25 6.08 2.15
6.28 5.57 5.38 4.68 1.16
2.00 5.13 4.05 2.58 2.95
1.26 6.57 4.13 4.11 2.98
4.75 2.95 9.30 6.99 6.61
9.67 3.90 4.04 4.84 9.92
3.55 1.25 7.22 6.05 5.38
9.99 2.86 5.28 4.13 1.38
1.46 5.18 1.94 4.02 2.70
3.89 1.20 8.28 8.43 6.06
6.36 2.89 3.97 1.80 6.21
7.68 3.04 3.99 5.82 1.84
2.44 7.40 5.63 5.59 7.98
5.16 8.59 8.34 9.83 5.18
8.73 8.61 4.16 7.11 4.25
7.11 9.92 7.61 3.29 5.53
5.19 7.24 5.28 2.46 7.79
8.64 8.26 6.36 1.14 6.31
5.39 8.46 8.28 2.11 5.86
5.02 7.33 2.64 9.94 2.29
1.14 9.57 8.18 7.69 1.25
7.02 7.20 5.66 3.05 3.57
7.69 5.89 6.17 2.72 1.18
4.53 2.33 3.48 4.52 6.14
2.35 9.58 7.53 5.51 9.86
1.42 7.80 3.79 2.09 2.71
3.93 1.36 6.06 1.84 8.26
8.03 6.98 3.42 1.78 1.24
7.05 7.24 9.34 8.94 3.36
5.53 6.50 7.77 6.50 7.68
7.88 6.57 2.58 8.37 7.23
9.05 8.99 8.41 5.71 6.40
1.43 1.16 9.17 5.67 9.78
9.08 9.93 6.28 8.41 3.14
1.57 2.74 6.22 5.53 5.55
3.51 1.37 7.08 5.27 2.37
8.09 5.50 7.33 5.19 6.96
9.87 6.57 9.54 3.29 2.55
7.86 2.50 4.88 8.70 9.13
5.17 1.99 3.53 3.58 7.62
9.65 9.99 9.37 5.82 1.06
3.80 7.92 8.16 8.48 5.31
2.56 3.41 2.16 3.25 1.60
9.15 4.34 6.50 1.68 7.91
4.28 7.42 4.30 5.37 8.21
7.09 1.70 4.05 1.96 7.80
1.23 5.14 6.92 8.13 1.93
6.82 7.24 4.96 1.73 2.75
7.85 2.48 8.49 5.55 4.39
4.25 6.20 7.03 7.53 9.35
3.99 5.88 4.37 7.03 7.35
1.49 7.98 1.86 8.09 6.70
1.91 9.62 7.49 4.94 4.72
8.01 4.55 7.63 8.06 8.43
9.39 9.58 5.67 8.70 9.12
4.85 3.49 6.27 9.40 1.88
6.19 5.67 7.76 9.19 1.01
9.85 1.49 7.60 1.41 5.62
6.08 7.97 6.88 9.52 4.66
6.99 6.62 5.41 1.17 6.43
2.98 7.55 1.57 6.90 5.59
7.63 5.43 6.41 4.91 5.52
4.20 8.26 3.30 4.86 7.86
6.63 8.55 6.99 7.36 6.80
3.30 9.01 8.31 7.04 6.93
7.39 3.67 7.56 4.09 6.73
5.98 6.50 9.57 5.02 3.22
7.81 4.76 6.48 1.33 3.87
2.87 2.87 4.35 8.54 3.56
1.80 2.35 8.04 3.26 7.44
4.27 7.94 7.63 1.31 3.74
9.27 1.54 8.84 5.78 9.48
1.71 4.86 7.30 6.72 3.52
2.29 9.35 2.86 9.39 2.14
6.67 5.44 7.72 7.22 5.60
4.73 4.84 2.97 2.22 7.78
6.35 6.61 7.91 9.53 3.78
1.94 9.06 7.05 7.30 2.11
4.99 2.18 3.83 3.64 9.19
2.23 6.17 6.36 2.08 4.80
7.98 3.61 3.50 3.10 4.19
8.58 2.26 8.50 3.97 2.89
3.67 7.88 1.65 4.96 3.96
9.77 9.72 7.96 9.57 7.77
1.39 4.69 6.10 9.97 5.06
3.52 8.81 8.68 8.20 7.91
6.29 2.03 1.31 6.11 2.39
4.09 7.97 8.35 7.41 1.46

Demandas:
0 1 0 0 0 0
1 0 0 0 0 0
0 0 0 1 0 0
0 0 1 0 0 0
0 0 0 0 0 1
1 0 0 0 0 0
0 0 0 1 0 0
0 0 0 0 1 0
0 0 0 0 0 1
0 0 1 0 0 0
0 0 0 0 0 1
1 0 0 0 0 0
1 0 0 0 0 0
0 0 0 1 0 0
0 0 1 0 0 0
0 0 0 1 0 0
0 1 0 0 0 0
0 0 1 0 0 0
0 0 1 0 0 0
0 0 0 0 0 1
0 1 0 0 0 0
0 1 0 0 0 0
0 0 0 0 0 1
1 0 0 0 0 0
0 0 0 0 0 1
0 0 0 1 0 0
0 0 0 0 1 0
0 0 0 0 0 1
0 0 0 1 0 0
0 0 1 0 0 0
0 0 0 1 0 0
0 0 0 0 1 0
1 0 0 0 0 0
0 0 0 1 0 0
0 0 1 0 0 0
0 0 0 0 1 0
0 0 0 1 0 0
0 0 0 1 0 0
0 0 0 0 1 0
0 0 0 0 1 0
0 0 0 0 1 0
0 1 0 0 0 0
0 0 1 0 0 0
0 0 0 0 0 1
0 0 0 0 1 0
0 0 0 1 0 0
1 0 0 0 0 0
0 1 0 0 0 0
0 0 1 0 0 0
1 0 0 0 0 0
1 0 0 0 0 0
0 0 0 0 0 1
0 1 0 0 0 0
0 0 0 1 0 0
1 0 0 0 0 0
0 0 1 0 0 0
0 0 0 0 1 0
0 1 0 0 0 0
1 0 0 0 0 0
0 0 0 0 0 1
1 0 0 0 0 0
0 0 0 0 1 0
0 0 1 0 0 0
0 0 0 0 0 1
0 0 0 0 0 1
0 0 0 0 1 0
0 0 1 0 0 0
0 0 0 0 1 0
1 0 0 0 0 0
1 0 0 0 0 0
0 1 0 0 0 0
0 0 0 0 1 0
0 0 0 1 0 0
0 0 0 0 1 0
1 0 0 0 0 0
0 1 0 0 0 0
0 0 0 0 1 0
0 0 0 0 1 0
0 0 0 1 0 0
0 0 1 0 0 0
0 0 0 0 0 1
0 0 0 1 0 0
0 1 0 0 0 0
1 0 0 0 0 0
0 0 0 0 0 1
1 0 0 0 0 0
0 0 0 0 0 1
0 0 1 0 0 0
0 0 0 1 0 0
0 0 0 1 0 0
0 1 0 0 0 0
0 0 0 1 0 0
0 0 1 0 0 0
0 0 1 0 0 0
0 0 0 1 0 0
1 0 0 0 0 0
0 0 0 0 0 1
0 0 0 0 0 1
0 1 0 0 0 0
0 0 0 0 0 1
0 0 1 0 0 0
0 0 0 0 0 1
0 1 0 0 0 0
0 0 0 0 1 0
1 0 0 0 0 0
0 0 0 0 1 0
0 0 0 1 0 0
0 0 0 1 0 0
0 0 1 0 0 0
0 0 0 1 0 0
0 0 0 0 1 0
0 0 1 0 0 0
0 1 0 0 0 0
0 1 0 0 0 0
0 0 0 1 0 0
0 1 0 0 0 0
0 1 0 0 0 0
0 0 0 0 1 0
1 0 0 0 0 0
0 0 0 0 1 0
1 0 0 0 0 0
0 0 0 0 0 1
0 0 1 0 0 0
0 0 0 0 0 1
0 0 1 0 0 0
0 0 1 0 0 0
0 0 1 0 0 0
0 0 1 0 0 0
0 0 0 0 1 0
0 0 0 0 0 1
0 0 0 1 0 0
1 0 0 0 0 0
0 0 1 0 0 0
0 0 0 1 0 0
0 0 0 0 1 0
0 1 0 0 0 0
1 0 0 0 0 0
0 1 0 0 0 0
0 0 0 1 0 0
0 0 0 0 0 1
0 0 0 0 1 0
0 1 0 0 0 0
1 0 0 0 0 0
1 0 0 0 0 0
0 0 0 0 1 0
0 0 0 1 0 0
0 0 0 1 0 0
1 0 0 0 0 0
0 0 0 0 1 0
0 0 0 0 0 1
0 0 0 0 1 0
1 0 0 0 0 0
1 0 0 0 0 0
0 0 0 0 1 0
0 0 1 0 0 0
1 0 0 0 0 0
0 0 1 0 0 0
1 0 0 0 0 0
0 1 0 0 0 0
0 1 0 0 0 0
0 0 0 0 1 0
0 0 1 0 0 0
0 0 0 0 1 0
0 1 0 0 0 0
0 0 0 1 0 0
0 1 0 0 0 0
1 0 0 0 0 0
1 0 0 0 0 0
0 0 0 0 1 0
1 0 0 0 0 0
0 0 1 0 0 0
0 0 1 0 0 0
0 0 0 0 0 1
1 0 0 0 0 0
0 0 0 0 0 1
0 0 0 0 0 1
0 0 0 0 0 1
0 0 0 1 0 0
0 0 0 1 0 0
0 0 1 0 0 0
0 0 0 0 0 1
0 0 0 0 1 0
0 0 0 1 0 0
0 0 0 0 0 1
0 1 0 0 0 0
0 0 0 0 0 1
0 0 0 0 0 1
0 0 0 0 1 0
0 0 0 0 0 1
0 1 0 0 0 0
0 0 0 0 0 1
0 1 0 0 0 0
0 0 0 0 0 1
0 0 0 0 1 0
0 0 1 0 0 0
1 0 0 0 0 0
1 0 0 0 0 0
0 0 1 0 0 0
0 0 0 1 0 0
0 0 1 0 0 0
0 1 0 0 0 0
0 0 1 0 0 0
0 1 0 0 0 0
0 0 0 0 0 1
0 1 0 0 0 0
0 0 0 0 0 1
0 0 0 1 0 0
0 1 0 0 0 0
0 0 0 0 0 1
0 0 0 0 0 1
0 1 0 0 0 0
0 0 0 0 0 1
0 1 0 0 0 0
0 0 1 0 0 0
1 0 0 0 0 0
0 0 1 0 0 0
0 0 0 0 1 0
0 1 0 0 0 0
1 0 0 0 0 0
0 0 0 0 0 1
0 0 0 0 0 1
0 0 1 0 0 0
0 0 1 0 0 0
0 0 0 0 0 1
0 0 0 1 0 0
0 0 1 0 0 0
0 0 0 0 1 0
0 0 0 1 0 0
0 0 0 0 0 1
0 1 0 0 0 0
0 0 1 0 0 0
0 0 0 0 0 1
0 0 0 0 1 0
0 0 0 0 0 1
0 0 0 0 1 0
0 0 0 1 0 0
1 0 0 0 0 0
0 1 0 0 0 0
0 1 0 0 0 0
0 0 1 0 0 0
0 0 0 1 0 0
0 0 0 1 0 0
0 0 0 0 0 1
0 0 1 0 0 0
0 0 1 0 0 0
0 1 0 0 0 0
0 0 1 0 0 0
0 1 0 0 0 0
0 0 0 1 0 0
0 0 0 1 0 0
0 0 0 1 0 0
0 0 1 0 0 0
0 1 0 0 0 0
0 0 0 1 0 0
0 1 0 0 0 0
0 0 0 1 0 0
0 0 0 0 1 0
0 1 0 0 0 0
0 0 0 1 0 0
1 0 0 0 0 0
0 0 0 0 1 0
1 0 0 0 0 0
0 0 1 0 0 0
0 0 0 1 0 0
0 0 0 1 0 0
0 0 0 0 0 1
0 0 0 1 0 0
0 0 1 0 0 0
0 0 0 0 0 1
0 0 0 0 1 0
1 0 0 0 0 0
1 0 0 0 0 0
0 0 1 0 0 0
0 0 0 1 0 0
0 0 0 0 0 1
1 0 0 0 0 0
0 0 1 0 0 0
0 0 0 1 0 0
1 0 0 0 0 0
1 0 0 0 0 0
0 0 0 0 1 0
0 0 0 0 1 0
0 1 0 0 0 0
0 1 0 0 0 0
0 0 0 0 0 1
1 0 0 0 0 0
0 0 0 1 0 0
0 0 0 0 0 1
0 0 0 0 1 0
1 0 0 0 0 0
1 0 0 0 0 0
0 0 0 0 1 0
0 1 0 0 0 0
0 0 1 0 0 0
0 0 0 1 0 0
0 0 0 1 0 0
0 0 1 0 0 0
0 1 0 0 0 0
0 0 1 0 0 0
0 1 0 0 0 0
0 0 0 0 1 0
0 1 0 0 0 0
0 1 0 0 0 0
0 0 0 1 0 0
0 0 1 0 0 0
0 1 0 0 0 0
0 0 1 0 0 0
0 0 0 0 1 0
0 1 0 0 0 0
0 0 0 1 0 0
1 0 0 0 0 0
1 0 0 0 0 0
0 0 1 0 0 0
1 0 0 0 0 0
0 0 1 0 0 0
0 1 0 0 0 0
0 0 0 0 1 0
0 1 0 0 0 0
0 0 0 1 0 0
0 0 0 0 1 0
0 1 0 0 0 0
0 0 0 0 1 0
0 0 0 0 0 1
0 0 1 0 0 0
1 0 0 0 0 0
0 0 0 0 1 0
0 0 0 0 0 1
0 1 0 0 0 0
0 0 0 0 1 0
0 0 0 0 1 0
1 0 0 0 0 0
0 0 0 1 0 0
1 0 0 0 0 0
0 0 0 1 0 0
0 0 0 1 0 0
0 0 0 0 1 0
0 1 0 0 0 0
1 0 0 0 0 0
0 0 0 0 0 1
0 1 0 0 0 0
0 0 0 1 0 0
0 0 0 1 0 0
0 1 0 0 0 0
0 0 1 0 0 0
0 0 0 0 1 0
0 0 0 0 0 1
0 0 0 0 1 0
1 0 0 0 0 0
1 0 0 0 0 0
1 0 0 0 0 0
0 0 1 0 0 0
1 0 0 0 0 0
0 0 1 0 0 0
1 0 0 0 0 0
0 0 0 0 0 1
0 0 0 0 0 1
0 0 1 0 0 0
0 0 1 0 0 0
0 0 0 0 1 0
1 0 0 0 0 0
1 0 0 0 0 0
0 0 1 0 0 0
0 0 0 1 0 0
0 1 0 0 0 0
1 0 0 0 0 0
0 0 0 0 0 1
0 0 0 0 1 0
1 0 0 0 0 0
0 0 0 1 0 0
0 1 0 0 0 0
1 0 0 0 0 0
0 0 0 0 0 1
0 0 0 1 0 0
0 0 0 0 1 0
0 0 0 0 0 1
0 1 0 0 0 0
0 0 1 0 0 0
0 0 1 0 0 0
1 0 0 0 0 0
0 0 0 0 0 1
0 1 0 0 0 0
1 0 0 0 0 0
0 1 0 0 0 0
1 0 0 0 0 0
0 0 0 0 1 0
0 1 0 0 0 0
0 1 0 0 0 0
0 0 0 0 1 0
0 0 0 0 1 0
0 0 0 0 0 1
0 0 0 0 0 1
0 1 0 0 0 0
0 1 0 0 0 0
0 0 0 0 1 0
0 0 0 0 0 1
0 1 0 0 0 0
0 0 0 1 0 0
1 0 0 0 0 0
0 0 1 0 0 0
1 0 0 0 0 0
0 0 0 0 0 1
0 0 0 0 1 0
0 0 1 0 0 0
1 0 0 0 0 0
0 1 0 0 0 0
0 0 0 1 0 0
0 0 1 0 0 0
1 0 0 0 0 0
0 0 0 0 0 1
0 0 0 0 0 1
1 0 0 0 0 0
0 0 0 1 0 0
0 0 0 0 0 1
0 0 1 0 0 0
0 0 0 0 0 1
0 0 0 0 0 1
0 0 0 1 0 0
0 0 1 0 0 0
0 0 1 0 0 0
0 0 0 0 1 0
0 1 0 0 0 0
0 0 0 1 0 0
0 0 1 0 0 0
0 0 0 0 0 1
1 0 0 0 0 0
1 0 0 0 0 0
0 0 0 1 0 0
0 0 0 1 0 0
0 0 0 1 0 0
0 0 0 0 0 1
0 0 0 1 0 0
1 0 0 0 0 0
0 0 0 0 1 0
1 0 0 0 0 0
0 0 0 0 0 1
0 0 0 0 0 1
0 0 1 0 0 0
1 0 0 0 0 0
0 0 0 0 0 1
1 0 0 0 0 0
0 1 0 0 0 0
0 0 0 1 0 0
1 0 0 0 0 0
0 0 0 0 0 1
0 0 0 0 1 0
0 1 0 0 0 0
0 0 0 0 1 0
0 0 0 0 1 0
0 1 0 0 0 0
0 1 0 0 0 0
0 0 1 0 0 0
0 0 1 0 0 0
0 1 0 0 0 0
0 0 1 0 0 0
0 0 0 0 1 0
0 0 0 0 0 1
0 0 0 1 0 0
0 0 0 0 1 0
1 0 0 0 0 0
1 0 0 0 0 0
0 0 0 0 0 1
0 0 0 1 0 0
1 0 0 0 0 0
0 0 0 1 0 0
0 0 1 0 0 0
1 0 0 0 0 0
0 0 0 1 0 0
0 0 0 0 1 0
0 0 0 1 0 0
0 0 0 1 0 0
0 0 0 0 0 1
1 0 0 0 0 0
0 0 0 1 0 0
0 0 0 0 1 0
0 0 1 0 0 0
0 0 0 0 0 1
0 0 1 0 0 0
0 0 0 0 0 1
0 0 0 0 1 0
1 0 0 0 0 0
0 0 0 0 1 0
0 0 0 0 0 1
0 0 1 0 0 0
0 0 1 0 0 0
1 0 0 0 0 0
0 0 0 0 1 0
1 0 0 0 0 0
0 0 0 1 0 0
0 1 0 0 0 0
1 0 0 0 0 0
0 0 0 0 1 0
0 0 0 1 0 0
0 1 0 0 0 0
0 1 0 0 0 0
1 0 0 0 0 0
0 0 0 0 0 1
0 0 0 0 0 1
0 0 0 0 0 1
0 0 1 0 0 0
0 0 0 0 1 0

Capacidades:
43 26 0 22 37 20
25 49 34 52 55 41
44 0 25 40 51 57
28 0 50 0 33 20
50 57 31 0 28 0
