m: 500
n: 10
p: 6

Distancias:
3.15 4.51 3.74 3.55 8.09 2.13 8.83 9.14 7.44 1.66
9.56 4.57 4.15 7.50 8.44 5.87 4.75 2.06 8.83 3.02
5.20 5.90 3.49 3.17 9.24 7.93 5.60 6.18 3.57 8.11
8.68 7.66 9.30 9.58 5.31 5.02 3.83 3.91 8.07 5.91
6.12 8.12 1.32 6.67 8.12 8.59 2.63 8.16 4.87 8.03
8.29 5.06 4.44 9.52 5.34 6.62 3.31 6.68 1.80 9.37
5.64 4.61 7.31 5.04 7.64 7.79 8.93 5.78 4.09 1.43
3.64 4.28 5.76 7.56 7.72 8.07 3.88 1.69 8.18 4.36
7.18 7.75 6.53 5.23 6.04 3.21 2.73 5.32 7.39 6.75
8.79 6.84 3.34 7.51 2.35 3.65 1.44 3.33 5.38 6.36
5.65 3.68 2.25 5.94 4.79 6.86 4.40 5.90 3.62 1.83
2.16 4.64 8.26 7.05 4.77 1.44 9.17 7.02 8.58 1.36
3.01 8.90 2.45 9.51 7.25 8.43 1.00 6.72 9.49 9.18
7.13 1.34 2.33 4.85 3.10 2.55 5.59 3.91 9.26 3.40
9.25 2.58 5.12 1.89 3.91 1.66 7.37 5.79 3.95 9.16
5.14 8.38 9.46 8.14 3.18 4.88 4.01 3.04 6.06 3.35
8.28 2.98 6.19 5.58 1.18 6.56 1.06 2.83 4.32 3.01
9.68 8.90 7.25 2.71 8.72 4.12 5.52 9.22 2.77 9.43
9.33 8.02 4.25 7.67 2.10 5.96 2.34 3.81 5.90 4.61
6.77 4.07 9.43 7.30 2.10 8.93 1.21 2.33 4.96 4.45
4.35 6.35 8.37 1.15 4.41 8.55 9.39 2.95 9.19 4.74
1.29 8.68 2.78 4.45 8.03 6.75 8.79 4.87 2.34 4.95
4.18 6.98 6.71 3.90 3.71 4.34 3.33 3.66 7.12 6.19
5.17 1.88 6.48 6.79 3.47 1.91 2.33 1.87 3.28 5.46
1.16 1.53 6.72 8.62 5.97 8.77 3.25 4.65 4.73 7.24
3.37 7.05 5.21 1.96 3.78 9.38 3.33 8.69 3.24 5.37
6.65 6.28 5.20 7.19 1.21 1.73 8.82 3.81 7.22 2.25
2.06 4.45 9.88 4.26 6.81 4.93 5.26 9.33 9.47 3.87
4.80 7.03 7.89 8.48 6.68 4.50 5.75 2.07 8.53 2.77
6.34 1.90 9.37 9.97 8.37 1.48 9.93 4.24 3.04 4.60
2.02 8.15 8.29 7.09 9.60 9.40 5.17 2.92 3.11 6.94
1.03 3.00 1.67 2.38 3.58 4.25 9.24 9.20 5.17 4.76
3.74 8.52 2.24 3.06 6.50 8.92 1.57 2.97 8.08 6.75
1.40 3.76 8.48 5.01 6.62 6.52 4.81 9.67 1.65 9.32
7.58 7.98 6.55 8.18 9.36 8.53 5.87 2.56 2.11 2.67
5.23 5.58 6.09 3.77 9.42 2.09 6.08 2.29 6.00 7.97
5.29 8.99 4.69 3.58 9.84 6.03 4.69 6.69 5.87 1.99
9.01 1.19 2.72 9.78 1.72 9.95 1.86 1.44 5.75 3.99
4.01 9.91 8.92 4.37 9.21 6.82 8.42 9.99 3.82 4.75
6.09 4.93 4.47 8.36 3.51 8.51 2.92 7.83 7.75 1.89
1.61 4.97 2.90 5.12 4.77 9.95 2.47 2.23 2.16 6.63
9.33 7.22 6.54 4.60 6.28 8.26 8.46 6.85 9.27 1.87
1.81 8.01 1.92 8.88 9.81 9.50 4.62 8.92 1.13 8.56
5.81 3.36 3.50 1.96 7.37 5.72 4.49 5.79 4.46 2.26
6.05 3.80 2.67 4.75 1.53 5.95 8.96 4.81 8.06 8.29
8.44 9.71 2.23 5.29 8.32 6.73 7.04 6.95 4.90 9.38
2.12 9.68 2.71 3.25 1.01 8.54 4.49 2.58 9.62 4.37
1.59 9.72 3.04 1.97 5.28 1.51 2.78 9.74 3.03 6.20
2.20 5.60 8.40 6.52 6.32 4.24 5.91 2.52 6.80 4.45
6.28 8.12 9.55 6.75 5.96 1.12 6.75 3.10 3.74 7.09
1.90 8.25 1.51 3.98 4.82 8.94 5.56 9.79 1.60 7.19
2.01 4.44 8.62 3.82 7.45 6.12 4.82 3.88 3.39 6.53
8.21 3.62 7.40 3.72 6.29 1.03 5.10 4.36 1.83 2.77
4.09 2.08 4.46 2.67 1.64 6.96 5.75 5.89 7.17 2.98
2.08 1.38 3.68 8.49 8.44 9.77 9.33 6.02 1.46 1.28
2.86 5.58 5.99 7.84 1.81 3.88 8.50 3.08 2.88 5.36
2.87 4.74 4.95 9.43 6.52 5.04 9.40 9.45 5.38 6.24
3.95 6.22 3.81 8.33 9.40 1.52 5.71 6.35 2.75 1.93
5.95 6.91 6.73 9.74 6.22 1.25 7.91 6.14 5.15 8.23
6.50 8.27 6.53 4.02 4.84 5.16 5.52 7.55 7.23 7.19
3.82 3.71 8.75 8.26 9.18 4.43 9.14 6.47 2.52 9.44
6.69 6.00 2.55 8.34 4.70 9.63 9.39 2.99 1.64 3.87
8.63 8.70 3.89 9.60 9.89 2.80 1.98 7.38 1.61 5.50
9.31 6.11 5.93 9.74 7.32 8.02 5.49 2.40 6.20 4.72
3.41 8.61 2.35 7.10 4.09 7.34 8.17 5.75 6.75 1.42
7.65 1.17 6.21 6.68 5.85 4.03 4.04 3.02 9.83 2.48
5.82 6.05 3.72 8.16 6.11 5.75 1.74 4.09 9.35 5.67
5.00 4.54 6.58 1.53 8.53 2.87 7.43 9.04 5.26 5.95
7.05 1.76 1.17 7.61 4.44 5.25 3.01 6.45 1.25 4.61
5.07 4.68 5.72 9.74 4.93 3.29 4.46 3.74 3.23 3.90
8.77 4.02 7.52 5.27 6.92 1.20 7.06 6.73 9.36 8.28
9.57 1.50 6.65 1.20 6.52 5.04 8.10 3.65 7.58 8.52
9.12 2.81 8.72 2.28 1.45 2.48 8.62 9.81 3.71 2.81
1.22 9.70 1.44 3.35 8.37 6.69 6.45 7.90 3.79 4.15
7.86 4.35 4.94 2.41 8.30 8.35 3.78 7.06 1.31 2.80
7.63 7.54 9.69 3.84 4.94 2.92 2.39 4.42 4.66 6.33
1.29 9.33 2.23 7.36 3.66 1.89 7.86 4.47 9.07 6.51
8.13 1.76 6.88 3.90 9.39 8.46 3.78 8.08 6.66 5.61
5.08 3.26 8.31 3.61 8.34 7.16 4.79 8.04 1.28 8.05
4.87 2.39 9.41 4.52 7.71 1.77 6.15 4.54 4.34 2.97
4.52 3.35 3.23 3.02 5.67 4.47 2.99 4.86 3.24 9.46
4.78 8.75 6.79 4.23 3.18 5.39 1.88 8.84 3.64 6.15
5.63 1.35 9.79 3.07 1.20 3.76 5.29 1.10 6.50 9.83
5.36 1.34 4.52 8.36 7.94 6.32 4.58 4.37 1.14 5.32
5.62 6.09 6.02 9.86 7.19 3.52 1.94 8.37 2.63 6.75
7.91 4.12 1.09 2.31 1.62 8.66 6.68 7.63 1.44 7.47
5.64 6.74 5.06 9.31 1.27 9.37 9.62 1.20 1.41 6.33
4.69 8.01 2.89 5.25 2.80 5.18 2.70 1.64 7.16 8.34
5.56 6.22 9.86 6.44 1.04 4.51 6.71 9.71 8.48 6.77
7.53 9.41 8.68 9.79 6.51 4.73 7.10 4.48 1.65 2.51
4.77 9.37 5.16 2.03 8.03 5.11 1.90 4.37 1.24 5.09
7.84 5.24 9.72 6.22 2.32 2.37 3.29 4.17 6.93 6.61
9.09 4.36 2.52 6.94 2.83 3.64 5.52 2.65 2.59 4.90
5.86 6.83 4.77 3.12 3.16 9.69 4.88 9.69 5.68 8.91
7.28 5.85 1.89 1.55 2.90 6.33 2.22 6.35 8.48 9.05
7.45 8.44 3.01 9.40 6.07 6.35 4.91 2.22 7.00 3.02
2.94 2.00 2.10 8.52 6.69 7.18 3.54 2.54 4.34 6.47
5.28 2.76 6.72 2.62 2.40 8.66 6.52 5.29 5.46 9.11
4.50 3.51 2.38 4.48 9.38 9.85 1.63 1.72 3.47 9.42
3.09 2.84 8.74 3.70 8.31 4.65 4.37 7.04 9.19 3.36
1.02 9.85 9.39 8.52 3.13 3.75 8.50 6.74 2.95 1.70
4.62 1.75 2.76 8.90 2.57 3.15 3.60 7.96 6.46 1.64
8.81 7.49 8.76 3.76 5.80 1.27 1.77 4.56 2.50 3.79
1.29 4.74 6.08 9.35 6.59 2.88 1.41 9.87 4.00 4.69
3.49 9.89 1.74 3.93 2.73 4.03 8.60 2.99 4.07 3.31
4.39 7.82 5.62 9.22 1.87 4.92 1.42 5.75 1.34 5.20
2.47 2.32 2.67 1.78 3.15 5.92 2.79 6.65 9.16 7.13
6.07 8.46 4.68 3.09 1.42 7.46 1.23 2.03 4.26 6.47
5.91 6.03 7.12 4.17 8.39 7.31 1.19 9.70 1.87 5.02
3.75 9.48 2.30 1.41 1.18 2.86 3.90 1.60 1.82 1.45
6.81 2.40 1.03 4.08 4.73 2.10 7.16 9.41 4.26 8.55
5.45 5.54 3.31 5.10 6.11 2.55 8.35 4.81 2.58 5.58
7.64 5.94 4.51 1.90 9.20 5.07 2.66 5.52 2.56 2.02
6.19 1.73 8.49 7.51 8.67 5.07 4.00 5.37 7.04 3.29
9.96 1.04 1.69 3.51 1.25 2.03 4.57 6.56 1.69 4.35
5.60 2.44 2.84 2.43 1.23 8.40 1.44 8.93 9.77 2.73
5.75 5.62 1.06 4.86 3.44 1.58 9.58 2.42 8.30 6.92
6.02 8.28 1.31 3.32 2.27 8.41 4.61 2.35 9.71 2.59
7.40 4.32 3.15 3.13 9.29 3.25 8.34 7.55 7.98 7.45
8.83 4.25 5.01 4.51 1.94 6.93 5.67 7.14 1.35 2.26
9.02 3.76 3.49 9.63 2.57 6.69 6.93 2.22 6.69 4.12
5.41 8.47 9.23 8.04 8.37 1.31 5.16 6.17 8.76 8.00
6.67 4.91 3.83 2.29 4.22 6.07 4.98 1.66 1.77 9.03
8.85 5.47 8.60 4.79 2.95 8.67 2.82 2.93 3.67 7.01
6.76 6.15 9.85 4.31 5.80 1.52 5.53 4.38 3.62 9.66
4.35 6.04 7.64 9.73 2.76 2.10 2.83 4.57 4.47 6.40
3.49 6.17 5.78 5.46 3.23 5.71 2.85 4.96 7.42 7.37
1.88 4.29 7.52 5.05 1.31 6.96 1.25 8.40 5.68 5.26
4.59 4.08 6.46 10.00 4.66 9.25 5.16 7.07 9.19 3.16
3.58 3.67 3.67 1.07 1.50 6.44 2.16 3.19 8.45 1.55
2.95 5.08 1.31 7.95 4.60 5.37 8.68 5.57 3.41 2.84
1.04 3.84 6.00 6.67 2.65 8.29 1.85 2.43 7.60 2.72
5.05 6.41 3.95 4.98 5.64 3.53 4.20 4.44 5.09 8.69
7.47 1.21 9.76 6.42 1.71 5.65 9.52 1.99 3.03 9.02
3.13 8.33 9.86 9.15 1.44 5.43 4.63 9.92 6.07 1.69
6.56 9.59 1.84 2.51 1.28 9.80 8.55 1.91 3.32 1.98
6.04 1.05 1.36 1.70 4.67 3.08 3.24 9.19 9.96 6.91
2.16 4.53 8.79 6.03 6.92 2.91 7.85 3.77 6.78 8.25
2.40 6.02 4.37 1.71 2.17 7.81 2.82 7.23 8.69 6.53
6.78 4.87 6.84 1.89 6.92 9.85 4.59 5.96 3.96 3.91
7.10 5.76 3.12 8.12 3.31 7.28 7.05 3.15 3.62 1.91
4.15 5.77 5.42 2.58 1.60 4.71 2.74 9.37 7.40 2.21
8.67 6.06 9.66 3.69 5.33 1.99 3.23 6.46 7.72 6.89
8.53 3.19 7.88 2.32 6.91 8.15 4.80 6.12 2.66 1.08
1.01 5.12 4.74 7.82 2.44 10.00 8.41 7.45 2.18 7.50
7.30 9.31 3.89 6.92 6.88 5.65 8.46 5.69 6.66 3.24
9.75 4.54 4.86 7.44 5.66 6.03 5.95 1.93 2.50 8.19
6.12 2.01 6.70 8.33 9.01 4.78 7.83 4.79 2.73 3.27
4.94 7.82 5.72 8.18 4.28 9.88 7.44 5.44 6.69 1.11
4.10 3.88 6.31 4.54 8.24 3.03 4.35 3.01 6.70 3.84
8.63 5.73 5.92 4.98 8.37 3.74 1.70 3.31 4.03 2.56
8.55 6.27 8.06 2.29 2.22 1.56 1.25 9.95 5.29 4.10
5.27 3.18 2.62 5.72 4.27 6.69 6.54 9.53 3.21 8.94
7.36 9.67 7.22 2.48 1.53 5.35 1.92 8.18 7.61 4.90
8.32 6.44 7.23 6.76 5.68 5.77 1.60 5.08 6.98 1.38
2.07 5.86 3.54 6.50 9.99 6.70 4.73 7.63 8.72 8.91
9.37 8.80 9.33 7.10 5.21 3.68 6.40 6.26 1.07 2.99
8.61 1.96 3.78 9.43 6.58 9.13 8.60 7.11 1.46 3.92
5.22 2.79 2.46 7.17 3.62 5.82 5.00 3.66 7.47 6.77
3.80 7.41 6.80 1.41 7.10 3.02 6.20 5.62 7.56 5.26
4.29 6.57 1.19 7.78 9.71 5.95 5.60 3.11 1.82 9.03
8.68 2.20 9.48 1.44 5.17 9.39 3.92 4.68 4.34 7.88
4.06 5.52 7.93 1.12 2.94 4.71 6.72 8.85 7.95 3.20
5.25 5.01 2.90 3.94 1.72 9.00 8.20 4.26 9.77 9.50
9.71 7.81 3.46 7.24 4.38 2.23 4.88 3.03 9.12 4.45
7.42 7.28 3.68 9.09 1.89 1.22 9.81 1.50 1.16 3.98
4.23 1.90 9.89 2.59 6.87 9.86 4.23 1.72 7.57 8.19
5.72 5.52 6.14 1.82 4.31 6.69 1.82 8.12 6.86 4.25
2.35 2.15 3.81 9.91 7.90 7.10 6.24 7.46 4.11 1.09
8.36 3.01 6.61 3.35 5.05 6.74 7.67 6.09 3.37 4.48
8.20 3.36 4.34 8.82 9.55 7.55 8.77 5.25 7.69 8.89
8.66 4.08 3.20 3.12 6.91 8.31 4.65 2.83 9.94 9.68
3.69 7.39 2.35 7.36 7.80 2.99 3.27 3.33 2.53 1.25
5.10 9.72 8.54 1.95 3.46 2.40 6.52 3.29 5.63 6.51
3.03 4.56 8.49 2.90 5.16 2.34 1.49 9.31 3.16 6.73
9.41 5.73 3.51 9.29 5.62 6.44 1.93 5.46 3.75 1.53
2.05 1.85 1.03 3.04 2.62 3.63 3.71 8.72 2.28 6.14
5.86 4.08 2.32 7.74 3.60 6.24 4.96 1.15 7.07 2.64
7.19 8.31 1.07 5.80 9.80 5.79 2.91 5.59 8.58 6.98
8.82 3.85 2.49 9.92 7.14 7.79 3.97 4.05 3.27 4.31
6.81 9.00 1.58 8.78 4.24 6.82 4.91 1.93 7.96 4.25
3.65 9.09 8.36 4.90 4.85 4.16 5.26 3.31 6.29 8.55
1.82 8.23 1.25 9.09 1.48 8.60 7.79 2.07 4.32 1.54
3.57 4.40 5.37 1.05 1.35 9.26 6.04 6.03 3.08 5.18
4.23 6.31 6.01 4.11 6.12 5.68 2.14 3.52 4.53 6.12
9.65 6.23 2.98 3.96 9.28 7.75 1.82 6.14 6.09 7.56
8.08 9.85 7.62 1.72 1.89 7.01 2.29 8.77 5.74 8.96
4.07 4.40 8.57 2.30 6.66 3.06 5.50 9.85 7.80 1.13
8.87 2.50 1.41 2.93 4.23 8.79 7.02 4.14 8.00 9.51
7.62 9.77 7.06 5.38 7.37 5.69 3.75 2.28 5.28 8.94
7.20 8.35 7.92 5.38 2.29 8.63 4.73 1.74 2.05 2.58
7.40 6.62 2.03 5.83 8.50 4.01 3.02 4.49 6.15 2.32
3.22 2.08 9.42 5.43 1.84 1.86 1.22 2.82 7.40 6.41
6.95 3.29 9.71 8.49 5.22 2.47 9.72 5.17 5.11 9.72
2.87 5.98 6.86 5.88 2.61 9.47 5.43 5.84 1.80 2.76
3.14 6.92 5.83 4.60 9.01 6.18 1.80 9.85 4.76 5.70
8.05 3.09 6.56 7.18 7.93 1.52 5.93 7.37 9.97 1.71
1.60 6.42 2.75 9.02 3.14 1.12 3.76 8.22 1.65 1.81
2.04 2.78 1.09 4.33 2.80 2.20 3.23 7.82 5.00 8.00
4.56 8.42 9.65 4.45 5.33 9.08 9.37 4.67 5.13 9.30
5.47 7.22 7.72 1.76 4.54 7.69 5.78 9.93 8.41 6.78
5.11 5.20 6.05 6.47 1.21 5.70 8.86 1.42 9.42 6.25
7.04 7.98 4.59 3.80 9.15 5.28 3.65 4.36 4.20 1.77
4.86 2.38 9.19 8.33 1.99 4.70 2.28 1.47 7.72 9.34
6.53 9.15 5.66 9.69 7.55 9.15 2.26 9.16 8.86 9.87
7.29 3.92 9.90 2.75 6.09 9.34 8.89 9.67 8.65 3.89
4.74 5.13 1.76 3.75 6.50 1.03 1.53 5.71 6.17 6.07
3.35 5.48 6.91 8.56 7.56 3.27 6.20 9.74 4.49 1.70
7.50 5.41 4.86 6.73 7.72 2.99 8.95 5.57 7.45 9.79
6.29 8.62 6.77 3.18 8.39 2.87 5.74 5.44 4.70 1.22
6.26 6.17 8.24 9.21 2.74 9.08 9.26 8.07 5.23 5.04
4.53 2.89 9.80 1.62 7.27 9.98 3.10 5.95 8.13 1.20
8.26 3.18 1.66 9.38 5.53 8.56 9.43 6.57 4.10 7.28
7.25 1.55 8.24 3.03 1.65 1.17 1.28 7.53 1.69 4.48
7.05 8.53 3.93 6.40 3.38 4.80 6.26 1.59 8.77 1.69
7.15 2.79 9.54 1.84 7.40 6.37 4.83 4.89 3.98 4.86
5.88 3.90 8.05 4.59 2.91 9.78 4.26 6.44 5.98 7.31
6.38 7.76 1.93 7.86 5.54 7.81 6.53 1.90 7.15 8.29
4.23 7.45 4.46 9.24 7.34 9.51 1.79 2.38 8.37 1.43
8.33 7.17 9.36 7.31 1.20 6.97 9.38 1.11 9.43 7.95
2.86 9.90 3.61 5.89 9.08 2.70 1.85 8.43 7.40 3.37
9.15 8.74 1.03 8.73 7.89 7.78 2.39 7.97 7.59 4.92
2.42 6.36 7.88 2.73 8.21 3.16 5.04 9.14 3.30 8.73
4.13 8.21 3.19 4.99 4.74 2.20 8.53 8.87 4.94 7.04
6.22 4.88 7.56 6.48 8.68 7.46 9.97 6.24 2.02 6.12
1.10 4.74 3.61 6.86 3.64 3.17 1.76 8.92 4.29 7.84
2.83 5.47 5.48 9.18 1.20 4.23 8.21 1.19 9.91 1.26
4.96 7.91 2.33 7.73 7.79 4.99 8.51 8.90 1.04 4.04
2.14 4.59 4.56 2.94 6.00 4.63 4.59 9.91 9.28 6.82
5.00 9.15 2.47 3.50 7.66 2.89 1.27 9.06 1.62 7.82
3.23 7.51 9.06 8.77 1.32 5.69 2.07 1.81 6.51 4.58
9.91 9.11 7.96 9.23 6.00 3.59 9.94 6.25 6.97 3.15
4.43 2.73 8.51 2.57 2.36 2.09 9.33 7.82 4.02 4.27
3.74 1.79 5.00 1.72 9.94 5.21 5.75 1.60 8.28 8.94
1.55 8.91 1.61 4.10 3.41 2.44 5.14 8.99 9.90 8.24
9.50 1.71 7.12 8.78 6.01 5.71 5.53 5.30 5.98 9.15
7.36 6.37 4.70 7.74 9.90 2.88 8.14 3.24 5.10 6.81
9.59 9.53 9.17 8.70 4.82 8.39 8.24 5.05 2.34 1.99
1.61 9.84 5.01 8.37 5.00 9.70 5.61 4.60 2.88 7.55
3.59 7.79 9.30 8.52 3.62 7.90 4.11 3.69 9.10 2.56
2.35 5.21 8.45 2.12 2.04 2.71 7.58 9.65 8.61 1.91
1.16 4.82 5.32 2.67 8.14 7.23 5.85 1.42 5.62 2.03
8.50 4.44 5.55 2.91 7.71 3.10 2.00 9.11 2.15 9.71
1.42 6.76 8.23 5.93 9.92 1.83 3.83 2.78 8.56 2.99
8.01 6.36 8.12 8.15 4.59 3.23 3.32 3.23 7.69 7.70
1.84 9.79 2.91 3.12 1.47 1.40 6.47 3.49 7.65 6.66
6.00 2.38 3.69 3.41 4.03 7.63 5.17 3.65 9.29 8.06
8.26 2.34 4.22 9.49 6.43 4.55 7.71 1.81 9.50 5.02
1.05 5.85 6.95 3.27 5.39 9.94 7.76 8.84 7.16 3.31
6.96 6.00 4.67 8.12 2.36 9.49 3.13 8.64 6.93 2.41
2.68 8.11 6.80 2.11 7.19 5.36 4.48 6.80 6.97 8.23
8.68 6.04 7.31 7.47 4.87 8.28 4.80 7.32 3.40 3.83
6.41 5.14 2.13 1.80 2.24 6.06 7.44 2.90 8.03 5.78
8.95 6.69 6.66 5.64 1.52 1.73 5.97 4.94 9.55 5.43
1.06 3.63 6.08 8.12 5.82 9.19 7.64 3.14 6.81 8.62
2.41 8.89 9.03 3.35 2.68 6.55 6.55 6.46 2.87 4.56
1.10 4.19 1.61 2.96 3.31 7.70 9.40 1.61 2.23 8.06
3.07 5.53 5.69 3.66 1.60 4.98 4.72 9.85 1.22 4.48
1.33 1.61 2.37 2.24 9.53 9.24 8.83 2.23 8.89 5.53
3.48 7.53 1.25 8.81 8.35 9.96 1.27 4.55 5.29 4.94
7.50 4.49 8.61 9.30 7.44 9.44 7.65 5.23 9.74 3.12
8.70 7.31 4.60 7.33 7.37 8.44 4.72 1.43 6.24 9.12
6.72 6.60 5.04 4.86 5.70 7.52 4.28 2.34 1.77 9.51
9.35 7.38 5.05 5.25 3.20 4.60 5.08 7.69 5.35 7.16
3.28 8.63 7.15 7.60 3.02 6.07 6.01 9.06 9.22 4.91
7.54 4.41 5.72 2.00 6.67 7.21 7.38 7.54 3.83 3.82
2.62 8.76 7.02 3.62 8.81 2.20 4.60 8.35 2.54 1.48
3.41 4.70 1.82 9.56 8.84 2.60 8.19 3.04 2.72 4.28
8.49 8.92 7.51 5.19 7.90 5.97 8.55 8.46 2.73 5.14
6.00 3.26 6.88 7.39 3.43 7.94 5.68 4.59 3.39 8.27
2.19 5.56 6.86 4.59 4.18 8.03 9.08 4.11 2.81 7.18
5.42 1.82 8.64 1.81 7.92 4.45 8.42 8.35 6.53 2.76
9.06 6.35 4.36 9.16 7.07 7.53 7.39 2.69 4.92 6.46
5.19 1.21 3.89 8.45 7.20 5.28 7.68 1.84 7.85 3.68
5.14 7.44 1.09 2.96 6.37 3.53 1.08 2.61 3.03 2.73
2.49 5.70 7.40 2.03 9.75 2.51 5.01 2.87 1.62 1.69
3.49 8.02 5.90 4.02 6.78 9.77 9.40 3.46 5.38 9.70
5.09 5.12 9.97 9.72 6.09 9.34 6.72 8.71 2.17 5.39
7.71 1.72 3.99 3.10 6.26 6.86 1.50 9.72 6.41 4.59
8.34 8.72 1.90 4.72 9.26 4.28 1.01 9.34 1.65 9.20
4.22 2.98 1.36 9.59 5.27 1.77 1.73 5.35 5.15 6.82
5.82 4.34 3.93 2.89 1.84 5.15 9.84 7.97 2.95 9.11
9.21 4.34 1.23 5.43 6.10 2.86 4.35 7.19 8.37 1.64
2.74 7.69 2.37 3.24 7.69 6.00 7.22 8.98 3.08 5.23
8.80 8.00 2.46 1.51 5.45 7.98 3.49 9.49 8.04 2.70
7.44 5.29 5.43 6.63 3.58 3.64 7.41 9.85 4.73 5.68
5.31 6.30 2.69 6.34 5.58 3.50 3.28 6.77 4.45 5.82
3.13 6.64 2.17 5.63 4.57 9.93 3.10 1.34 6.13 7.12
4.53 1.94 6.25 7.56 7.65 6.16 1.02 6.71 6.22 6.88
4.66 7.86 2.88 8.54 3.71 2.20 7.53 5.61 9.46 2.71
1.51 8.04 7.44 7.72 8.17 7.34 7.52 7.86 7.65 9.00
6.13 3.63 6.20 8.73 3.09 5.35 7.40 2.72 5.28 5.76
9.45 6.60 1.11 9.36 3.40 2.57 8.61 4.60 3.20 9.39
4.04 6.83 5.54 5.45 4.81 3.00 4.42 4.18 9.10 1.15
2.98 4.55 3.88 6.32 4.40 3.59 9.18 7.02 4.66 4.81
6.51 8.57 6.83 8.95 6.63 1.92 6.60 5.90 8.28 7.22
3.20 9.97 2.91 3.35 3.87 1.36 8.52 8.94 4.06 9.81
5.91 5.16 3.11 9.71 6.39 7.42 1.84 2.92 7.37 4.99
4.88 9.54 6.30 3.79 3.74 6.04 5.05 3.11 3.44 5.46
2.79 5.66 4.29 3.63 6.57 6.41 4.88 8.45 8.21 9.97
6.09 2.30 8.64 2.84 9.98 8.24 1.30 8.34 6.75 3.14
6.45 2.48 9.59 7.92 7.02 1.63 8.11 1.84 9.17 1.95
4.27 6.96 9.02 9.57 1.59 8.40 3.39 1.65 3.99 8.61
6.65 4.98 3.05 8.88 4.40 7.37 3.34 2.76 3.88 9.62
1.97 4.79 6.68 9.09 2.95 9.82 9.36 6.21 6.58 7.66
1.72 9.01 2.14 7.64 6.33 1.69 9.14 3.16 8.58 1.42
7.90 8.56 8.16 2.24 4.29 5.33 6.41 5.80 6.48 1.07
5.95 9.06 8.15 4.51 5.63 8.94 4.03 3.22 8.07 7.07
7.60 4.81 7.74 7.33 4.68 7.48 4.98 3.09 7.58 3.90
6.21 9.90 1.67 6.17 3.18 7.47 9.45 6.31 2.89 4.50
4.03 2.00 7.12 9.05 8.38 1.99 4.93 7.79 6.02 6.04
7.22 7.56 8.88 9.40 4.78 6.63 1.36 7.79 5.47 4.51
6.23 9.01 2.92 4.15 1.20 6.14 1.42 4.16 8.11 4.02
2.36 3.73 3.86 1.65 3.49 1.36 8.78 2.72 8.39 2.52
4.94 8.10 1.80 2.14 6.62 6.10 9.69 1.68 8.71 5.95
4.05 9.34 1.98 7.87 1.95 1.39 8.95 8.12 8.54 2.63
9.59 3.45 5.31 1.19 9.69 2.30 9.79 4.83 7.76 1.09
4.29 4.41 6.41 6.39 8.89 9.95 2.60 6.74 1.07 7.58
3.74 9.89 9.48 7.79 8.29 3.16 2.95 7.48 8.28 3.22
8.24 9.88 9.99 3.25 5.53 6.10 1.08 4.80 9.56 4.34
9.29 2.91 4.28 2.94 9.89 9.96 2.31 1.65 1.37 3.19
4.51 2.71 2.56 9.38 9.33 7.89 1.69 2.66 7.04 5.26
6.99 5.30 5.11 8.41 4.05 3.06 1.11 4.54 9.82 2.23
9.88 2.48 5.45 5.72 3.57 9.97 2.67 7.01 1.86 2.47
4.41 8.90 2.96 5.85 2.50 8.88 1.41 5.68 4.50 7.46
6.40 1.80 7.24 3.89 9.52 8.35 2.29 8.06 5.90 6.73
8.77 2.44 9.23 4.22 1.57 7.84 9.74 5.65 3.46 2.25
7.03 4.72 2.48 6.70 7.73 7.18 8.94 4.82 4.37 7.11
7.61 6.74 1.57 8.71 7.42 5.82 1.92 2.68 4.28 4.63
2.81 6.93 5.01 7.68 7.39 4.38 8.00 5.56 5.70 6.82
5.89 4.30 1.06 1.16 9.89 8.75 3.97 9.37 5.83 1.95
7.97 1.09 4.84 2.26 9.24 5.02 9.98 2.58 3.54 4.48
5.80 3.83 5.56 4.84 3.19 5.43 7.81 7.10 9.90 4.31
1.81 3.51 8.82 8.20 9.70 9.31 1.78 3.30 5.20 4.23
5.35 1.37 1.87 2.48 9.44 6.20 9.30 6.00 1.15 9.75
3.62 3.40 5.92 1.10 6.28 4.30 8.82 8.67 9.17 7.37
6.90 8.48 1.99 7.59 9.71 2.30 9.19 5.07 1.11 2.78
1.79 3.17 7.15 9.50 2.59 4.20 5.81 5.06 9.77 3.80
5.78 4.88 7.05 1.67 3.94 9.22 9.09 8.89 1.19 4.39
8.83 4.52 7.71 9.65 8.28 3.33 5.69 1.36 3.44 8.45
6.72 4.54 6.64 8.37 6.46 6.97 7.03 6.92 4.78 8.78
3.31 2.00 4.81 2.91 1.65 2.16 4.08 9.39 6.13 8.62
6.98 3.98 9.04 3.88 5.07 6.51 3.06 5.63 5.32 9.31
9.50 7.70 3.35 4.56 4.94 6.03 1.50 8.49 5.41 1.65
7.39 9.56 1.13 1.52 6.98 6.77 6.13 5.43 8.33 6.82
7.61 1.62 6.58 6.63 6.87 7.31 9.69 3.38 5.01 4.17
4.67 6.94 9.77 2.46 3.19 3.02 5.41 2.64 8.05 1.02
8.31 4.64 5.15 6.20 6.68 3.40 7.48 4.77 9.97 8.10
8.75 9.93 2.19 5.56 6.04 7.65 5.17 4.38 9.28 3.04
6.74 5.78 9.86 8.73 1.10 6.97 7.37 7.97 2.21 1.05
8.76 4.71 9.20 7.58 5.96 9.91 6.09 8.55 5.75 4.25
2.14 2.72 4.81 8.41 9.20 9.98 6.93 4.94 3.20 6.91
3.96 5.10 1.87 4.58 3.53 4.69 1.07 4.44 7.28 1.42
1.86 4.08 7.80 3.35 2.22 2.63 9.81 7.77 4.34 1.04
2.06 9.07 9.49 4.26 1.16 1.50 4.12 4.62 9.67 7.04
6.20 6.74 9.78 6.88 2.50 9.18 8.65 2.37 3.69 1.66
7.15 6.77 3.00 4.80 1.56 1.43 9.00 3.19 1.34 9.52
5.99 8.63 6.09 3.13 7.74 4.90 3.17 4.87 6.74 4.79
3.34 1.31 5.22 8.92 3.93 4.84 8.75 5.20 7.02 2.56
9.83 8.69 8.14 9.90 9.28 9.18 1.28 1.47 9.50 1.14
1.98 3.61 4.51 7.53 8.20 1.82 4.85 5.55 3.14 7.13
7.85 1.03 2.82 3.59 6.22 7.72 6.57 6.52 3.53 6.48
4.80 4.47 7.23 6.66 3.56 1.63 2.26 4.23 2.24 8.37
4.05 5.73 6.12 4.03 4.75 3.19 4.91 9.81 1.66 5.26
6.68 6.01 6.32 3.44 4.51 4.33 8.47 3.13 6.35 1.32
2.99 9.45 6.90 8.87 1.20 1.25 1.88 1.07 2.38 4.35
7.84 7.61 1.23 2.64 7.58 2.58 9.70 6.17 4.42 3.99
5.49 8.83 6.32 9.76 2.81 3.89 9.13 1.57 3.95 5.37
7.49 1.44 7.34 8.89 3.46 5.72 6.96 1.11 3.04 4.64
3.83 6.95 1.60 4.96 8.39 3.64 3.64 7.49 5.80 9.78
5.27 1.91 7.81 8.33 7.55 6.18 3.92 2.60 1.58 4.63
9.18 2.33 6.02 9.87 6.02 1.84 5.82 3.12 3.97 1.04
8.19 5.88 3.97 4.86 5.48 2.49 1.66 2.31 6.80 3.97
5.04 1.22 1.41 7.49 2.66 2.03 6.18 1.24 7.28 4.69
8.61 3.79 8.99 9.00 6.05 3.79 8.38 2.35 6.66 1.17
7.81 5.63 3.67 4.58 2.79 4.45 8.02 5.81 3.54 6.23
9.55 2.47 2.84 4.82 8.11 9.35 8.73 3.39 1.69 5.07
6.77 3.72 8.44 4.43 1.77 1.21 9.50 9.64 8.41 4.11
3.55 4.84 4.91 2.38 4.54 9.15 9.09 3.97 1.01 4.27
3.11 7.23 9.20 4.47 1.40 7.70 2.24 6.62 3.63 1.70
2.25 6.96 1.86 8.79 1.44 2.66 2.92 6.36 9.03 9.26
3.93 6.29 5.17 3.76 1.68 1.35 8.10 1.85 1.15 4.24
8.37 1.09 5.53 3.29 4.61 7.12 8.65 9.06 1.78 6.85
2.98 2.52 3.94 7.99 5.08 3.85 9.33 8.67 3.82 5.71
7.52 8.21 8.34 8.72 9.93 9.08 1.34 5.79 7.47 7.01
1.66 9.67 1.90 5.43 7.19 9.83 9.36 8.37 2.60 8.49
6.62 9.55 2.83 4.38 1.84 2.10 4.71 1.47 2.38 9.78
6.97 9.16 5.50 4.97 6.04 9.38 2.58 1.22 4.47 4.11
3.84 5.89 7.03 6.92 9.28 7.55 7.81 3.35 9.99 4.30
5.75 9.11 3.85 2.15 4.15 7.26 7.82 1.55 4.02 1.06
8.12 2.17 2.15 7.92 6.66 4.33 2.74 4.45 1.85 9.64
7.82 6.37 9.60 6.48 1.66 1.97 4.33 2.80 2.07 9.06
8.83 7.27 8.23 4.53 4.32 7.84 4.34 9.70 6.76 2.50
5.57 8.15 6.70 3.72 4.43 4.52 9.44 8.45 3.31 5.22
5.85 7.84 6.42 5.34 3.48 5.23 5.17 4.27 4.17 4.30
2.61 4.03 9.95 4.93 7.08 1.93 1.68 6.77 2.29 9.60
4.65 7.48 9.68 5.73 5.11 7.09 3.02 9.00 9.95 9.57
8.71 5.26 1.09 8.21 3.83 1.93 5.74 4.58 9.68 9.97
1.44 9.51 6.00 7.84 1.92 7.91 8.95 9.84 2.96 6.13
2.17 8.78 5.32 6.66 5.21 3.16 3.46 4.74 3.01 6.44
3.39 3.76 7.93 3.56 7.99 5.94 7.36 6.67 2.54 5.52
2.96 9.01 6.68 6.14 1.81 1.52 4.06 3.35 3.85 5.15
7.91 1.27 8.28 1.75 5.79 5.59 2.64 7.21 2.16 8.67
3.07 4.38 5.05 4.19 1.13 4.01 8.66 8.20 3.90 4.22
3.54 7.21 9.80 1.70 2.99 5.21 5.02 2.70 6.07 9.96
8.16 4.88 3.91 2.22 3.06 4.59 7.52 3.76 9.48 8.46
6.66 3.73 8.26 8.52 6.87 8.26 9.57 9.40 7.59 9.62
7.65 2.84 7.18 1.25 3.76 9.61 3.18 3.84 8.74 4.07
6.74 5.26 5.71 5.27 3.98 8.08 9.91 5.82 5.62 8.27
8.76 3.83 3.27 3.13 6.21 9.05 3.68 4.77 4.44 8.43
8.55 9.87 9.43 6.85 6.66 5.28 6.80 4.36 3.35 3.60
6.71 3.49 9.23 5.26 6.45 6.09 9.84 9.80 5.07 8.63
2.26 6.25 5.20 9.94 2.51 7.96 3.81 7.16 6.17 2.58
2.68 1.13 1.49 4.48 5.89 9.25 4.75 1.52 5.80 7.44
2.60 1.03 6.37 3.80 2.20 7.52 3.31 4.75 5.97 6.63
1.13 7.32 5.42 9.08 6.86 8.71 1.29 5.85 1.97 1.69
9.67 4.82 8.34 7.17 5.47 8.69 6.48 9.02 2.06 1.90
5.34 2.18 5.82 3.97 9.21 9.34 9.59 4.10 7.92 9.20
5.18 3.63 5.58 8.99 8.85 6.23 8.87 4.90 3.71 5.22
7.95 8.31 8.87 9.20 2.04 7.03 5.77 1.48 3.06 7.95
3.24 5.07 4.92 5.17 5.76 3.02 8.54 9.37 1.52 6.71
8.51 8.37 8.00 6.41 4.92 5.05 7.02 6.97 2.15 1.18
5.77 1.62 3.68 4.74 7.06 9.99 8.05 4.00 6.07 2.72
2.77 7.50 1.37 5.61 8.39 1.79 8.72 2.14 2.07 4.44
4.58 9.33 9.01 3.22 5.73 2.48 1.77 3.92 3.09 7.33
8.88 3.17 2.71 5.93 9.90 3.64 3.13 2.46 2.25 3.98
7.31 4.38 6.68 6.02 5.27 8.43 1.45 1.95 3.72 7.71
5.12 9.65 3.48 1.05 6.47 7.41 6.55 3.20 3.14 2.93
9.61 6.86 7.44 9.03 3.26 7.84 4.21 3.50 4.48 9.36
4.07 6.84 1.94 4.97 1.45 6.82 2.74 6.77 6.28 5.89
7.50 3.36 2.22 3.32 6.80 6.42 1.13 2.99 1.39 7.75
5.98 5.97 8.43 5.14 6.91 7.96 9.99 1.25 6.01 8.75
7.37 5.66 1.96 2.90 2.30 6.82 8.95 2.23 4.16 7.23
9.29 8.64 7.62 7.05 8.09 3.53 3.78 4.17 7.67 2.57
9.48 3.74 5.63 6.63 8.85 1.40 5.37 2.95 3.00 5.68
6.79 6.31 7.29 5.72 3.58 5.15 2.50 4.48 1.71 5.64
1.61 1.61 2.90 5.33 3.08 3.20 1.91 8.20 9.45 7.65
6.74 8.53 7.61 7.53 2.44 6.99 4.72 9.88 3.38 6.79
6.08 1.41 8.99 8.49 3.22 4.17 2.66 9.53 9.39 2.54
5.69 4.36 5.12 6.11 7.46 2.86 1.44 1.17 7.39 7.23
9.79 8.95 3.94 7.12 1.69 6.57 4.36 1.61 7.51 3.03
5.86 8.19 9.53 5.72 3.91 2.98 6.24 2.22 8.24 1.41
2.26 3.86 6.09 4.67 5.54 6.78 6.89 2.61 3.65 1.90
5.00 3.13 6.46 3.57 2.26 1.51 6.07 2.95 8.98 2.13
5.56 1.51 6.80 8.07 8.68 4.54 2.21 3.63 7.37 7.67
3.47 6.52 2.26 3.17 1.87 2.56 4.87 9.46 6.85 8.44
7.42 3.44 8.53 4.85 4.35 1.31 7.94 8.45 5.84 9.09
6.77 2.02 2.28 6.98 3.17 6.82 6.24 9.42 8.32 6.62
9.63 6.89 1.92 1.96 6.16 1.68 8.57 3.58 3.22 3.16
4.51 2.23 6.49 8.93 1.20 7.08 9.08 5.76 7.72 1.75
2.47 6.49 3.23 3.31 6.41 5.40 9.86 9.18 6.89 5.53
5.01 5.99 6.32 5.44 7.13 6.69 2.86 9.41 9.71 7.56
9.59 3.19 8.62 2.71 1.91 1.57 9.11 8.67 8.53 2.12
3.47 9.38 1.96 5.75 8.28 9.97 2.08 4.71 9.59 3.43
7.69 2.31 9.90 4.24 5.80 2.75 6.53 1.86 7.46 6.32
3.99 6.64 6.26 9.38 1.06 3.31 1.27 8.74 4.82 9.44
2.87 2.20 4.80 4.79 2.24 9.79 9.41 7.49 8.43 3.28
1.30 8.88 7.00 9.02 6.06 8.91 4.28 4.50 8.79 7.36
9.85 9.07 4.74 4.61 3.69 7.42 4.10 4.58 5.75 5.87
1.71 3.96 3.83 7.79 3.13 4.70 1.93 3.56 6.96 8.24
6.77 2.03 1.10 4.55 1.89 4.53 5.74 4.01 2.88 3.45
2.21 3.94 4.30 7.71 7.52 5.16 3.51 7.95 5.50 8.23
3.71 8.42 9.04 6.16 8.78 5.27 1.32 2.34 3.86 7.60
2.11 4.16 3.62 2.46 9.97 2.34 8.39 2.39 9.11 4.65
5.50 5.43 9.13 5.85 3.25 6.77 2.99 9.25 8.23 8.13
5.77 9.24 7.72 7.25 6.29 3.25 9.98 6.28 8.98 5.01
3.45 7.16 2.79 5.72 9.19 4.96 3.54 1.17 4.66 9.72
9.19 9.91 5.86 9.33 3.41 4.94 3.51 5.57 8.28 2.56
4.98 6.00 9.63 1.30 1.66 4.32 8.03 7.63 5.25 7.05
6.71 3.82 2.56 7.17 5.32 9.17 3.65 1.61 8.95 2.98
7.47 9.22 1.33 1.93 9.27 7.58 3.96 9.54 4.64 5.11
5.55 6.25 3.16 4.86 7.89 2.57 3.51 8.63 1.19 2.30
7.00 5.60 6.13 6.44 2.53 2.86 4.48 8.09 7.47 9.17
2.90 3.21 1.18 6.47 6.29 4.68 5.61 9.85 2.09 9.08
1.25 1.33 2.72 8.84 5.96 1.78 7.30 2.46 3.85 7.44
3.63 7.78 9.10 5.98 5.58 8.68 3.84 1.53 3.03 8.00
5.71 4.84 1.63 3.04 5.16 9.30 5.04 5.83 9.63 9.83
8.14 1.80 4.35 8.77 2.88 7.58 4.44 7.00 6.64 5.37
2.11 9.14 7.07 1.45 7.24 8.62 3.90 6.99 4.76 6.19
4.08 8.85 4.12 8.03 9.57 5.27 6.18 4.71 1.82 2.92
6.79 3.91 6.64 4.81 7.14 9.87 2.25 7.72 9.35 9.71
1.48 1.87 9.69 1.51 9.56 5.81 3.25 1.88 2.68 9.28
7.02 6.27 5.53 2.34 8.46 7.55 6.93 5.69 9.73 1.05
6.05 6.77 3.70 8.53 8.22 1.15 8.25 2.88 5.86 5.52
2.62 7.59 8.42 2.43 8.62 4.45 9.84 5.66 8.68 3.02
5.97 2.55 5.35 7.64 4.87 8.07 9.98 9.61 8.76 3.27
3.80 3.87 2.84 1.37 2.35 2.38 2.20 4.14 3.05 4.23
6.67 7.53 4.44 3.40 8.53 7.69 8.33 7.77 9.24 2.09
4.92 2.31 3.90 1.07 2.74 5.27 4.01 5.84 6.60 2.42
8.88 5.27 8.83 1.10 7.90 4.82 7.16 4.32 6.84 1.57
9.52 1.59 9.48 9.55 5.52 7.01 5.12 4.37 6.19 7.63
9.04 3.27 3.63 3.95 1.39 9.93 4.72 7.95 4.22 5.48
6.55 2.16 3.91 5.67 8.23 9.53 7.75 1.77 2.70 2.86
6.01 9.24 3.03 6.39 5.41 7.49 5.83 5.00 3.68 7.27
5.04 4.22 4.80 2.79 3.08 7.97 2.02 7.58 8.60 8.52
4.95 9.11 6.92 1.29 2.38 8.57 5.23 8.22 8.83 2.67
8.63 9.54 6.08 3.00 3.67 2.48 4.99 4.66 4.99 6.32
8.58 3.98 6.08 9.09 7.58 8.40 1.39 9.16 4.67 1.72
5.16 6.13 3.79 6.06 9.60 3.69 9.81 6.76 1.89 9.78
1.16 8.14 2.01 9.10 8.75 1.59 6.39 3.25 7.82 4.65

Demandas:
0 1 0 0 0 0
0 0 0 0 0 1
0 0 0 0 1 0
0 1 0 0 0 0
0 0 1 0 0 0
0 0 0 0 0 1
0 0 1 0 0 0
0 0 0 1 0 0
0 0 0 1 0 0
0 0 0 0 0 1
0 0 0 1 0 0
0 0 1 0 0 0
0 0 1 0 0 0
1 0 0 0 0 0
1 0 0 0 0 0
1 0 0 0 0 0
0 0 0 0 1 0
0 1 0 0 0 0
0 0 1 0 0 0
1 0 0 0 0 0
1 0 0 0 0 0
1 0 0 0 0 0
0 1 0 0 0 0
0 1 0 0 0 0
0 0 0 0 1 0
0 0 1 0 0 0
1 0 0 0 0 0
0 0 0 1 0 0
0 0 0 1 0 0
0 0 1 0 0 0
0 0 0 1 0 0
0 0 0 0 1 0
0 0 1 0 0 0
0 0 0 0 1 0
0 1 0 0 0 0
0 0 0 0 0 1
1 0 0 0 0 0
0 0 1 0 0 0
0 0 0 0 0 1
0 0 0 1 0 0
0 0 0 0 1 0
0 0 0 0 0 1
0 1 0 0 0 0
0 0 0 1 0 0
0 0 0 0 0 1
0 0 0 0 0 1
1 0 0 0 0 0
0 0 1 0 0 0
0 0 0 0 0 1
0 0 0 1 0 0
1 0 0 0 0 0
0 0 1 0 0 0
0 1 0 0 0 0
0 0 0 1 0 0
1 0 0 0 0 0
0 0 0 1 0 0
0 0 0 0 0 1
0 0 0 0 0 1
0 0 0 1 0 0
0 0 1 0 0 0
0 0 1 0 0 0
0 0 0 0 0 1
0 1 0 0 0 0
0 1 0 0 0 0
0 0 0 0 0 1
0 0 0 1 0 0
1 0 0 0 0 0
0 1 0 0 0 0
0 0 0 1 0 0
0 1 0 0 0 0
0 0 0 0 0 1
1 0 0 0 0 0
1 0 0 0 0 0
1 0 0 0 0 0
0 0 0 1 0 0
0 1 0 0 0 0
0 0 0 1 0 0
0 1 0 0 0 0
0 0 0 0 0 1
0 0 1 0 0 0
1 0 0 0 0 0
0 0 0 0 0 1
0 0 1 0 0 0
0 0 0 0 0 1
0 0 0 0 0 1
0 0 1 0 0 0
1 0 0 0 0 0
0 0 0 1 0 0
0 0 0 0 1 0
1 0 0 0 0 0
0 0 1 0 0 0
1 0 0 0 0 0
1 0 0 0 0 0
0 0 1 0 0 0
0 1 0 0 0 0
0 0 0 1 0 0
0 0 0 0 1 0
1 0 0 0 0 0
0 0 0 0 1 0
0 0 0 1 0 0
0 0 0 0 0 1
0 0 0 0 0 1
0 0 0 0 1 0
0 0 1 0 0 0
0 0 0 1 0 0
0 0 1 0 0 0
0 0 0 0 1 0
0 0 0 1 0 0
1 0 0 0 0 0
0 1 0 0 0 0
0 0 0 1 0 0
0 0 0 1 0 0
1 0 0 0 0 0
0 0 1 0 0 0
0 0 0 0 0 1
1 0 0 0 0 0
0 0 0 0 1 0
0 0 0 1 0 0
0 0 0 1 0 0
0 1 0 0 0 0
1 0 0 0 0 0
0 0 0 1 0 0
0 0 0 1 0 0
0 0 0 0 1 0
0 0 1 0 0 0
0 0 1 0 0 0
0 0 0 1 0 0
1 0 0 0 0 0
1 0 0 0 0 0
1 0 0 0 0 0
1 0 0 0 0 0
0 0 0 0 1 0
0 0 0 1 0 0
0 0 0 0 0 1
0 0 0 0 0 1
0 0 1 0 0 0
0 0 0 0 1 0
0 0 0 0 1 0
0 0 0 0 0 1
0 1 0 0 0 0
0 0 1 0 0 0
1 0 0 0 0 0
0 1 0 0 0 0
0 0 0 0 0 1
0 0 1 0 0 0
0 0 0 1 0 0
0 0 1 0 0 0
0 0 0 0 1 0
0 1 0 0 0 0
0 0 0 0 1 0
0 1 0 0 0 0
0 0 1 0 0 0
1 0 0 0 0 0
0 0 0 0 0 1
0 0 0 0 1 0
1 0 0 0 0 0
0 0 0 0 1 0
1 0 0 0 0 0
0 0 0 1 0 0
0 0 1 0 0 0
0 1 0 0 0 0
0 1 0 0 0 0
0 1 0 0 0 0
1 0 0 0 0 0
1 0 0 0 0 0
1 0 0 0 0 0
0 0 0 0 1 0
0 1 0 0 0 0
0 0 1 0 0 0
0 0 0 1 0 0
1 0 0 0 0 0
0 1 0 0 0 0
0 0 0 1 0 0
0 0 0 0 1 0
0 0 0 1 0 0
0 0 0 0 1 0
0 0 0 0 0 1
0 1 0 0 0 0
0 0 0 0 0 1
0 0 0 0 1 0
0 0 0 0 0 1
0 0 0 1 0 0
0 0 0 0 0 1
0 1 0 0 0 0
0 0 0 1 0 0
0 1 0 0 0 0
0 1 0 0 0 0
0 0 0 0 0 1
0 0 0 0 1 0
0 0 0 0 0 1
0 0 0 0 1 0
0 0 1 0 0 0
0 0 0 1 0 0
0 1 0 0 0 0
1 0 0 0 0 0
0 0 1 0 0 0
0 0 0 1 0 0
0 1 0 0 0 0
0 0 1 0 0 0
0 0 0 1 0 0
0 0 1 0 0 0
0 0 1 0 0 0
1 0 0 0 0 0
0 0 0 1 0 0
0 1 0 0 0 0
0 1 0 0 0 0
0 0 0 1 0 0
0 0 0 0 0 1
0 0 0 0 0 1
1 0 0 0 0 0
0 0 1 0 0 0
0 0 0 1 0 0
0 1 0 0 0 0
1 0 0 0 0 0
0 0 0 1 0 0
0 0 0 0 0 1
0 0 1 0 0 0
0 1 0 0 0 0
0 0 1 0 0 0
0 1 0 0 0 0
0 0 1 0 0 0
0 0 0 0 1 0
0 0 0 0 0 1
0 0 0 0 1 0
0 0 1 0 0 0
0 0 1 0 0 0
1 0 0 0 0 0
0 0 1 0 0 0
0 0 0 1 0 0
0 0 0 0 1 0
0 0 0 1 0 0
0 0 0 0 0 1
0 0 0 0 1 0
0 1 0 0 0 0
0 0 0 1 0 0
1 0 0 0 0 0
0 1 0 0 0 0
0 1 0 0 0 0
1 0 0 0 0 0
0 0 1 0 0 0
0 0 0 1 0 0
0 0 0 0 1 0
1 0 0 0 0 0
0 0 0 0 0 1
1 0 0 0 0 0
1 0 0 0 0 0
0 0 1 0 0 0
0 0 1 0 0 0
1 0 0 0 0 0
0 0 0 1 0 0
0 1 0 0 0 0
0 0 0 0 1 0
0 0 0 1 0 0
0 1 0 0 0 0
0 0 1 0 0 0
1 0 0 0 0 0
1 0 0 0 0 0
0 0 1 0 0 0
0 0 1 0 0 0
0 0 1 0 0 0
0 0 0 0 0 1
0 1 0 0 0 0
0 0 1 0 0 0
0 0 1 0 0 0
1 0 0 0 0 0
0 1 0 0 0 0
1 0 0 0 0 0
0 1 0 0 0 0
1 0 0 0 0 0
0 1 0 0 0 0
0 0 1 0 0 0
0 0 0 1 0 0
0 0 0 0 1 0
0 0 0 1 0 0
0 0 0 0 0 1
0 0 0 0 1 0
0 0 0 1 0 0
1 0 0 0 0 0
0 0 0 0 1 0
0 0 1 0 0 0
0 0 0 1 0 0
0 0 0 0 0 1
0 1 0 0 0 0
0 0 0 1 0 0
0 1 0 0 0 0
0 0 1 0 0 0
0 0 0 1 0 0
0 1 0 0 0 0
1 0 0 0 0 0
0 1 0 0 0 0
0 0 0 1 0 0
0 0 0 1 0 0
0 0 1 0 0 0
0 1 0 0 0 0
1 0 0 0 0 0
0 0 0 1 0 0
0 0 0 1 0 0
0 0 1 0 0 0
0 0 0 1 0 0
0 0 1 0 0 0
1 0 0 0 0 0
1 0 0 0 0 0
0 0 0 0 1 0
0 0 1 0 0 0
0 0 0 1 0 0
0 0 1 0 0 0
0 0 0 0 0 1
0 0 0 1 0 0
0 0 0 0 0 1
0 0 0 0 0 1
1 0 0 0 0 0
0 0 0 0 0 1
0 1 0 0 0 0
0 0 0 0 0 1
1 0 0 0 0 0
1 0 0 0 0 0
0 1 0 0 0 0
1 0 0 0 0 0
0 1 0 0 0 0
1 0 0 0 0 0
1 0 0 0 0 0
0 1 0 0 0 0
0 0 0 1 0 0
0 0 0 0 0 1
0 0 0 1 0 0
0 0 0 0 0 1
0 0 0 1 0 0
0 0 0 1 0 0
0 0 0 1 0 0
0 0 1 0 0 0
0 0 0 0 1 0
0 0 1 0 0 0
0 0 0 0 0 1
0 0 0 0 1 0
0 0 0 0 0 1
0 0 0 0 1 0
0 1 0 0 0 0
1 0 0 0 0 0
1 0 0 0 0 0
0 1 0 0 0 0
0 0 0 0 1 0
0 1 0 0 0 0
0 0 0 0 0 1
0 0 0 0 0 1
0 0 0 0 1 0
0 1 0 0 0 0
0 1 0 0 0 0
0 0 1 0 0 0
0 0 1 0 0 0
0 1 0 0 0 0
1 0 0 0 0 0
0 0 0 0 1 0
0 0 1 0 0 0
0 0 0 1 0 0
0 1 0 0 0 0
0 0 0 0 0 1
1 0 0 0 0 0
0 0 0 0 1 0
0 0 1 0 0 0
0 0 1 0 0 0
1 0 0 0 0 0
1 0 0 0 0 0
1 0 0 0 0 0
1 0 0 0 0 0
0 1 0 0 0 0
0 0 1 0 0 0
1 0 0 0 0 0
0 0 1 0 0 0
0 0 0 0 0 1
0 1 0 0 0 0
0 1 0 0 0 0
1 0 0 0 0 0
0 1 0 0 0 0
0 0 0 1 0 0
0 0 0 1 0 0
0 0 0 1 0 0
0 0 0 0 1 0
0 0 0 0 1 0
0 0 0 0 0 1
0 0 0 0 0 1
0 1 0 0 0 0
0 0 0 1 0 0
0 0 0 0 1 0
0 0 1 0 0 0
0 0 0 1 0 0
0 0 1 0 0 0
0 0 0 0 0 1
0 0 0 0 1 0
0 0 1 0 0 0
0 1 0 0 0 0
0 1 0 0 0 0
1 0 0 0 0 0
1 0 0 0 0 0
0 0 0 0 1 0
0 1 0 0 0 0
0 0 0 1 0 0
1 0 0 0 0 0
0 0 0 1 0 0
0 0 0 0 1 0
0 0 0 0 0 1
0 1 0 0 0 0
0 0 1 0 0 0
0 0 0 0 0 1
0 0 1 0 0 0
1 0 0 0 0 0
0 0 0 0 1 0
0 0 1 0 0 0
0 0 0 0 1 0
0 0 0 1 0 0
0 0 0 0 1 0
1 0 0 0 0 0
0 0 0 1 0 0
0 0 0 1 0 0
0 1 0 0 0 0
1 0 0 0 0 0
0 0 1 0 0 0
0 0 0 0 1 0
0 0 0 0 0 1
0 0 0 1 0 0
0 0 0 1 0 0
0 1 0 0 0 0
0 1 0 0 0 0
0 0 0 1 0 0
0 0 0 0 1 0
0 0 0 1 0 0
0 1 0 0 0 0
0 1 0 0 0 0
0 0 1 0 0 0
0 1 0 0 0 0
0 0 0 0 1 0
0 0 0 0 1 0
0 0 0 0 0 1
0 0 0 1 0 0
0 1 0 0 0 0
0 1 0 0 0 0
0 1 0 0 0 0
0 0 0 0 0 1
0 0 0 1 0 0
0 1 0 0 0 0
0 0 0 0 0 1
0 1 0 0 0 0
0 0 0 1 0 0
1 0 0 0 0 0
0 0 1 0 0 0
0 0 0 0 0 1
0 0 1 0 0 0
0 0 1 0 0 0
1 0 0 0 0 0
1 0 0 0 0 0
0 0 0 1 0 0
0 0 1 0 0 0
0 1 0 0 0 0
0 0 0 0 1 0
0 0 0 0 0 1
0 0 0 0 0 1
0 0 1 0 0 0
0 0 0 0 0 1
0 0 1 0 0 0
0 0 0 1 0 0
0 0 0 1 0 0
0 0 0 0 0 1
1 0 0 0 0 0
1 0 0 0 0 0
0 1 0 0 0 0
1 0 0 0 0 0
0 0 0 0 0 1
1 0 0 0 0 0
0 1 0 0 0 0
0 0 0 1 0 0
0 1 0 0 0 0
0 0 0 1 0 0
0 0 0 0 0 1
1 0 0 0 0 0
0 0 0 1 0 0
0 1 0 0 0 0
1 0 0 0 0 0
0 1 0 0 0 0
1 0 0 0 0 0
0 0 0 0 0 1
0 0 1 0 0 0
0 0 0 0 1 0
0 0 0 0 1 0
0 0 1 0 0 0
0 0 0 0 0 1
0 0 0 1 0 0
0 0 0 1 0 0
0 0 0 0 1 0
0 1 0 0 0 0
0 0 0 0 1 0
0 0 0 0 0 1
0 0 1 0 0 0
0 0 0 0 1 0
0 1 0 0 0 0
0 0 0 0 1 0
0 1 0 0 0 0
0 1 0 0 0 0
0 0 0 0 0 1
0 0 1 0 0 0
1 0 0 0 0 0
0 0 0 0 1 0

Capacidades:
58 44 52 0 53 40
38 55 49 27 0 23
51 58 22 57 30 56
38 58 36 23 47 0
0 31 26 47 0 27
53 35 39 55 26 44
20 0 0 29 41 26
56 32 59 0 33 57
56 0 0 54 36 0
33 0 25 31 54 0
