m: 1000
n: 10
p: 6

Distancias:
5.23 4.06 6.05 8.37 8.68 2.97 6.19 8.31 7.72 8.97
6.40 5.39 7.02 1.96 3.90 1.30 3.53 4.22 2.32 3.59
7.98 3.16 3.74 9.25 2.56 5.62 8.88 7.20 7.88 1.65
4.84 8.13 9.54 3.82 4.11 8.08 8.08 7.22 8.63 3.40
7.24 8.49 1.66 7.67 9.41 5.35 1.56 2.02 5.49 4.10
6.88 8.46 1.66 8.40 9.35 4.48 5.09 6.40 8.08 1.98
4.82 6.36 6.43 2.18 1.93 4.71 8.74 9.84 3.22 1.92
6.54 5.12 4.82 4.75 2.22 2.95 8.96 6.98 5.63 5.92
3.96 1.62 9.77 3.28 2.67 3.65 7.23 5.12 2.83 9.41
4.35 5.55 5.08 4.88 2.67 6.79 7.04 9.93 8.29 5.03
2.37 3.65 7.79 7.06 1.68 1.95 5.70 2.25 2.50 9.57
5.50 4.53 4.75 2.13 9.48 6.10 6.96 3.69 7.65 3.35
4.52 1.28 7.71 3.72 1.69 2.67 8.91 2.82 6.35 9.39
3.72 2.96 8.88 1.78 8.31 4.45 4.22 6.59 7.88 8.17
9.10 1.94 7.31 4.69 3.65 2.81 4.59 9.02 8.46 9.06
3.68 8.80 4.94 9.00 4.38 3.77 3.83 4.37 6.21 6.96
3.49 5.95 8.58 5.34 2.25 1.82 2.77 3.25 5.43 3.09
6.59 6.95 8.19 8.86 4.92 5.07 1.08 5.69 1.62 4.12
1.87 6.52 6.51 7.86 5.15 8.83 8.33 5.45 6.07 3.67
6.22 9.78 8.19 1.38 7.59 8.81 6.11 6.86 9.68 3.14
2.39 5.30 5.91 3.01 4.27 7.46 7.39 3.39 1.09 9.23
5.39 9.61 8.83 5.01 8.70 9.54 4.40 7.80 2.91 2.22
9.31 4.91 8.68 1.41 7.69 2.46 7.29 4.56 2.33 5.79
9.48 3.32 9.55 5.73 3.74 5.94 1.80 6.96 9.74 7.11
1.99 6.43 6.58 3.52 3.06 4.27 4.44 5.55 7.44 5.42
9.69 5.83 3.24 3.02 4.20 4.37 5.24 5.90 1.29 9.31
5.80 8.41 8.76 3.94 3.67 7.20 4.22 6.37 5.24 7.64
3.44 6.20 3.02 1.72 9.30 9.18 5.08 9.93 7.56 4.63
2.24 4.35 7.96 9.98 4.18 8.13 8.29 2.17 4.77 7.13
7.92 3.04 9.79 9.59 1.20 6.76 4.85 9.08 4.00 5.91
3.96 1.53 9.31 2.06 7.84 1.86 8.93 8.43 3.54 1.17
7.88 6.00 7.93 9.49 5.58 4.80 5.03 7.87 3.24 3.33
2.94 3.27 8.94 2.36 5.51 2.44 5.47 7.98 4.65 3.36
1.55 3.12 5.96 1.85 6.59 2.84 2.15 9.11 3.65 1.39
9.91 3.22 8.09 8.01 9.51 7.59 5.06 7.01 9.20 2.73
2.37 3.82 9.12 9.10 8.77 6.85 5.92 3.71 3.53 9.30
5.62 6.18 5.92 6.86 6.26 1.91 4.97 6.86 2.70 9.76
7.78 3.28 1.02 1.28 9.68 8.75 7.59 6.32 1.37 7.22
3.39 1.50 4.45 1.45 8.47 1.42 2.51 7.91 8.74 5.16
7.40 9.76 7.35 3.71 1.71 5.23 2.55 5.21 4.47 4.44
6.90 7.09 9.88 8.53 9.58 3.93 4.59 7.23 2.73 3.24
8.85 6.55 1.36 7.46 3.53 6.30 8.51 8.43 2.95 9.85
5.47 3.28 8.84 3.13 6.61 5.93 2.42 9.69 2.56 6.18
7.29 9.77 4.62 7.50 7.23 2.21 2.62 6.92 1.75 7.25
2.22 6.20 2.99 8.37 1.52 3.81 4.56 5.92 6.60 3.63
8.61 5.85 2.05 5.70 1.29 7.34 8.05 3.82 7.58 1.51
7.83 4.33 7.63 5.40 8.12 4.71 3.33 5.12 4.43 6.24
1.38 5.47 7.69 5.83 1.32 2.19 1.16 8.77 9.07 3.01
3.42 7.21 1.62 8.32 8.87 8.79 1.65 5.64 6.40 1.61
3.93 6.78 2.57 2.75 1.05 8.81 2.96 6.29 5.70 7.92
4.97 8.55 7.75 7.93 1.63 1.08 5.73 1.33 1.88 5.36
6.07 4.39 9.00 9.01 6.85 1.28 1.07 2.67 4.41 1.10
3.75 6.22 6.68 8.00 3.97 5.03 6.34 2.31 8.18 7.27
8.43 1.05 9.86 6.92 3.05 1.28 7.66 2.40 9.60 3.56
9.10 8.22 1.66 4.28 5.38 3.98 8.76 7.08 7.86 2.08
3.17 4.59 1.77 7.55 9.62 2.54 4.48 6.03 7.73 7.59
6.48 4.77 1.99 9.33 2.55 8.09 3.38 9.17 6.35 1.50
2.35 1.16 8.41 7.28 2.22 3.56 4.92 9.44 7.48 2.02
1.26 5.40 3.56 2.51 3.11 9.27 7.25 1.58 5.01 9.85
2.35 3.23 7.67 4.06 1.63 6.00 8.99 8.43 7.68 7.51
2.31 9.62 3.51 3.04 7.58 6.36 5.89 9.44 8.50 1.85
6.62 7.02 9.66 7.32 7.90 9.46 2.18 9.54 3.86 4.04
8.09 1.40 6.28 8.66 1.06 7.15 3.04 9.48 2.08 7.23
8.96 3.15 9.00 6.87 1.73 4.77 3.34 6.91 4.04 2.74
5.70 6.23 8.29 8.61 9.30 4.85 9.80 9.11 7.79 3.88
4.51 2.67 2.91 3.44 7.70 1.81 5.53 7.94 4.35 2.14
5.22 6.84 4.50 9.88 6.36 5.14 8.33 2.59 7.72 7.72
1.41 3.49 6.57 7.84 3.83 5.25 6.10 7.13 9.32 7.31
5.21 5.88 7.43 4.38 5.27 4.67 9.20 7.63 6.21 4.68
9.99 5.21 3.54 8.00 9.01 9.53 1.12 5.11 7.23 3.61
4.07 5.55 6.18 3.50 2.31 5.55 4.00 2.08 3.28 2.66
7.19 7.34 2.46 6.11 8.36 1.32 7.78 4.94 3.25 8.13
7.25 6.09 8.16 9.63 8.26 4.93 3.72 5.51 6.14 8.92
4.11 2.51 7.44 8.92 8.07 4.88 7.04 4.42 2.32 5.77
6.92 4.23 3.97 1.16 4.34 7.24 2.76 7.94 5.27 8.37
1.81 8.92 4.40 9.25 1.98 8.03 6.22 1.80 5.91 6.25
9.50 4.12 2.06 9.00 8.49 5.28 8.92 1.54 8.71 7.67
7.47 4.81 1.20 9.60 5.20 9.80 8.34 5.00 3.84 6.74
8.59 9.50 1.91 5.67 8.48 4.61 4.50 4.12 8.86 7.09
9.75 6.55 2.74 8.77 1.97 1.38 1.67 6.26 3.79 7.84
9.38 3.90 7.79 1.32 3.57 4.32 9.23 8.59 4.40 2.50
2.60 7.99 8.87 6.71 4.27 9.04 1.11 4.03 7.90 6.25
5.09 8.03 3.07 8.95 6.83 1.81 6.96 4.34 9.92 3.63
7.10 7.55 7.16 6.72 4.71 1.97 1.59 8.73 9.02 8.37
3.65 5.44 8.66 4.09 6.09 1.80 7.02 4.80 6.57 7.96
3.18 9.28 4.50 2.26 6.91 9.05 3.75 8.58 9.66 9.77
4.61 7.39 4.89 4.31 7.47 7.16 4.07 5.59 7.85 8.55
3.96 9.51 8.38 3.72 1.51 5.36 5.41 4.35 1.36 4.89
3.59 2.73 9.36 6.35 5.14 3.75 7.49 1.96 2.35 9.36
6.94 2.06 8.85 8.71 4.74 9.22 5.87 9.68 9.86 3.69
1.23 7.50 7.14 8.08 2.59 1.18 5.30 5.36 1.89 3.67
3.03 2.86 2.89 9.19 2.56 4.90 8.65 3.31 3.96 7.82
8.11 7.82 2.34 2.69 4.47 9.87 2.91 5.80 1.66 5.33
1.12 8.09 3.63 3.43 7.32 5.94 6.67 2.78 8.05 1.10
6.60 6.85 7.01 8.48 1.60 1.06 4.60 1.40 2.98 3.63
2.11 2.90 3.78 7.56 9.62 1.27 7.57 3.24 3.57 8.74
6.22 8.30 6.99 6.94 6.19 1.57 5.36 6.91 9.39 7.53
3.79 4.75 6.32 5.64 5.01 3.14 7.55 3.27 5.49 5.49
5.93 4.28 9.88 7.96 5.20 3.44 4.25 3.73 8.79 1.87
6.09 4.54 1.02 5.44 8.14 3.30 6.02 4.27 5.44 5.34
5.78 6.24 5.46 6.14 8.45 2.03 4.42 5.42 6.65 3.47
4.58 9.06 4.78 3.23 4.88 8.95 7.29 6.71 4.75 2.15
3.89 2.46 9.23 1.31 5.40 7.43 6.37 1.40 6.88 9.00
4.87 8.99 7.04 3.35 8.15 4.84 9.36 2.39 2.97 7.60
7.69 7.46 5.04 1.87 9.94 8.54 9.71 6.10 8.97 5.23
4.81 4.83 9.18 1.14 3.37 5.04 5.37 6.56 5.38 9.10
2.15 8.74 7.87 2.62 9.82 8.68 1.78 6.37 1.38 9.17
9.13 3.86 1.04 7.56 5.10 4.04 1.58 8.30 4.38 6.10
1.80 4.72 9.08 6.20 6.65 7.80 9.86 1.24 2.48 7.69
2.21 4.51 4.27 7.78 1.81 6.44 7.32 6.75 1.72 9.53
2.87 8.49 4.92 7.40 3.70 1.25 4.38 8.81 8.02 2.69
8.80 7.90 1.44 8.75 5.19 9.37 5.09 5.83 2.61 4.40
5.07 2.69 3.00 6.51 6.29 5.69 4.41 6.78 9.66 1.38
7.71 8.97 9.22 9.20 7.03 8.65 7.45 3.36 2.24 5.81
1.78 1.17 4.82 3.98 1.03 5.10 5.19 8.65 8.48 8.90
8.09 9.78 3.37 4.62 6.09 8.01 2.56 9.60 5.29 5.31
8.69 1.22 1.30 6.42 2.66 9.40 8.58 5.37 1.63 1.37
6.40 9.43 4.96 1.08 10.00 4.98 8.62 5.02 9.95 2.67
2.24 8.89 7.48 5.72 7.60 9.99 1.73 6.15 2.69 9.80
5.76 1.57 5.81 6.96 2.83 9.46 1.14 2.18 8.61 4.56
7.11 6.04 8.56 8.38 8.45 7.19 2.45 1.90 6.88 4.37
1.28 1.48 4.02 4.13 6.35 2.25 2.91 2.68 8.55 3.26
8.18 6.94 2.24 5.49 5.91 2.48 4.53 5.07 9.33 7.85
2.18 3.00 8.01 7.34 1.48 7.26 7.03 9.11 1.23 9.29
2.41 7.34 1.51 2.94 4.92 3.86 4.00 4.69 2.14 6.54
1.76 4.74 8.15 7.84 2.34 3.54 5.70 7.63 9.46 7.84
6.69 9.57 8.01 6.24 5.71 8.36 2.13 8.98 2.54 9.07
2.88 3.15 9.30 6.59 3.54 9.74 7.81 6.31 4.02 9.81
7.38 5.38 1.38 2.45 4.67 2.67 7.65 7.93 2.25 2.71
6.49 2.81 5.32 3.26 3.74 8.45 4.00 3.22 3.44 6.28
6.08 5.87 7.62 7.13 5.68 2.64 1.06 5.31 3.84 8.52
1.89 9.44 9.22 7.91 3.73 8.61 4.35 8.84 4.78 3.48
8.74 3.28 9.37 7.97 3.50 7.65 8.22 6.04 8.60 7.59
5.38 2.26 1.68 1.93 1.33 5.55 6.32 8.88 3.23 1.34
2.85 4.05 6.67 5.70 6.13 5.55 3.62 3.30 2.60 8.72
2.49 8.85 7.90 1.96 1.45 8.04 7.45 1.45 6.12 5.30
3.31 2.50 8.95 6.61 3.99 7.29 8.56 5.64 6.40 2.49
9.06 2.77 2.23 3.27 9.67 5.15 7.87 5.45 4.65 9.39
2.82 9.62 3.39 8.95 5.02 8.82 3.65 7.43 9.53 2.01
2.18 1.38 3.49 4.31 2.16 9.41 5.08 1.51 7.46 6.03
9.11 1.48 8.68 9.56 1.24 3.52 1.33 2.47 5.02 7.92
9.85 4.40 5.05 4.45 6.82 6.59 2.24 9.27 1.80 3.44
1.04 5.71 9.63 2.76 6.77 9.20 7.91 2.74 2.43 9.25
1.69 5.43 5.63 4.57 6.91 3.45 9.13 6.97 2.32 2.92
8.72 5.64 6.77 8.07 8.36 1.58 4.68 1.25 8.68 5.72
8.90 4.59 1.71 8.95 2.35 6.25 3.84 2.74 9.11 4.88
3.06 1.61 3.78 2.07 9.32 2.36 1.59 5.30 2.22 4.26
3.65 6.55 1.17 4.77 5.52 7.94 4.38 1.15 2.54 3.25
7.71 5.56 7.84 4.53 4.59 1.16 1.82 3.41 6.04 2.56
3.14 1.96 4.21 6.02 1.47 2.85 6.49 6.03 8.98 7.57
3.87 1.08 1.53 9.72 5.23 4.29 9.24 4.92 9.85 4.48
5.90 6.47 9.90 7.89 5.59 4.89 5.19 7.91 8.14 8.44
4.61 1.88 6.57 7.94 3.35 7.00 7.36 9.97 7.89 5.26
8.56 3.17 1.57 7.80 9.00 3.77 4.88 1.84 7.80 2.06
4.40 5.84 5.21 7.90 6.29 7.95 4.45 8.32 4.20 3.94
2.66 6.39 1.87 4.38 7.47 3.97 7.20 5.69 1.78 5.59
9.42 2.60 3.15 9.36 8.89 5.53 6.89 8.15 9.17 7.91
7.55 6.28 5.09 5.91 8.57 5.35 4.20 2.12 2.32 7.44
3.85 7.39 5.21 1.17 3.25 7.21 3.15 2.98 4.70 9.66
6.92 6.88 1.59 3.93 8.66 3.85 2.07 5.23 1.94 8.16
1.87 6.67 8.52 6.01 5.58 5.22 6.36 8.97 9.44 5.01
9.68 5.80 6.07 3.83 1.16 8.65 3.81 9.48 7.71 2.76
1.30 4.83 9.96 3.25 8.74 1.16 3.78 6.47 5.21 7.12
8.14 7.81 2.74 9.31 9.49 7.26 7.39 7.39 8.65 5.91
8.67 1.23 5.80 8.86 1.42 1.33 2.66 3.67 4.53 2.80
8.79 3.29 8.42 1.37 5.70 4.83 7.52 2.17 4.36 2.63
9.20 4.60 1.70 3.84 7.23 9.08 9.33 7.21 3.70 9.43
4.04 2.86 3.84 2.37 9.87 6.90 4.57 4.75 8.10 8.45
9.62 7.15 6.84 4.47 3.95 6.12 6.82 1.70 5.09 2.41
8.71 3.30 3.75 5.46 6.92 2.78 8.05 9.66 3.59 8.20
9.24 1.86 9.36 5.54 4.33 1.58 6.11 8.66 9.89 1.20
3.94 8.17 2.28 3.47 2.27 1.23 2.50 8.72 5.62 5.84
1.99 9.63 8.39 2.48 7.81 9.09 9.50 3.05 1.03 5.38
3.59 9.39 2.76 8.10 5.87 4.75 4.82 2.86 3.99 6.29
5.95 8.89 6.64 1.78 3.18 4.58 5.11 8.30 7.08 2.28
8.25 1.45 4.44 2.96 5.94 6.33 4.12 9.09 6.58 6.59
4.36 2.34 7.77 8.50 2.76 3.89 6.62 7.52 1.14 4.79
8.88 4.12 4.26 7.27 4.93 5.81 1.22 3.23 1.95 1.86
2.52 6.95 7.81 3.41 7.51 2.45 4.12 4.42 6.76 8.66
1.67 6.18 3.94 5.19 4.91 8.20 3.94 1.96 3.92 2.16
5.00 4.79 8.62 7.71 9.65 7.58 9.47 9.86 1.11 5.82
1.41 6.92 1.05 5.05 1.99 6.70 6.94 2.31 1.40 7.52
1.69 2.33 3.54 9.33 5.28 6.40 9.58 7.87 5.83 9.87
3.21 7.12 5.14 1.22 4.65 7.01 6.40 9.20 9.69 9.88
4.16 6.25 7.22 4.08 7.56 8.95 9.69 8.96 8.60 1.60
1.49 4.92 9.38 6.59 9.41 3.47 2.63 2.29 7.21 5.76
6.24 2.64 6.04 7.90 4.32 3.55 9.90 4.91 3.91 1.02
9.07 3.42 8.78 5.94 6.00 1.39 7.37 7.57 1.92 6.63
5.67 2.60 3.98 3.08 1.19 1.92 4.13 5.29 4.76 5.32
5.61 2.11 9.40 2.63 2.37 8.24 8.31 2.35 5.51 3.69
3.26 8.20 1.80 7.28 6.02 4.07 2.55 4.05 5.76 3.02
8.91 6.12 7.14 9.62 4.20 2.64 4.59 8.96 3.39 4.56
3.15 8.39 9.09 5.45 9.38 9.97 8.26 9.77 9.12 9.31
9.78 1.28 7.49 2.20 5.57 2.17 9.01 4.40 2.52 8.21
7.39 7.04 3.76 3.75 5.06 2.60 1.30 8.71 8.54 5.87
2.20 7.50 7.82 3.72 4.33 8.77 5.86 4.01 6.21 5.18
1.96 8.34 5.41 3.37 9.88 1.83 9.59 1.49 1.84 9.85
3.66 4.24 2.95 2.51 9.80 9.22 3.95 4.35 6.29 9.28
3.63 6.60 9.29 7.16 9.83 8.13 8.48 4.25 6.44 8.16
2.80 6.02 9.51 4.76 3.87 9.84 6.00 9.47 9.11 7.48
6.01 3.40 5.84 3.61 7.63 1.22 3.85 4.46 6.03 8.27
5.79 6.76 1.71 8.76 8.58 7.02 8.12 1.03 8.75 9.81
5.34 4.64 2.55 8.15 1.44 4.12 5.40 4.81 1.34 9.71
8.57 7.99 9.15 6.75 1.17 2.26 9.93 3.59 1.28 8.78
7.26 2.39 2.85 4.86 8.60 6.20 2.42 6.01 4.22 2.11
7.32 8.92 3.72 5.38 4.54 5.80 4.75 6.47 6.26 4.11
9.48 7.30 8.29 8.84 7.41 2.12 8.06 1.80 3.37 1.70
8.65 2.44 4.89 1.92 1.78 6.76 8.35 1.92 2.59 4.53
5.60 2.22 4.59 6.88 2.24 1.07 2.54 6.23 9.06 9.03
1.41 7.23 6.59 6.97 5.72 8.05 1.66 9.24 2.73 8.87
8.34 6.82 4.12 1.58 1.98 3.86 5.29 2.09 5.18 2.49
1.18 5.27 7.75 2.74 1.75 2.55 7.65 5.95 4.21 3.44
2.51 4.25 7.00 9.19 5.48 1.86 2.59 4.76 1.51 9.71
9.33 8.97 6.52 1.01 3.01 1.42 5.61 8.41 6.72 5.91
9.00 4.61 6.36 9.15 2.41 7.92 9.59 5.63 4.90 9.04
5.10 8.21 9.08 9.67 2.02 6.70 7.93 9.88 4.90 3.17
5.95 6.10 5.57 3.56 8.60 6.66 8.93 8.92 2.48 8.29
4.67 3.45 3.52 7.21 8.12 4.55 3.49 9.13 2.59 2.17
3.13 8.92 3.06 1.64 5.78 3.99 6.16 8.91 9.75 8.07
5.24 5.51 8.77 5.59 7.20 9.68 6.19 9.60 3.47 6.65
9.42 3.38 8.17 4.74 6.22 5.10 5.90 5.30 8.20 5.49
7.09 3.68 4.39 8.83 7.49 4.56 5.90 2.38 9.81 3.54
1.34 2.94 4.36 7.00 7.94 3.56 5.44 1.13 4.93 4.52
3.29 9.74 2.67 1.85 5.73 8.57 6.20 9.50 3.01 4.12
6.68 9.11 6.81 1.01 9.58 3.29 7.37 7.00 1.14 1.82
4.76 7.22 3.64 5.00 5.83 3.37 3.08 4.29 4.40 9.22
5.02 7.47 8.08 5.08 5.58 9.11 9.63 2.61 9.71 4.12
2.09 9.39 7.22 7.78 8.91 1.67 6.87 5.53 8.69 1.76
4.15 8.78 5.67 4.36 8.52 4.26 1.35 2.49 4.01 5.42
1.75 5.91 3.83 8.16 6.34 2.54 5.72 4.43 2.27 8.08
1.39 4.06 5.43 5.32 7.67 6.90 4.63 8.12 1.60 2.04
6.59 6.48 9.34 9.50 1.09 8.38 4.33 5.91 4.25 6.55
7.06 4.06 2.87 7.86 8.74 3.46 3.31 6.81 2.34 2.60
1.37 5.62 4.33 9.66 1.10 8.96 5.32 9.80 6.51 1.98
9.81 4.86 7.11 8.98 5.43 7.23 7.34 1.24 2.80 2.78
8.47 2.50 2.61 2.62 8.01 5.14 2.94 1.73 7.52 2.44
5.52 8.99 1.48 6.20 6.30 3.89 2.94 5.50 9.19 8.86
7.15 7.81 3.33 7.62 5.20 9.82 1.86 7.77 5.06 1.60
2.41 7.69 9.08 5.58 2.81 6.36 6.74 3.63 8.16 6.54
4.81 1.92 6.12 7.26 7.04 8.91 7.89 3.98 6.69 1.10
8.09 4.27 7.21 6.27 6.71 9.24 2.17 9.65 7.25 3.35
9.76 9.75 7.60 5.65 2.92 1.41 6.75 7.83 8.43 2.28
9.35 8.75 5.55 4.36 3.13 9.82 5.10 6.45 7.35 6.98
8.81 8.89 6.02 7.37 3.81 6.75 3.24 8.57 8.82 5.20
2.60 4.66 1.79 5.07 1.62 2.82 5.57 7.14 8.19 4.11
3.08 5.36 9.06 2.59 8.01 7.91 7.09 1.92 3.61 8.48
1.53 2.09 9.03 2.02 1.98 6.78 6.17 9.43 10.00 3.59
7.39 8.49 9.73 7.37 9.31 7.70 4.43 4.51 7.35 8.69
4.84 9.86 2.44 9.73 3.46 9.38 6.95 2.59 5.04 9.30
9.67 9.42 3.57 7.23 5.41 7.97 9.87 7.26 3.92 2.13
8.65 5.20 3.71 5.23 1.66 1.21 1.05 1.73 9.28 1.80
6.74 4.71 6.48 8.12 8.80 7.23 2.83 4.65 9.12 9.62
2.78 4.69 2.11 5.70 4.33 2.50 2.07 5.07 1.66 1.91
4.12 5.60 3.32 6.21 1.04 2.71 4.24 5.48 6.98 6.98
3.61 9.11 9.67 2.24 5.46 1.50 7.03 9.36 8.21 2.73
1.44 3.16 2.49 3.93 4.72 9.50 4.29 3.77 2.67 6.77
2.55 9.52 9.17 1.61 9.42 8.04 2.55 7.07 8.36 8.25
8.09 4.38 6.39 8.35 3.57 6.82 5.96 2.70 7.01 5.95
2.03 6.11 5.72 6.39 5.73 4.54 9.97 2.99 4.64 3.10
7.21 6.48 2.61 8.25 1.03 5.20 2.95 6.45 9.72 1.04
1.57 1.13 1.83 3.65 9.12 4.62 5.16 1.28 6.86 6.24
2.12 8.12 5.72 2.62 5.42 9.10 4.20 2.83 9.67 6.93
8.84 9.35 7.68 1.28 3.21 6.52 5.02 1.05 4.47 8.55
3.76 4.25 8.76 2.07 9.29 5.27 5.86 8.80 5.68 2.95
6.48 3.15 5.13 2.44 4.14 1.08 4.50 5.65 2.70 9.95
9.59 4.11 4.50 8.81 6.27 3.74 9.19 9.28 3.01 1.56
6.75 2.35 9.90 3.83 2.90 8.10 8.41 8.13 8.82 6.61
6.41 6.37 8.39 3.67 8.33 1.28 7.58 5.33 7.75 9.83
9.08 1.28 9.23 1.34 1.14 6.75 8.04 9.64 5.85 7.12
2.72 5.85 2.14 6.82 9.16 4.28 1.35 7.83 2.57 4.33
9.48 6.81 1.07 1.50 3.81 6.04 1.06 9.41 7.21 6.10
4.30 1.04 5.15 8.64 8.64 4.59 8.34 9.34 7.24 7.08
2.34 6.48 1.04 3.60 2.58 6.47 4.99 1.23 9.46 1.27
3.01 4.94 7.09 8.38 5.34 3.70 3.81 9.01 1.88 8.76
3.24 3.73 7.28 2.12 5.25 5.79 5.27 1.66 4.39 6.34
3.21 1.26 3.07 8.06 3.21 7.92 8.87 4.30 6.22 5.07
5.55 6.20 7.83 4.93 7.04 4.38 9.08 8.61 2.43 1.50
8.83 9.65 9.54 9.41 9.54 2.80 5.73 8.60 7.72 3.90
1.54 5.78 7.60 3.05 1.67 5.46 2.29 8.07 7.67 6.14
2.25 2.52 5.05 7.73 6.36 6.30 2.48 3.53 1.02 9.09
7.55 6.83 4.78 7.43 1.53 4.01 1.36 4.32 6.74 2.45
9.32 9.16 9.56 6.17 4.29 3.44 1.86 7.25 6.05 6.57
9.04 6.11 7.39 5.14 5.83 8.07 8.10 2.16 4.39 9.09
6.39 5.21 6.75 5.50 6.96 2.12 2.23 9.43 7.71 6.08
6.42 7.67 2.17 8.66 3.42 7.07 7.52 7.69 4.71 4.37
7.25 4.51 8.89 8.19 4.69 8.48 2.26 4.89 9.70 3.68
5.57 6.92 7.34 2.52 4.97 1.78 3.69 7.49 5.77 8.13
8.92 2.79 5.06 6.19 4.28 5.71 9.44 7.06 8.83 2.40
2.89 9.80 4.08 9.04 3.09 6.21 5.88 2.82 5.04 1.73
9.67 5.07 3.55 2.96 9.72 4.32 3.17 8.99 5.72 1.51
2.50 7.95 1.43 6.37 7.60 5.79 3.82 7.62 6.66 5.93
9.17 6.77 9.52 8.68 7.17 3.28 8.61 8.83 7.81 2.66
4.25 7.17 8.34 7.58 6.75 9.90 2.70 2.30 5.70 7.44
6.42 9.00 1.44 7.96 9.66 4.68 2.10 5.67 9.75 5.22
4.14 9.84 1.60 6.97 4.98 5.08 8.24 1.83 3.99 8.33
1.32 7.04 5.71 9.36 2.37 2.10 7.61 4.03 4.20 9.58
8.31 2.40 5.94 4.77 5.84 9.50 8.44 1.44 3.90 7.25
1.77 3.87 5.55 4.99 4.26 9.89 9.45 3.32 3.47 5.62
7.59 6.80 9.37 3.22 4.62 6.45 7.91 2.94 6.63 1.49
4.22 1.90 5.59 8.41 9.35 8.84 5.26 9.11 9.62 4.26
6.63 2.06 3.26 6.29 7.53 5.86 6.84 5.55 3.98 4.42
6.79 7.84 7.96 4.37 2.99 9.03 5.92 8.36 7.90 7.47
6.38 5.80 6.69 2.98 4.04 3.01 6.62 1.75 1.12 9.52
5.76 7.46 7.88 7.51 7.29 4.44 8.92 5.92 3.87 6.58
4.80 8.28 4.26 4.89 5.65 1.94 4.48 7.84 3.73 2.10
3.68 1.41 1.29 1.34 6.92 5.60 7.36 2.17 4.67 1.94
9.88 7.44 7.89 7.99 4.74 5.20 4.03 5.69 9.73 5.53
7.45 8.45 5.96 4.04 3.41 1.51 9.30 6.22 9.25 1.06
7.34 4.82 6.20 3.39 8.05 5.88 8.44 4.22 4.28 6.96
8.30 1.47 9.33 5.73 4.71 1.84 5.86 3.13 2.47 7.99
7.18 5.72 6.83 3.57 2.56 5.51 7.44 9.53 9.18 2.46
4.61 5.72 6.38 8.04 8.88 5.98 6.48 7.05 4.66 3.89
1.52 1.18 4.50 4.42 8.09 9.30 3.00 1.86 1.34 8.53
9.71 4.27 5.26 1.40 5.08 9.93 2.49 8.13 7.31 5.93
1.62 1.35 4.85 4.51 5.19 7.30 2.90 7.29 6.11 5.77
7.17 2.31 9.32 7.69 7.94 6.19 8.73 6.72 8.96 1.34
5.40 5.23 2.81 5.32 2.94 7.46 6.33 8.19 6.82 4.52
9.12 4.69 3.29 3.87 6.05 5.18 3.40 9.09 8.41 3.72
2.52 2.20 1.77 7.88 9.13 3.25 2.68 3.00 5.06 1.64
8.46 6.69 6.76 8.41 5.53 6.56 9.09 7.51 5.59 3.80
7.95 3.01 3.19 7.54 9.70 2.28 6.44 8.80 9.09 3.19
8.42 8.07 6.45 6.11 1.37 6.70 6.10 7.35 2.99 5.75
2.00 6.95 1.66 9.07 3.80 9.57 7.62 9.13 5.47 7.36
5.26 8.02 7.80 7.94 6.02 3.44 2.24 1.38 9.24 4.73
3.27 7.57 7.21 8.77 2.23 5.28 7.76 8.37 5.89 8.50
2.03 6.27 8.93 9.69 7.53 4.62 9.46 2.23 1.90 5.05
6.90 4.31 4.96 2.32 6.31 5.28 6.58 3.63 8.88 8.22
2.12 1.33 3.64 5.68 9.24 7.09 8.73 9.67 6.51 5.45
2.94 9.67 6.58 9.77 2.86 8.84 6.68 6.80 9.42 8.38
3.91 8.80 6.24 6.36 7.38 8.73 5.45 7.74 2.46 9.25
7.77 5.49 8.81 7.16 1.38 7.68 5.55 1.71 9.28 8.72
9.65 8.48 9.75 5.91 6.07 5.32 7.99 4.27 7.02 9.28
6.53 9.26 5.46 6.75 7.32 7.00 7.12 4.29 9.06 1.38
9.16 1.77 1.29 8.68 3.51 9.46 6.53 9.45 4.18 6.50
7.29 9.70 7.40 7.75 8.01 5.21 6.30 5.93 7.31 5.39
6.29 3.15 2.86 3.19 2.98 9.91 4.06 8.33 6.97 3.98
3.26 7.48 7.89 6.71 3.67 7.63 9.03 4.79 9.56 5.72
8.24 8.77 3.68 5.78 3.69 2.07 7.83 3.83 3.61 2.24
6.56 3.26 1.71 5.57 3.09 8.05 4.30 2.92 6.19 1.86
6.67 1.07 4.96 6.92 8.88 8.73 7.41 9.10 9.09 4.35
3.13 8.97 2.36 4.77 5.65 3.49 7.74 7.46 8.78 9.28
6.06 7.22 5.55 2.88 2.84 2.12 4.15 1.17 5.01 9.20
6.93 3.71 6.13 7.05 1.94 2.61 3.42 6.70 9.12 9.84
6.28 6.19 5.59 1.87 1.24 8.48 9.38 9.32 3.19 3.94
9.58 9.48 9.57 5.07 8.95 7.60 3.25 8.37 8.80 6.47
1.84 8.98 8.52 4.82 6.07 7.93 4.44 9.60 6.00 1.46
4.34 5.41 7.70 8.82 8.32 7.48 2.44 8.35 4.94 5.38
4.36 6.19 6.35 3.78 4.27 7.10 8.91 6.56 9.47 6.42
5.30 3.22 4.33 1.00 9.77 5.06 4.66 6.56 7.77 9.89
1.77 6.02 8.77 8.31 4.33 8.76 9.88 6.54 5.26 2.53
4.71 4.08 1.69 3.60 7.67 4.88 9.88 4.35 2.61 3.43
6.71 1.20 7.17 9.46 1.37 2.65 6.24 9.43 3.00 5.60
5.62 5.41 7.46 7.18 9.05 5.18 2.18 4.51 1.03 4.52
2.99 3.33 4.69 1.36 4.42 4.73 1.12 3.32 4.94 9.59
1.10 9.27 3.59 9.84 7.94 9.77 2.06 8.11 5.04 4.70
2.10 6.39 1.90 7.14 5.53 5.87 9.29 9.21 9.05 9.92
4.10 7.38 8.41 3.54 7.70 6.29 4.20 3.13 7.82 5.04
7.79 6.27 9.84 3.72 5.03 5.16 4.67 2.56 1.37 9.37
8.54 4.44 5.34 2.35 9.87 5.18 6.07 4.63 6.57 2.44
3.65 1.49 4.46 8.04 7.79 6.54 8.42 3.05 9.64 9.11
5.51 4.98 3.68 3.64 6.17 4.79 5.06 7.52 2.18 5.95
8.09 5.45 5.35 6.77 7.26 6.68 8.25 7.12 7.45 7.48
6.67 2.73 5.09 3.35 5.12 5.33 8.60 8.37 5.64 3.03
7.39 9.37 8.07 5.40 7.94 5.85 9.54 5.19 2.33 1.05
2.75 9.78 9.31 5.43 5.76 9.06 4.07 4.15 5.82 2.07
1.68 7.75 9.25 6.39 5.79 1.80 3.76 8.45 5.38 2.45
3.75 2.42 7.78 4.54 9.70 1.22 3.33 2.48 3.04 6.46
2.68 6.21 4.29 3.41 8.74 5.45 6.57 6.98 7.93 8.39
8.19 2.45 8.94 7.17 9.13 3.67 1.25 3.37 1.88 1.46
9.19 7.20 2.23 6.62 5.30 7.20 8.46 9.09 9.99 5.50
7.57 8.93 5.58 7.28 3.36 1.53 1.36 1.93 1.56 3.45
6.17 8.94 7.43 6.28 6.29 8.22 2.49 5.04 5.75 6.98
8.50 7.68 9.48 5.78 6.27 2.35 1.27 5.60 4.34 3.49
5.61 5.73 6.53 8.06 4.51 1.82 2.28 7.79 7.59 5.74
3.00 5.39 2.60 1.10 6.10 7.85 9.99 7.78 5.68 5.04
4.41 4.86 7.73 1.34 6.12 5.64 2.74 6.49 8.10 6.96
6.88 5.97 6.84 1.88 2.65 6.40 6.14 7.05 6.55 7.96
1.44 1.63 1.95 6.42 8.32 8.89 9.43 5.88 1.44 6.88
9.45 4.62 6.12 8.09 5.80 1.73 4.92 2.95 9.39 8.81
2.93 3.45 7.35 7.32 6.23 7.50 5.18 7.88 1.82 1.90
6.17 8.84 9.59 8.28 7.25 2.44 9.98 8.93 4.03 3.20
8.93 1.15 5.89 8.15 4.50 9.65 4.56 4.32 8.63 9.39
8.37 1.51 3.62 2.56 8.10 1.21 7.22 7.68 9.10 6.31
2.19 2.01 8.31 8.73 7.96 5.97 2.56 6.14 9.62 1.27
1.72 9.32 7.74 4.61 5.29 4.66 3.70 4.67 1.12 2.81
9.01 9.39 3.46 7.32 8.76 5.17 5.86 3.83 6.82 6.05
1.43 3.59 3.22 9.08 4.60 6.33 3.42 5.58 3.24 9.77
8.60 4.95 4.54 9.54 4.50 4.45 2.08 3.80 3.47 6.80
2.80 1.68 3.24 3.22 4.62 9.85 7.31 5.91 9.31 7.40
9.59 5.06 5.12 7.49 8.92 2.55 1.95 3.86 2.14 1.14
1.17 8.22 9.58 6.08 7.70 3.85 9.97 4.27 1.95 8.37
6.92 9.66 2.25 2.46 7.31 1.08 8.36 4.47 4.32 8.59
8.03 1.58 2.38 7.33 9.04 1.86 9.30 6.59 9.80 2.01
1.46 5.85 3.59 3.23 7.51 8.26 4.12 8.78 4.64 6.76
5.60 4.62 5.68 7.38 9.64 5.25 9.67 8.39 4.07 8.83
7.71 4.80 2.77 7.72 4.39 2.55 4.29 8.55 1.91 3.80
9.28 3.21 2.52 4.76 3.96 4.55 5.06 9.32 2.17 8.17
8.10 5.76 8.83 4.89 1.90 5.91 7.82 9.37 1.08 5.51
9.21 5.48 7.29 2.23 1.96 6.69 1.98 5.51 3.46 1.66
3.91 2.45 4.16 9.96 1.01 6.51 2.42 4.16 7.34 1.29
4.76 3.14 3.73 4.79 5.76 4.10 7.31 5.74 7.11 4.64
5.16 6.65 1.86 5.27 5.74 8.90 4.50 6.07 7.54 1.81
5.77 1.71 4.97 6.26 7.00 1.53 3.39 9.62 5.21 5.44
1.31 4.43 7.59 1.35 5.77 1.14 9.21 6.87 1.66 4.97
5.94 6.19 5.51 7.07 4.47 6.01 6.26 9.05 5.52 9.19
1.56 2.86 2.58 9.04 9.27 7.74 9.46 1.50 5.92 8.62
4.46 8.60 4.55 1.45 6.25 2.43 7.46 3.76 3.24 8.52
6.69 6.72 9.43 1.02 8.84 8.12 2.17 6.75 5.86 3.59
6.51 4.08 2.84 3.70 5.62 4.46 1.05 4.11 3.86 1.66
4.87 6.23 5.26 4.62 3.52 3.07 5.03 6.24 5.70 3.57
5.20 1.99 6.36 5.43 6.00 1.62 5.13 4.54 3.01 4.44
3.42 2.09 7.91 2.33 1.64 1.96 8.40 1.84 3.17 5.76
4.86 6.35 1.66 5.76 4.58 3.28 9.14 9.37 7.86 9.43
2.62 7.67 10.00 3.79 6.74 3.71 4.25 2.46 3.79 1.67
8.44 2.69 1.16 4.20 8.39 9.05 6.74 5.48 1.60 8.58
5.34 8.03 2.51 8.46 8.06 6.24 4.17 2.20 8.38 6.47
7.93 5.17 2.04 9.24 8.28 1.34 5.63 3.27 9.26 3.34
7.74 7.49 5.51 9.56 1.74 7.13 3.95 7.87 6.36 2.78
1.52 8.34 8.25 8.61 6.40 1.16 4.62 2.37 9.93 3.47
5.83 3.02 7.95 6.01 6.73 9.12 9.64 4.18 6.30 6.65
2.84 5.02 3.12 6.99 4.86 2.08 6.13 5.47 8.95 1.40
3.67 7.22 2.60 2.74 6.18 2.68 1.95 6.34 3.60 3.50
5.01 9.33 9.33 2.96 9.75 8.54 4.68 6.44 4.58 2.61
1.06 7.45 1.14 6.60 7.52 7.04 3.37 8.60 5.38 1.44
6.69 8.53 3.20 8.12 2.32 5.53 4.53 5.94 6.03 1.18
6.25 6.85 5.85 6.44 2.48 4.49 8.39 3.57 6.14 5.65
6.24 6.08 6.83 7.10 8.89 6.57 9.91 8.61 1.03 6.92
1.99 6.05 2.13 7.49 3.60 7.40 5.40 7.73 9.49 7.56
9.55 5.36 7.33 1.19 8.20 5.90 8.11 8.30 2.92 1.85
9.86 6.22 7.20 9.79 2.26 6.48 2.29 4.31 4.11 2.99
9.15 6.29 2.84 3.13 6.88 9.47 9.59 4.16 5.98 7.05
1.19 6.89 9.36 4.23 9.27 6.40 8.99 3.90 3.69 8.84
1.05 3.36 3.58 3.08 9.60 6.47 3.73 9.89 9.95 4.36
4.36 5.88 2.23 2.01 8.73 4.57 7.92 1.16 4.17 6.79
8.26 2.68 9.06 7.58 7.39 9.79 2.89 9.68 3.12 1.40
9.13 5.63 8.23 7.93 2.46 9.64 8.83 8.44 6.66 2.35
8.09 6.21 2.13 3.64 4.46 9.98 8.63 5.01 2.14 6.15
5.25 1.90 8.07 4.45 2.74 8.61 7.13 4.96 6.15 6.01
4.90 2.90 8.21 7.96 8.24 7.95 4.82 8.03 6.41 3.14
4.02 6.68 9.92 7.42 9.17 4.59 8.68 8.79 4.44 5.95
5.20 5.52 3.64 5.30 4.63 4.91 7.26 2.84 7.84 2.81
1.75 2.89 4.69 9.25 6.50 9.35 6.88 4.34 3.31 8.06
8.20 5.63 6.96 5.20 6.29 5.87 2.25 2.07 7.24 1.67
1.53 3.92 3.91 4.61 4.32 6.39 1.88 9.00 6.34 7.68
7.34 2.22 7.27 1.90 7.41 2.08 3.73 8.24 6.99 6.93
2.82 3.73 3.87 1.79 6.82 5.69 3.10 2.40 8.39 2.42
4.55 1.93 8.09 9.84 7.23 4.08 3.26 9.73 5.61 4.04
2.55 3.59 9.69 9.77 7.46 9.51 1.39 3.25 9.67 1.03
5.98 8.56 9.67 7.28 2.47 6.47 1.64 1.42 8.89 1.71
1.25 9.24 2.07 7.12 7.46 3.40 1.81 9.59 8.68 6.65
3.29 9.54 8.67 9.32 6.75 5.34 6.01 8.60 1.89 5.11
1.93 5.96 2.27 8.11 8.57 7.29 1.71 8.21 1.11 3.95
1.67 7.41 1.91 4.48 2.55 5.93 6.90 7.32 6.56 3.97
3.31 9.83 4.14 6.01 6.37 2.46 6.77 6.63 6.91 5.70
9.21 1.95 1.18 6.20 7.71 7.72 7.39 8.46 5.83 5.85
7.31 6.35 4.46 3.27 5.78 3.46 8.97 8.30 8.55 4.16
4.66 8.35 1.39 2.95 1.80 2.86 4.15 4.95 6.21 7.22
8.15 9.92 7.82 2.33 2.26 4.80 1.41 6.33 1.75 8.55
5.11 4.82 2.77 9.59 1.17 4.91 9.77 6.37 4.23 3.19
3.15 4.28 9.81 9.90 9.21 6.80 1.50 9.47 5.44 1.41
4.13 8.86 1.39 5.05 2.65 2.56 6.12 5.66 2.81 4.57
3.64 7.17 8.75 7.10 2.57 4.44 4.91 3.51 8.57 3.95
7.93 2.28 4.16 7.16 9.17 1.92 3.50 5.15 7.97 6.76
7.29 8.12 3.22 8.05 7.05 9.83 3.87 7.65 6.28 4.39
8.01 7.92 4.48 8.88 6.18 8.13 2.68 9.06 6.82 6.26
8.60 1.16 9.15 2.84 7.95 6.70 2.62 3.74 5.51 2.01
8.08 6.78 9.88 4.28 2.06 9.58 2.01 3.63 2.94 4.75
4.95 9.44 2.16 8.61 8.06 7.97 5.67 2.82 4.43 2.90
9.71 4.63 5.00 6.53 7.90 3.39 9.16 1.64 9.51 3.37
1.79 8.69 3.57 1.74 7.86 8.90 9.21 1.08 5.98 4.06
1.02 5.59 7.27 3.05 2.76 8.52 9.86 1.90 3.79 9.15
9.03 1.68 5.83 9.90 9.22 6.98 5.90 4.74 2.94 4.37
5.30 6.52 7.70 6.14 3.37 6.34 2.84 1.32 7.17 6.06
6.71 1.97 5.91 1.89 3.09 2.85 7.48 8.15 1.66 8.82
1.06 1.42 5.10 7.54 8.59 9.85 5.41 1.33 5.46 8.95
6.73 8.61 8.45 3.16 8.35 3.47 8.66 6.44 3.50 7.63
7.83 9.22 6.09 7.62 4.90 9.72 6.97 1.49 8.76 6.13
1.72 7.50 3.98 6.61 3.69 6.10 4.86 2.85 9.36 9.80
5.77 3.29 5.65 7.90 3.94 5.38 6.58 7.59 6.17 6.75
3.78 3.32 1.22 5.57 1.79 8.44 5.42 8.43 7.77 1.04
4.52 9.04 4.24 5.33 6.59 7.11 4.03 7.71 1.97 7.91
5.97 8.60 9.83 4.18 6.65 9.03 5.04 2.69 3.59 1.14
8.87 8.33 4.94 9.35 6.55 6.77 5.30 8.08 4.51 7.31
1.67 2.64 4.04 9.51 2.94 6.66 2.40 1.02 4.07 9.82
3.78 3.46 1.08 3.49 9.48 2.03 6.69 6.95 6.30 9.59
3.25 2.18 5.37 1.96 4.40 9.07 7.34 2.61 3.79 1.17
8.01 7.38 7.61 3.49 7.53 8.70 5.92 9.63 7.23 1.99
9.58 2.57 6.14 9.58 1.01 5.27 3.70 7.43 4.31 4.84
6.11 8.19 2.25 7.43 6.35 7.47 7.26 4.23 3.06 5.68
7.38 1.11 4.68 9.47 2.03 5.89 1.09 6.92 3.31 8.74
7.05 5.79 2.60 3.46 5.70 2.56 5.55 5.75 4.06 4.62
9.88 8.62 4.04 3.04 4.34 6.81 2.15 9.20 9.36 9.61
5.58 6.42 6.80 2.06 1.22 1.63 4.52 1.20 2.28 8.64
9.73 2.57 1.06 4.07 7.23 1.28 7.37 6.95 6.96 7.91
2.54 7.48 8.33 8.88 8.94 8.21 6.41 3.49 2.15 4.74
9.09 1.28 8.04 3.78 7.35 2.55 2.14 6.04 1.03 8.41
3.11 5.97 6.18 1.84 7.02 8.20 6.32 4.98 9.96 9.80
5.70 8.52 3.20 7.13 5.43 2.88 1.07 4.50 7.91 2.79
5.68 8.32 6.26 3.01 6.41 9.69 4.55 4.99 7.25 3.99
9.06 9.06 7.41 6.17 2.88 7.39 5.23 2.52 1.34 6.81
6.08 4.21 7.06 1.30 3.91 1.21 1.80 3.65 3.66 4.39
8.53 1.60 2.75 3.58 5.55 5.79 3.70 9.98 5.96 9.09
5.87 7.43 5.43 6.81 6.50 2.09 1.32 8.39 1.98 4.09
5.41 2.23 7.41 2.99 3.01 2.56 5.70 3.09 9.70 6.05
7.59 9.29 6.33 1.20 5.32 9.73 4.78 3.39 1.18 2.81
2.86 1.55 3.85 5.41 2.27 8.74 1.45 8.17 9.78 9.22
1.71 8.46 6.39 3.72 1.44 2.66 6.23 9.11 2.37 2.58
8.96 9.68 8.68 6.08 5.09 8.70 6.87 7.17 8.31 7.47
1.20 7.01 6.77 6.08 2.50 4.58 5.88 8.45 9.68 6.24
9.26 9.98 8.03 4.55 3.09 1.89 6.61 8.56 5.81 3.68
1.78 3.38 1.06 7.54 3.82 4.27 6.78 5.83 9.13 3.75
5.72 3.13 2.60 8.01 7.82 7.27 9.31 1.75 6.61 2.51
3.58 6.04 2.95 7.73 2.68 5.44 2.07 7.18 4.58 8.76
8.77 9.33 7.73 4.48 6.52 1.10 1.03 1.04 5.76 7.48
3.64 2.69 3.65 7.86 7.51 8.54 8.47 5.92 8.83 2.74
6.42 5.04 1.19 6.88 7.58 5.30 2.76 8.85 6.53 8.12
3.04 3.56 8.32 3.24 8.49 5.03 7.45 9.62 4.69 6.23
4.55 6.11 2.41 1.74 2.61 7.43 8.31 7.58 9.58 4.50
3.44 7.40 9.05 4.90 1.48 2.46 2.81 6.71 5.20 4.05
1.69 5.17 1.28 6.77 3.03 6.12 7.20 3.18 5.61 7.97
2.94 7.27 3.92 9.08 4.79 8.43 3.66 1.22 5.01 6.02
2.18 1.09 1.82 8.51 4.50 4.36 1.70 4.19 8.01 1.18
3.02 5.44 1.86 6.09 4.91 7.53 1.40 5.97 9.73 5.95
5.29 3.51 6.47 9.92 1.85 7.01 3.12 8.15 6.78 3.98
6.52 1.68 4.58 1.37 4.24 6.28 2.37 2.45 3.26 7.01
1.79 9.02 6.48 3.55 1.42 8.80 3.91 6.28 3.70 5.25
3.62 1.62 8.37 3.59 8.06 8.08 5.23 2.51 5.75 1.49
4.94 4.83 9.84 5.66 8.67 5.59 4.24 9.91 1.91 7.49
7.28 4.55 4.15 6.35 6.22 8.61 2.81 9.16 4.04 5.32
8.98 6.97 1.80 8.29 5.38 9.94 4.83 3.47 9.07 2.32
7.12 3.97 7.98 6.49 1.12 7.12 1.33 6.41 1.82 9.81
3.62 8.07 4.69 1.35 6.93 9.90 4.36 5.27 4.94 1.68
1.17 8.55 2.52 8.17 6.30 4.20 5.33 9.14 2.19 7.58
7.97 1.12 3.70 6.41 8.94 8.80 3.25 8.65 5.81 5.60
3.62 8.48 6.57 1.22 8.12 4.66 6.32 5.61 7.01 7.69
8.65 2.35 8.57 5.69 4.36 6.04 9.96 8.00 7.52 1.35
3.24 7.93 9.29 9.61 7.73 7.34 6.19 2.93 6.20 8.13
8.93 2.87 9.76 9.02 3.47 9.34 4.71 9.95 6.81 4.69
2.23 8.65 6.66 8.59 3.58 9.58 5.30 1.05 3.63 3.57
2.96 9.87 1.78 1.51 8.04 2.48 1.29 7.71 3.81 3.14
8.43 9.64 6.17 6.06 2.25 9.75 6.14 9.12 7.07 5.13
8.96 4.04 2.24 2.44 3.11 6.39 9.73 1.34 9.51 4.90
3.45 6.15 5.63 3.74 3.46 5.12 5.51 8.27 1.09 9.32
7.71 1.12 8.13 4.84 4.73 2.98 2.14 6.59 3.91 5.27
9.18 6.29 3.32 3.15 6.98 1.66 7.48 1.29 5.62 2.52
2.59 8.39 8.41 6.36 2.93 1.99 6.22 6.73 9.79 4.04
5.08 9.74 3.33 4.54 6.38 5.00 3.97 6.21 9.92 5.31
1.53 2.18 1.10 7.08 1.87 9.87 9.70 6.08 6.62 3.43
5.36 7.73 1.08 6.37 3.83 2.42 5.61 9.12 8.13 8.12
8.22 1.05 9.52 5.51 6.53 9.69 6.26 6.41 4.39 4.95
1.09 5.98 2.27 9.65 2.39 8.91 7.12 1.47 3.29 2.20
1.15 4.56 4.44 3.76 2.54 6.10 3.48 9.00 3.47 9.79
7.03 2.40 3.77 1.03 8.44 8.31 7.71 8.77 1.38 4.16
7.34 4.00 2.65 9.26 6.27 7.30 6.67 6.57 1.51 5.60
5.64 9.29 9.40 8.68 2.74 4.18 5.65 2.17 5.55 7.81
6.04 2.23 4.60 4.04 3.42 3.03 5.11 6.26 4.87 9.14
1.38 2.18 3.97 9.17 3.81 6.16 6.84 3.63 5.48 7.35
8.73 4.90 2.93 6.84 5.41 2.01 2.96 7.60 4.69 2.65
3.25 7.98 9.69 3.34 3.81 3.97 4.41 8.32 2.70 7.54
2.48 1.93 2.36 9.45 6.05 8.67 9.89 2.75 8.99 1.44
6.82 6.95 4.51 5.71 1.65 1.60 8.19 1.12 2.00 3.33
4.14 1.34 1.25 9.89 6.16 9.21 8.11 4.92 4.23 5.94
4.61 5.53 7.11 1.10 6.67 4.35 9.04 1.47 6.83 8.64
2.99 8.07 1.02 7.70 6.21 1.38 2.92 8.78 4.49 7.87
2.35 2.39 3.54 4.55 5.92 2.16 2.27 8.60 8.83 5.43
6.12 6.53 2.30 4.51 2.34 1.37 3.88 6.41 8.07 1.65
1.72 8.38 3.58 7.03 6.14 6.40 3.21 8.56 5.44 2.30
1.02 9.19 5.12 8.65 5.86 5.72 8.42 3.38 4.23 2.76
3.94 6.02 2.77 7.91 9.89 1.88 3.86 2.10 5.68 4.33
2.06 5.28 7.70 5.11 8.29 6.09 5.75 6.28 2.28 9.93
7.59 6.50 3.46 4.17 6.36 2.15 1.38 6.25 7.40 2.98
1.85 6.44 8.55 1.96 2.53 6.08 3.86 5.22 6.33 2.87
8.15 3.40 1.99 4.87 9.64 4.24 6.35 7.96 4.15 6.87
1.48 9.77 6.48 5.98 6.60 3.11 6.79 8.28 3.42 2.66
4.93 6.16 5.62 1.03 1.41 1.85 9.37 2.43 3.60 2.56
3.57 6.22 6.16 9.74 9.14 7.08 2.43 6.43 1.30 2.23
4.19 6.22 5.38 9.89 9.32 2.48 3.05 8.13 7.68 6.51
6.16 1.19 7.51 4.95 4.04 7.46 6.14 5.08 8.51 9.07
1.86 7.85 2.36 7.14 1.76 8.88 6.08 2.59 6.68 9.32
4.43 4.22 4.21 1.85 7.46 3.57 1.49 1.27 8.28 2.93
3.16 2.62 7.66 2.01 7.94 8.10 1.98 1.27 6.12 9.19
8.69 5.98 6.96 4.32 1.54 2.54 7.15 2.23 5.32 4.60
7.53 4.59 1.60 9.75 3.89 9.19 5.46 7.21 6.37 5.90
3.94 4.76 6.96 3.74 5.63 8.34 6.04 9.12 8.81 7.14
9.00 4.63 9.09 4.63 9.91 9.59 8.99 9.56 4.90 3.07
2.29 9.54 6.24 7.75 5.73 4.70 8.68 6.71 6.05 2.22
7.25 9.44 7.68 2.37 6.48 4.86 8.09 4.74 6.80 4.87
8.90 5.27 2.34 8.71 7.29 2.36 8.16 7.18 6.59 9.76
6.30 2.71 2.24 3.54 2.98 1.84 3.59 1.23 3.30 6.25
9.53 7.77 1.05 9.14 3.51 2.05 9.17 3.51 2.10 4.29
3.14 1.83 4.88 9.64 1.12 8.06 7.23 6.35 6.26 3.53
5.84 9.84 1.46 4.67 8.53 7.73 6.27 6.16 6.06 6.30
8.92 3.87 7.75 7.59 5.83 8.09 8.26 5.17 2.12 6.45
7.20 7.62 8.16 8.51 1.38 5.29 9.11 6.58 1.11 6.29
1.61 1.54 4.24 7.06 6.78 7.51 6.18 3.19 5.37 7.20
2.38 4.71 8.70 9.25 8.14 3.78 4.90 7.45 2.14 9.41
5.39 3.13 5.67 8.19 1.42 3.38 7.78 5.34 5.99 7.61
9.71 4.04 9.62 7.50 5.16 1.97 6.96 4.75 9.38 4.97
2.73 1.08 9.18 2.29 8.84 2.74 3.51 4.27 8.26 1.49
6.30 5.58 6.62 1.90 6.24 9.25 4.28 3.48 5.84 4.14
8.73 3.05 1.19 3.52 9.81 2.07 8.13 2.84 6.58 8.79
1.79 9.03 4.39 6.36 3.98 4.99 6.39 2.80 4.74 8.47
2.08 4.54 2.99 3.99 8.42 1.88 3.17 3.92 7.30 6.82
9.79 8.75 3.65 6.03 7.66 7.03 5.61 5.00 7.39 8.54
6.54 1.23 1.38 6.48 3.36 2.21 9.40 6.07 2.27 2.13
9.38 7.03 8.66 7.05 7.69 3.47 4.45 5.39 6.07 9.36
6.93 1.16 7.20 8.00 8.30 8.49 8.90 7.19 9.81 9.43
3.52 1.16 6.63 1.39 3.03 3.12 8.28 7.82 7.85 8.90
5.18 5.49 4.13 7.38 4.40 3.89 4.22 2.97 1.23 9.29
4.54 3.64 8.25 1.07 3.99 6.33 1.37 4.65 6.29 4.66
6.14 8.94 2.90 6.65 8.70 4.36 4.18 4.18 4.54 9.04
3.90 8.26 3.38 6.21 5.01 2.08 2.29 9.12 9.07 6.77
7.79 3.13 6.34 6.28 3.74 2.90 9.53 5.96 2.40 5.98
4.98 4.60 9.32 2.00 8.19 1.01 2.97 2.59 5.60 2.21
5.82 9.57 3.53 1.60 3.55 7.46 9.64 9.42 7.41 8.44
4.98 5.12 6.58 1.24 7.37 8.49 2.42 2.01 2.24 6.57
1.40 7.64 5.59 8.70 2.15 4.27 7.30 5.73 3.55 5.73
5.84 5.33 1.69 1.68 1.04 7.05 5.44 1.47 8.13 8.11
7.65 8.35 2.50 7.01 9.19 8.02 4.84 1.67 3.58 4.85
2.49 5.56 9.24 3.85 5.12 8.83 3.34 8.21 7.77 4.44
4.37 4.33 7.34 3.34 6.63 5.35 5.03 5.26 9.19 7.12
8.33 4.55 6.89 8.30 9.90 6.55 4.47 8.68 7.57 3.37
3.99 5.29 2.12 9.25 8.77 6.77 8.83 4.40 8.71 1.42
9.52 6.38 1.39 3.57 7.77 5.46 9.99 6.47 1.96 1.57
6.49 4.93 7.68 2.68 8.98 2.15 2.59 8.65 6.26 4.45
6.28 1.93 7.01 6.22 9.40 9.28 5.08 4.67 9.26 7.54
7.00 5.95 9.20 1.35 6.57 6.38 3.98 3.20 8.09 9.90
3.09 7.85 4.44 7.71 6.29 7.31 6.79 1.24 6.20 7.08
9.52 1.81 7.32 1.16 6.86 2.02 5.00 9.83 3.81 8.08
4.92 7.97 8.14 4.38 5.37 9.43 8.48 5.41 3.87 3.45
9.30 5.87 7.66 5.78 2.96 8.08 2.99 8.80 6.51 9.97
9.26 7.04 4.35 2.53 8.50 1.53 1.17 9.62 7.70 7.73
1.66 4.19 2.89 5.95 4.21 9.28 4.26 8.84 5.02 7.29
1.67 5.15 6.59 5.93 1.22 6.00 9.71 3.83 2.22 5.41
6.06 8.44 4.60 4.11 5.34 6.76 1.58 3.76 8.39 2.03
7.57 8.13 1.60 9.05 9.37 8.56 6.14 5.88 3.59 9.28
9.91 6.99 8.73 4.02 5.43 2.95 5.90 2.06 7.78 8.56
8.68 7.02 7.16 9.32 6.61 7.19 8.22 1.27 5.25 7.64
6.54 9.82 9.41 9.72 8.28 3.22 1.77 7.87 7.87 1.80
5.63 2.70 7.38 2.84 8.82 1.07 2.86 4.05 2.49 4.67
9.68 2.33 9.63 7.14 4.24 9.14 9.73 5.62 1.96 5.64
7.60 1.98 7.31 4.51 3.02 8.90 4.31 6.14 6.29 1.70
7.79 8.31 3.10 2.77 2.36 7.03 4.29 6.98 2.03 3.28
7.68 2.71 1.98 4.65 8.01 9.55 9.84 3.63 9.51 2.28
4.25 8.96 8.32 2.35 3.49 5.42 5.88 1.68 6.20 3.76
1.37 5.07 6.58 8.11 7.28 3.68 2.01 7.97 5.20 4.67
9.02 8.16 1.84 8.07 2.93 3.22 6.97 1.13 2.61 8.45
1.08 2.56 7.79 6.26 4.00 2.71 2.02 8.89 5.10 2.43
9.20 6.79 4.52 7.63 2.92 4.71 8.56 9.70 9.07 9.02
1.05 1.98 7.30 9.19 3.28 1.41 3.39 1.77 6.22 8.80
9.51 4.47 8.44 2.61 6.29 6.07 1.54 8.16 4.92 8.04
9.64 9.12 8.48 9.79 4.37 7.51 6.71 7.66 1.18 9.54
1.90 8.69 8.15 6.48 1.26 1.11 6.07 9.61 2.89 7.37
3.07 1.17 1.96 4.79 4.84 6.20 7.92 7.03 2.11 6.37
6.13 7.35 9.91 8.01 9.06 8.56 5.91 5.14 2.31 8.02
2.80 4.17 4.01 3.31 5.25 6.65 6.92 6.64 2.44 2.43
1.25 4.26 2.18 1.95 9.44 9.36 8.62 7.37 8.48 5.34
6.14 3.03 8.31 3.52 8.03 6.53 4.93 1.04 2.31 1.77
8.87 4.84 2.11 7.18 7.36 7.21 4.37 5.70 6.85 5.84
1.15 1.50 7.41 2.57 1.66 9.79 9.84 3.28 4.76 3.62
4.05 8.13 5.34 9.27 5.17 9.44 8.46 4.72 3.97 3.06
5.38 8.09 9.49 4.43 9.13 8.04 8.47 7.00 8.34 6.38
3.29 7.31 1.78 5.85 5.86 5.55 5.29 8.26 8.61 4.15
1.17 6.40 6.77 6.83 5.47 6.52 4.19 3.44 5.41 6.23
4.86 8.48 3.34 5.68 2.52 7.28 5.65 1.31 9.11 2.22
9.98 5.87 4.22 8.12 4.60 5.34 2.92 6.30 5.86 5.02
9.13 8.00 7.60 9.78 4.72 7.51 6.14 1.23 3.53 4.36
9.63 9.25 7.56 2.43 6.68 2.69 3.44 2.42 8.57 5.21
1.69 6.78 3.86 3.18 8.27 1.07 8.16 6.97 6.54 3.81
9.39 9.70 1.97 8.97 3.86 3.60 8.43 6.26 2.00 5.56
4.39 5.66 7.79 3.19 4.38 9.55 4.15 9.68 6.53 4.82
8.97 1.17 1.98 7.64 3.67 8.73 9.00 5.88 4.50 9.29
6.04 9.30 9.80 2.07 9.43 6.65 1.67 3.27 5.06 6.32
2.86 1.46 8.58 6.01 7.29 5.47 1.56 6.66 6.61 9.27
1.49 2.39 7.28 1.77 4.22 1.47 1.56 2.25 9.22 9.77
4.48 6.19 3.38 9.07 3.42 8.37 2.25 1.24 1.78 3.60
1.90 9.95 4.37 9.69 3.91 7.18 2.36 2.32 9.59 1.87
6.36 5.83 3.76 9.68 3.49 7.68 1.49 8.34 7.75 9.36
3.09 2.04 5.15 6.08 8.73 4.99 7.59 8.07 4.32 2.38
2.90 4.67 3.77 5.05 5.07 1.95 8.83 8.83 3.88 3.09
8.55 1.23 9.56 7.95 3.31 7.67 6.59 3.01 1.21 6.24
3.76 9.55 1.05 9.27 1.62 9.71 7.92 7.06 7.48 5.55
8.76 7.54 6.07 2.76 4.24 9.84 3.57 5.21 1.70 1.38
9.87 7.54 9.87 4.10 5.90 1.15 3.63 10.00 8.73 7.52
3.10 9.36 3.97 4.57 4.01 5.74 5.66 8.09 1.82 7.89
7.07 6.70 3.30 3.97 7.39 9.82 2.10 9.74 9.29 1.55
2.46 8.53 4.12 6.87 2.49 4.79 4.19 3.13 9.33 4.19
4.32 3.16 4.24 4.74 8.05 3.30 1.49 6.64 5.46 8.77
6.73 3.02 3.35 2.24 6.67 3.03 4.40 4.93 6.08 3.38
10.00 9.65 3.80 2.99 3.07 4.53 8.90 8.57 9.13 9.46
7.25 6.93 8.47 5.77 1.16 1.90 9.14 2.26 6.55 7.26
9.98 3.02 1.39 4.04 3.51 6.05 4.45 5.91 5.37 6.34
1.37 4.03 5.10 7.96 9.02 2.26 5.26 3.27 9.10 5.50
1.04 5.85 1.42 4.94 3.06 5.49 4.78 4.21 9.90 6.95
2.63 7.25 6.25 2.00 4.93 5.47 1.88 9.31 7.21 1.81
7.40 6.52 5.83 6.90 5.55 5.07 2.00 5.08 9.68 5.32
3.87 1.11 1.01 8.30 5.19 7.69 2.15 6.02 9.26 8.24
6.87 7.87 8.88 7.36 3.41 1.89 2.81 6.62 8.52 2.53
8.24 4.37 6.44 7.73 1.28 9.76 7.39 2.42 5.40 4.65
4.70 5.53 4.93 7.01 4.93 4.39 5.69 4.14 7.64 7.46
3.44 2.46 9.32 1.16 6.60 7.39 1.58 7.98 8.09 3.09
9.83 2.86 7.57 8.90 9.25 1.49 4.69 9.30 8.28 7.33
3.17 5.98 7.12 5.91 6.41 5.06 2.59 2.48 3.87 8.56
8.63 7.60 7.73 2.40 9.47 2.89 9.81 5.91 6.18 7.93
3.89 6.23 2.97 3.38 2.67 8.94 8.85 2.53 5.17 3.90
2.17 10.00 3.37 4.14 1.95 8.88 6.87 4.44 3.01 4.60
9.57 1.18 4.10 1.13 9.38 8.22 4.95 8.16 4.40 9.44
5.54 6.68 3.55 5.12 4.67 1.24 4.40 5.10 9.15 8.68
9.78 9.67 3.28 8.77 2.54 6.63 4.60 5.09 9.26 5.13
5.23 8.98 5.30 9.75 8.62 7.57 1.32 9.73 4.88 3.68
5.63 8.86 6.08 3.98 5.90 1.22 1.64 2.85 4.49 6.87
7.52 7.44 1.39 5.41 6.92 3.92 7.86 9.33 5.99 9.64
6.43 8.79 1.79 3.15 6.61 6.73 5.41 5.95 6.84 2.17
5.93 3.78 4.42 6.45 2.50 3.51 2.21 9.65 9.82 5.24
5.40 5.17 8.29 6.77 8.56 8.67 1.88 5.29 1.24 1.09
3.20 2.34 5.00 8.78 2.60 2.83 6.37 3.16 1.85 7.50
1.85 6.43 6.11 3.77 1.93 4.08 6.65 3.64 5.92 8.61
5.23 3.22 2.08 4.06 2.01 1.27 2.96 5.44 2.92 2.94
7.72 2.94 9.17 8.76 6.23 5.80 9.30 9.67 8.49 5.87
2.81 9.85 2.86 3.91 7.18 8.53 5.12 8.60 9.79 8.32
2.82 1.63 5.44 2.77 1.48 7.02 2.34 4.06 2.89 4.07
9.46 9.13 7.11 3.68 9.14 2.69 1.14 2.76 9.20 8.34
8.74 9.70 4.84 3.63 2.05 3.04 8.94 9.38 7.59 3.86
6.55 7.93 3.58 6.92 3.74 2.64 5.10 3.68 1.67 8.43
1.45 9.52 8.83 9.63 4.19 8.95 5.67 1.24 3.86 7.80
4.96 9.79 6.47 1.30 1.15 7.13 2.79 9.17 1.44 6.99
2.92 7.67 3.19 7.63 9.11 3.17 2.07 4.05 2.81 1.35
6.36 3.40 1.40 1.39 5.28 7.15 6.26 9.21 4.75 5.19
2.58 3.05 1.59 1.29 2.04 9.83 1.39 6.91 5.82 8.33
7.05 5.51 5.70 4.69 2.39 4.10 4.58 3.62 6.47 1.14
7.76 5.90 5.24 1.04 8.74 3.95 3.31 9.23 1.42 2.41
3.56 7.46 9.20 2.82 6.90 3.67 4.58 1.12 7.79 3.90
8.32 5.77 1.02 3.52 9.05 6.00 6.49 3.91 2.17 7.98
5.32 9.11 5.13 9.27 4.46 1.18 5.91 8.15 7.20 2.79
5.38 9.22 6.19 2.31 8.47 2.06 2.56 9.30 4.59 4.82
4.94 2.82 8.90 2.21 2.11 2.72 6.64 9.28 8.64 9.31
6.83 2.66 8.25 2.05 4.65 8.07 4.88 3.51 6.96 4.46
4.88 5.27 8.13 8.90 1.50 4.93 2.95 9.47 4.16 8.73
6.75 4.27 7.12 1.21 4.39 6.52 3.30 9.90 1.81 1.18
8.06 3.64 7.44 4.42 3.99 8.32 7.74 6.77 4.79 4.23
4.49 9.70 7.22 6.67 9.44 6.63 2.84 4.03 3.41 3.17
1.62 9.76 2.30 7.70 9.89 5.34 7.68 2.09 9.52 6.71
6.97 5.41 4.33 4.33 7.39 1.76 4.40 4.33 9.25 1.36
7.72 9.76 8.33 1.93 1.33 3.42 7.98 3.57 3.70 8.85
7.10 7.50 8.58 7.09 3.80 3.40 5.43 1.40 9.64 1.61
9.16 3.38 1.87 5.98 7.93 3.18 1.60 3.22 9.21 6.50
1.17 6.18 3.36 1.27 1.27 5.03 2.41 1.15 9.38 6.03
1.03 4.16 1.60 2.71 1.27 4.49 1.98 6.26 7.56 5.94
8.99 1.99 3.59 7.25 6.49 5.02 6.44 7.48 9.35 3.42
6.91 1.16 2.56 7.19 8.11 3.83 4.65 1.48 5.32 1.12
5.13 8.50 6.10 9.82 2.48 5.32 7.90 3.18 1.44 2.21
7.78 1.36 3.31 6.96 3.69 1.54 4.19 2.84 5.78 3.85
1.49 1.24 8.49 6.97 3.20 9.05 2.37 9.04 4.72 5.17
9.99 3.76 1.46 5.69 1.55 1.53 9.04 4.25 4.65 3.00
3.61 3.35 2.50 3.65 4.18 7.40 4.03 4.55 6.74 2.71
5.49 4.30 9.17 3.94 6.28 8.01 6.98 4.75 4.33 6.09
3.58 9.13 3.13 2.73 9.68 9.55 7.65 9.73 7.37 2.46
9.85 2.09 4.88 8.41 1.03 6.84 4.55 8.08 9.26 3.61
4.10 1.01 7.20 5.44 5.02 5.09 9.42 9.08 8.36 2.23
3.44 3.08 7.61 3.90 2.41 9.35 6.84 6.56 3.98 4.08
7.93 1.82 5.14 7.91 9.12 4.92 4.61 9.16 6.03 2.14
4.95 8.31 6.09 3.12 1.98 9.44 6.87 9.33 6.62 9.64
8.52 2.50 5.81 3.71 1.97 6.96 6.66 6.52 6.59 5.12
9.85 4.02 6.20 5.96 7.76 2.58 8.42 2.72 8.24 7.49
2.77 5.63 7.64 3.09 8.09 9.26 6.96 5.22 8.19 9.28
6.23 7.86 9.98 8.85 3.91 6.86 9.14 6.23 5.51 7.57
2.04 7.89 8.97 7.36 4.04 8.79 6.60 4.01 9.72 7.76
6.53 3.18 6.53 7.74 4.29 7.67 1.06 4.21 2.03 6.11
9.73 5.84 6.78 2.18 2.40 8.14 3.69 4.83 2.42 9.31
4.71 8.19 2.69 5.31 8.02 9.23 4.91 8.82 2.85 7.28
7.06 3.87 9.79 1.06 1.53 3.26 2.26 5.81 1.07 7.15
2.91 8.14 8.82 8.56 8.86 4.86 5.73 4.63 1.21 7.71
6.58 6.06 2.50 9.48 3.88 7.39 2.10 9.48 4.57 9.94
9.02 7.96 8.06 2.66 3.11 7.61 1.65 4.42 2.33 2.10
7.73 5.46 3.13 7.23 6.05 9.01 8.82 9.74 1.24 1.90
1.58 7.75 8.31 9.76 7.64 3.17 9.97 9.22 3.58 3.83
1.88 1.85 3.54 9.14 8.17 1.22 9.58 5.55 8.18 3.64
6.02 2.04 1.92 3.68 6.29 5.56 4.41 1.12 7.11 3.40
1.48 6.95 6.11 5.34 1.86 7.81 1.11 3.62 9.78 9.83
7.01 9.97 5.90 9.83 1.42 2.37 5.96 6.65 3.27 2.52
1.44 9.34 3.82 5.04 7.27 5.42 6.99 8.30 8.68 9.45
2.78 2.64 6.48 2.50 2.22 5.02 9.24 5.81 5.16 3.35
1.62 3.54 6.41 2.00 7.81 7.90 6.26 7.01 6.33 5.56
8.65 4.51 3.17 6.10 8.77 5.00 2.23 8.41 3.77 4.76
7.06 5.21 9.62 4.73 8.53 6.61 9.18 2.75 4.45 8.02
3.28 8.01 6.15 9.71 1.47 1.51 2.16 7.09 7.46 3.39
1.12 7.78 8.94 1.37 7.81 8.12 9.89 4.82 3.83 9.09
9.98 2.37 4.36 9.78 5.96 5.14 4.06 6.81 4.76 1.35
6.29 2.03 9.90 7.34 2.79 5.45 8.58 9.43 5.62 2.28
7.22 6.44 7.90 7.34 6.93 4.57 4.61 5.26 6.48 4.68
6.74 5.49 7.63 1.89 6.52 4.67 2.82 5.75 2.80 6.63
6.48 6.44 4.68 9.37 4.66 7.03 8.95 8.27 7.01 3.18
3.90 8.97 6.13 6.25 4.81 5.91 9.86 6.93 2.76 6.18
6.97 2.83 1.59 5.89 2.54 3.38 6.19 9.81 7.25 9.49
5.65 5.84 4.26 2.07 2.10 3.35 5.82 7.54 5.07 8.75
2.98 9.78 8.28 4.64 6.47 4.73 5.21 5.04 1.86 1.44
3.78 9.72 3.68 7.75 7.01 8.57 6.10 4.04 2.04 6.97
5.72 4.37 8.02 2.46 2.26 4.25 5.45 9.71 3.86 5.05
9.51 2.91 8.55 9.11 8.51 6.74 1.90 5.50 8.10 2.39
6.16 4.96 9.49 6.33 8.75 7.80 4.21 6.73 1.74 4.54
9.43 9.08 5.85 3.32 3.52 8.60 9.82 6.70 5.51 1.56
2.06 2.85 8.14 2.11 9.45 6.65 8.45 6.31 4.92 2.34
1.04 3.44 1.25 2.31 2.18 4.54 8.81 9.54 6.67 6.96
1.57 9.04 3.41 7.54 3.42 7.11 6.58 1.44 9.64 9.00
4.96 5.24 2.83 5.96 4.21 6.25 3.54 7.61 7.78 5.63
3.87 1.94 8.99 8.29 1.22 2.15 1.43 4.21 8.57 8.64
4.70 1.64 8.67 7.87 1.79 2.02 5.46 2.55 1.35 5.37
6.85 8.57 1.65 6.43 7.21 7.12 7.23 7.31 8.33 1.43
4.01 1.91 2.94 8.51 4.38 3.58 4.44 7.63 6.45 6.63
1.73 2.13 8.69 3.33 2.64 9.61 4.36 6.19 3.15 9.62
7.07 2.03 6.98 2.90 6.63 2.65 7.90 3.63 5.85 9.71
8.73 2.37 8.92 4.77 3.23 1.26 2.77 8.97 2.23 5.65
3.59 1.15 9.16 1.57 8.50 4.40 7.82 5.19 2.66 3.70
1.20 5.42 3.76 9.11 5.33 9.98 2.12 8.15 8.27 7.82
9.54 9.99 3.43 6.53 6.97 4.44 4.44 1.53 2.22 3.73
7.82 4.63 1.62 9.48 8.22 9.14 4.69 3.79 9.99 8.49
9.84 4.30 1.82 7.04 5.70 4.76 8.27 6.84 7.84 2.85
6.19 8.78 9.98 4.16 6.63 3.48 9.21 5.07 3.00 4.07
5.88 1.37 8.18 5.70 9.00 2.88 8.85 5.42 8.58 3.56
2.97 7.30 8.77 8.35 9.43 7.84 5.31 7.10 1.58 5.80
6.30 5.31 9.58 5.32 8.25 4.51 4.72 9.39 9.85 8.23
7.78 6.88 7.23 6.34 5.71 6.58 9.91 3.77 1.04 6.71
7.39 8.40 3.13 2.04 1.45 8.23 6.01 7.53 3.28 2.15
8.87 1.63 1.44 8.27 6.58 7.74 3.27 5.08 1.18 8.14
2.83 1.32 3.40 6.23 5.24 6.03 2.99 6.85 3.58 9.72
2.06 1.17 3.17 4.11 2.46 6.95 5.81 3.58 4.97 6.13
7.36 6.46 4.79 3.19 6.34 7.09 8.02 7.38 1.53 7.68
8.63 2.79 8.89 3.27 5.44 3.74 8.91 7.92 2.26 9.25
3.67 7.94 5.91 4.68 4.54 5.96 4.39 6.16 4.56 5.38
6.55 4.03 1.53 5.65 6.10 8.80 7.28 2.29 9.51 9.40
4.81 5.20 8.79 9.35 6.88 9.10 6.14 3.34 2.49 7.38
4.78 2.61 9.80 8.25 7.24 6.62 3.67 8.00 8.11 5.89
3.32 4.87 3.18 3.13 4.61 3.56 6.82 1.79 3.86 6.11
7.33 8.20 4.71 1.69 6.28 9.84 8.86 2.62 9.61 6.95
6.51 9.87 7.89 5.62 8.92 1.71 6.58 3.81 8.28 7.28
9.26 6.88 6.96 1.32 8.57 5.70 5.67 8.11 6.01 8.40
7.11 4.58 1.82 7.12 7.36 3.68 6.11 8.58 2.69 3.99
8.77 4.74 5.22 7.84 3.95 3.81 7.99 9.82 7.13 7.79
7.61 1.42 5.39 2.60 9.76 2.99 5.51 8.25 8.40 6.68
7.81 4.86 7.87 8.67 1.86 3.85 7.41 8.58 6.29 7.31
2.89 6.11 5.87 5.73 2.13 7.80 8.50 9.77 5.20 8.83
2.63 4.03 5.83 6.59 4.69 6.39 3.37 7.57 3.34 3.17
7.91 1.36 6.14 4.50 2.31 2.08 6.97 6.37 2.97 1.70
6.47 9.24 1.02 9.79 1.81 8.52 6.52 3.51 3.03 6.90
3.78 8.05 1.29 8.71 2.55 4.93 3.38 6.77 5.85 2.13
6.84 8.19 9.33 2.26 3.05 2.41 4.57 8.58 6.15 4.03
5.43 6.34 1.21 5.25 2.00 5.72 4.54 5.60 7.93 2.43
3.29 3.92 9.88 2.97 7.56 6.83 5.38 4.19 2.76 2.32
1.47 8.98 2.39 3.20 6.00 4.92 8.29 1.88 9.07 9.89
2.28 6.28 9.39 7.42 5.71 7.28 5.63 6.08 1.51 7.25
6.74 9.43 1.35 3.67 1.08 5.56 3.58 3.01 1.34 3.07
8.67 3.79 7.70 5.76 6.95 7.24 5.70 4.76 7.75 8.38
5.71 4.03 4.42 6.40 6.72 1.88 5.83 9.18 4.72 1.41
5.76 8.49 4.34 4.38 4.12 9.28 4.66 4.69 9.99 1.33
3.96 1.35 2.74 9.47 4.27 4.10 9.04 6.47 2.35 6.78
5.38 6.79 5.31 1.15 5.50 6.09 8.95 4.33 3.10 7.02
8.85 1.62 9.70 9.10 3.96 1.86 1.76 6.82 6.91 8.49
3.79 5.87 6.74 4.43 7.13 1.74 3.81 9.66 8.04 2.52
5.92 6.89 5.99 9.48 3.24 7.78 2.18 3.40 9.67 3.40
4.67 9.87 3.30 2.28 2.02 3.65 3.80 5.40 8.93 9.42
8.98 7.87 9.04 3.38 4.52 1.26 6.84 1.32 6.79 4.98
4.47 1.97 7.58 4.01 4.24 1.86 2.16 9.05 2.84 9.96
1.43 5.86 2.94 7.00 4.14 9.61 4.79 8.63 5.13 2.89
1.69 5.43 5.72 8.72 5.61 8.89 9.33 3.04 4.69 3.85
7.18 8.14 9.07 4.33 6.17 3.25 4.98 6.79 2.10 7.28
1.50 4.27 9.74 6.60 5.31 3.62 6.92 4.48 4.47 8.32
1.69 4.30 1.99 2.67 3.61 9.86 2.95 1.30 4.76 2.41
3.80 5.89 5.36 1.66 3.54 9.37 3.25 2.73 9.40 3.81
2.48 9.49 6.92 7.19 1.39 6.58 5.65 2.96 4.26 2.95
7.96 2.04 1.72 4.35 5.19 6.08 5.99 8.31 8.30 5.92
1.73 1.06 8.56 9.35 4.60 3.01 8.10 3.71 9.50 6.36
4.68 5.17 1.40 6.17 6.71 8.28 9.10 2.33 3.32 8.56
2.97 5.15 1.05 2.41 4.31 9.21 7.61 1.73 1.06 2.09
5.84 1.28 7.64 4.63 3.71 9.62 6.17 5.27 6.67 3.80
9.83 3.17 3.88 4.57 3.41 3.05 3.03 8.57 7.60 1.04
5.42 4.34 2.21 9.25 9.22 1.07 9.25 4.99 8.41 9.92
4.65 6.11 1.89 9.39 7.87 2.81 1.85 3.89 3.50 6.01
8.01 3.29 9.67 2.23 8.80 4.41 5.39 8.97 4.15 6.65
2.84 7.47 5.98 9.00 1.27 1.01 3.60 5.66 6.50 9.19
1.59 1.97 5.23 8.93 3.92 7.16 6.38 7.79 6.26 1.79
9.93 8.90 4.12 9.11 1.19 2.93 5.34 5.68 5.37 5.59
8.88 8.33 6.47 6.95 5.85 1.30 5.08 7.41 5.55 8.08
4.32 7.13 5.55 8.49 9.51 2.10 2.82 3.00 9.30 4.28
7.83 3.88 2.69 2.52 6.15 3.22 4.74 4.49 9.09 9.58
1.74 1.02 7.28 1.65 2.80 2.90 5.12 3.10 3.15 1.95
6.73 7.03 8.80 9.47 9.97 6.81 6.07 1.59 6.04 3.31
8.23 2.60 1.83 9.12 7.64 9.91 9.21 7.25 2.77 6.65
6.55 7.29 6.80 2.08 2.12 4.22 2.72 5.71 7.12 5.33
6.75 5.45 9.79 8.34 8.15 2.52 4.70 4.79 2.69 4.85
8.82 2.67 4.64 7.85 9.39 2.29 4.68 1.73 9.43 6.73
9.11 9.61 3.46 5.84 2.21 6.40 4.58 9.00 4.00 2.21
4.99 1.92 5.59 5.01 8.87 4.57 1.02 9.28 6.97 2.07
3.72 7.03 5.99 6.95 7.12 6.08 4.96 9.69 6.96 7.49
8.28 5.56 5.08 1.54 7.64 1.44 5.96 3.07 4.51 2.49
2.97 2.52 2.04 2.37 4.88 4.40 7.93 1.22 9.03 2.94
2.86 9.15 5.10 4.19 9.88 4.81 2.27 9.47 4.35 1.52
9.26 3.79 9.88 9.14 4.58 1.94 6.15 5.45 5.74 3.77
4.02 2.46 7.16 1.80 1.92 2.67 1.36 7.47 8.17 6.13
8.25 8.51 8.09 2.37 9.02 6.16 5.03 1.38 9.20 5.12
1.48 5.72 8.47 5.05 3.26 7.45 9.60 5.89 8.70 5.19
9.16 8.45 7.23 6.25 4.78 2.43 6.08 2.12 3.98 9.75
9.59 4.27 5.34 1.38 4.51 5.94 7.47 7.50 4.43 7.79
9.62 7.09 4.15 2.89 2.89 7.50 9.22 2.17 7.37 3.90
3.54 1.41 1.85 2.36 2.62 9.56 5.72 6.09 3.73 9.00
9.07 2.63 1.96 3.34 3.57 5.82 8.76 6.31 9.04 8.53
5.53 8.25 1.99 2.67 9.28 9.08 6.31 1.55 3.54 9.30
3.73 8.45 5.83 5.44 9.11 2.13 7.26 9.78 2.53 4.25
5.93 6.96 1.97 3.88 2.51 5.21 7.16 3.74 9.25 8.99
9.96 4.72 9.27 5.59 4.18 5.86 4.22 6.81 8.67 4.96
6.41 5.58 3.46 1.01 5.31 2.51 1.66 1.51 6.98 2.23
7.11 9.59 6.31 2.23 5.75 6.70 8.03 2.41 8.39 8.09
7.54 2.35 4.75 8.56 9.57 1.86 5.08 8.49 7.70 6.32
4.36 2.70 3.38 7.02 2.56 7.75 2.05 6.33 8.11 1.97
9.56 3.93 1.68 7.46 1.42 9.49 1.27 3.80 4.52 8.17
6.11 9.22 3.79 7.50 6.27 7.16 3.65 3.92 6.13 5.32
7.22 5.96 8.24 2.29 3.32 2.67 2.10 4.64 6.39 9.71
7.22 3.94 9.14 2.48 6.09 3.85 5.85 1.83 2.18 4.17
6.45 1.43 8.01 9.45 5.53 4.82 9.63 6.65 6.65 4.71
5.25 1.10 5.44 7.49 3.81 2.65 8.46 5.04 1.75 5.16
5.22 4.32 4.36 6.69 3.37 9.07 2.60 5.27 1.87 6.93
9.67 8.78 7.18 4.67 8.39 3.80 5.17 6.87 1.06 3.92
3.07 2.49 2.69 7.44 3.15 4.51 6.76 6.42 1.84 8.51
7.41 6.49 1.27 5.18 6.31 9.48 7.99 8.23 8.62 4.61
8.71 4.44 1.48 4.45 8.92 7.77 9.18 3.91 7.38 7.46
1.89 2.97 3.17 1.72 8.10 2.90 5.07 3.73 2.67 4.60
4.14 7.91 7.31 4.63 1.38 6.33 4.26 7.31 5.72 9.99
4.66 8.78 9.87 3.73 7.87 8.15 2.93 3.61 2.80 9.55
4.33 1.08 3.56 2.64 4.42 4.78 9.87 1.18 4.46 3.76
2.54 5.16 9.83 8.69 5.05 4.97 7.40 4.55 2.69 4.32
8.30 8.38 8.47 2.44 3.51 3.19 4.23 7.86 2.24 5.56
9.50 9.42 6.68 8.50 2.01 5.91 7.53 4.72 8.34 7.51
7.76 3.29 9.42 7.77 9.75 9.84 6.08 8.19 4.97 2.18
8.57 9.68 5.45 6.20 7.48 2.55 6.17 4.54 2.15 7.22
5.45 7.29 9.50 6.17 8.97 7.55 6.78 7.58 9.70 1.47
4.02 4.67 4.08 8.00 7.71 2.40 5.03 8.17 6.51 9.88
4.51 1.87 3.53 2.82 6.45 5.01 2.95 9.96 4.29 1.57
5.12 2.66 8.22 8.40 9.54 6.08 5.04 9.87 7.03 5.37
8.32 6.36 8.93 9.53 9.65 5.37 2.61 2.65 4.91 3.89
2.13 9.83 4.22 4.13 1.30 5.87 8.70 4.89 8.91 8.88
2.51 1.28 4.24 1.00 8.01 4.67 1.89 8.61 2.88 9.65
9.70 9.32 5.93 4.72 3.47 3.00 6.18 4.19 7.92 7.65
3.39 9.54 1.18 6.19 9.45 2.52 9.41 9.32 6.86 6.59
5.05 4.45 6.09 9.98 7.31 6.98 8.34 4.54 8.00 7.43
4.89 5.84 5.80 8.16 7.86 5.06 4.94 2.59 6.24 7.77
9.14 1.31 9.86 3.43 1.55 7.82 5.28 7.10 9.43 3.22
9.73 9.57 2.99 2.64 1.21 6.22 9.87 5.76 4.09 5.18
6.17 5.65 9.21 8.28 1.06 8.16 3.48 3.42 8.59 5.02
6.63 8.97 8.22 6.04 5.05 4.10 4.94 3.81 1.76 3.08
4.87 4.43 7.27 8.62 8.61 1.51 3.17 8.89 9.07 2.72
7.32 8.06 9.39 4.18 5.93 5.09 8.24 3.38 2.75 3.05
9.08 2.94 9.92 4.27 3.69 5.11 7.19 9.31 5.93 7.36
2.17 2.30 8.12 5.12 2.41 8.43 1.88 3.70 1.73 8.78
4.00 1.21 1.96 3.54 4.23 1.64 4.34 8.79 5.46 8.76
4.33 9.61 8.72 9.29 4.49 7.99 4.45 1.89 2.42 1.38
9.92 6.46 1.33 2.28 6.15 7.67 6.29 1.79 6.17 1.69
5.14 3.21 8.90 7.77 5.75 9.76 8.16 3.93 5.59 3.27
6.31 3.89 3.54 4.37 4.54 8.16 3.17 9.04 3.63 3.19
8.50 1.56 2.32 8.44 9.54 5.90 7.07 9.04 6.75 8.76
6.83 3.26 2.41 9.64 4.52 6.71 2.03 5.09 8.76 2.61
7.00 3.56 3.64 5.36 8.85 8.34 1.30 2.91 7.81 3.57
6.95 9.20 1.09 4.04 4.45 1.38 8.78 7.85 8.98 6.53
9.88 2.58 9.81 4.51 9.44 5.61 3.84 2.71 5.12 7.08
6.06 3.06 8.29 8.12 9.60 3.52 5.19 4.08 3.55 3.50
1.56 8.73 7.97 6.41 3.89 7.21 6.32 1.48 8.91 3.91
7.34 1.84 2.96 3.71 6.21 4.21 2.41 1.59 3.52 3.01
3.58 9.15 2.56 9.60 2.79 9.17 8.30 8.51 3.51 8.72
6.30 4.13 3.75 3.65 3.81 4.65 7.80 2.58 7.75 8.44
1.25 8.26 6.30 4.08 9.82 1.37 8.65 1.08 1.59 6.25
6.56 8.25 6.25 5.82 1.35 1.38 1.28 9.63 8.82 2.01
2.69 3.66 4.47 9.32 9.12 6.18 4.66 9.66 8.23 9.30
8.86 3.64 7.95 5.56 2.25 9.39 5.54 6.04 1.51 4.66
8.98 6.99 3.56 6.47 9.73 2.36 9.43 6.32 9.26 7.01
3.67 7.82 7.54 2.40 1.43 5.19 8.64 5.48 4.60 6.88
4.30 7.73 9.10 2.84 3.30 7.91 2.01 4.77 1.97 9.20
6.42 5.78 9.98 1.89 8.52 5.45 6.47 2.98 8.22 3.00
3.87 1.61 9.90 8.37 9.74 9.02 8.62 4.14 4.11 4.02
7.80 2.80 8.83 3.68 8.20 2.14 4.97 9.66 9.26 7.59
1.65 6.43 3.99 3.60 9.20 6.61 9.42 9.11 5.77 5.92
1.14 5.86 9.17 5.91 1.29 2.24 5.33 8.59 7.50 8.20
9.55 6.06 7.39 2.78 4.48 1.04 9.24 3.52 3.33 5.58
4.89 4.74 6.33 4.69 2.47 7.83 4.48 2.29 6.15 2.26
8.01 4.29 6.42 5.98 3.95 1.66 9.81 8.13 6.83 4.74
4.70 1.72 7.65 5.19 5.25 7.36 3.29 5.81 4.54 3.32
9.35 9.39 3.55 8.34 2.32 2.62 4.43 5.20 9.53 8.13
6.71 6.36 2.40 1.31 4.07 1.72 4.41 7.15 1.54 6.85
5.88 3.45 8.17 7.63 5.17 9.49 7.96 9.62 5.31 7.20
5.57 5.22 2.73 5.97 6.76 2.31 1.56 5.25 1.79 7.77
5.75 9.90 8.57 9.72 4.16 5.75 6.37 3.74 7.08 2.59
4.07 3.97 5.49 2.49 7.88 8.09 1.52 9.71 7.18 3.74
9.15 8.84 9.18 3.34 5.43 4.25 2.44 5.37 2.08 8.06
6.35 3.75 7.76 3.81 2.65 6.71 3.87 3.38 4.08 5.01
1.84 9.03 9.06 6.96 1.42 2.83 7.03 5.87 3.70 3.02
4.22 5.83 3.68 2.68 7.22 1.13 6.52 9.50 6.50 1.01
6.59 7.37 3.41 5.65 9.18 5.28 3.76 3.68 2.13 7.04
1.82 3.88 7.86 7.69 4.51 6.40 3.41 2.12 1.68 9.39
6.12 1.18 5.82 1.48 4.12 1.09 8.21 1.77 9.93 3.99
5.99 4.71 7.33 1.65 8.00 9.04 8.78 7.33 7.02 8.94
6.17 7.01 7.25 1.41 2.37 8.08 8.30 6.99 8.87 7.02
5.17 1.42 6.17 7.77 8.99 2.07 3.25 5.06 2.63 4.22
9.40 1.13 1.52 8.54 7.87 5.82 1.12 2.40 7.59 5.23

Demandas:
0 1 0 0 0 0
0 0 0 0 1 0
0 0 0 1 0 0
1 0 0 0 0 0
0 0 1 0 0 0
0 0 1 0 0 0
0 1 0 0 0 0
0 0 1 0 0 0
1 0 0 0 0 0
1 0 0 0 0 0
0 0 0 0 0 1
0 0 1 0 0 0
1 0 0 0 0 0
0 0 0 0 1 0
1 0 0 0 0 0
1 0 0 0 0 0
1 0 0 0 0 0
1 0 0 0 0 0
0 1 0 0 0 0
0 0 0 1 0 0
0 1 0 0 0 0
0 0 1 0 0 0
0 0 1 0 0 0
0 1 0 0 0 0
0 0 0 0 0 1
0 0 0 0 1 0
0 0 0 0 0 1
0 0 0 0 0 1
0 0 1 0 0 0
0 0 1 0 0 0
0 0 0 0 1 0
0 0 1 0 0 0
0 0 0 0 1 0
0 0 0 0 0 1
0 0 0 0 1 0
1 0 0 0 0 0
0 0 1 0 0 0
0 0 0 0 0 1
0 0 0 0 1 0
1 0 0 0 0 0
1 0 0 0 0 0
0 0 0 1 0 0
0 0 0 1 0 0
1 0 0 0 0 0
0 0 0 1 0 0
0 0 1 0 0 0
0 0 0 1 0 0
0 1 0 0 0 0
0 0 0 0 0 1
1 0 0 0 0 0
0 0 0 0 0 1
0 0 0 1 0 0
0 1 0 0 0 0
0 0 0 0 1 0
0 0 1 0 0 0
0 1 0 0 0 0
0 0 0 0 0 1
0 0 1 0 0 0
1 0 0 0 0 0
0 0 0 1 0 0
0 0 0 0 1 0
0 0 1 0 0 0
0 0 0 0 1 0
0 0 0 0 0 1
0 1 0 0 0 0
0 0 0 1 0 0
0 1 0 0 0 0
0 0 1 0 0 0
0 0 1 0 0 0
0 0 0 0 1 0
0 0 0 1 0 0
0 0 0 0 1 0
1 0 0 0 0 0
0 0 1 0 0 0
0 0 1 0 0 0
0 0 0 1 0 0
0 0 0 0 0 1
0 0 1 0 0 0
0 0 1 0 0 0
0 0 1 0 0 0
1 0 0 0 0 0
0 0 1 0 0 0
0 0 0 0 1 0
0 0 1 0 0 0
0 0 0 1 0 0
0 0 0 0 0 1
0 1 0 0 0 0
1 0 0 0 0 0
0 0 0 1 0 0
0 1 0 0 0 0
0 0 0 1 0 0
0 0 0 1 0 0
0 0 0 0 0 1
0 0 0 0 0 1
0 0 0 0 1 0
0 0 1 0 0 0
0 0 0 1 0 0
0 0 1 0 0 0
0 0 0 0 0 1
0 0 1 0 0 0
0 0 0 0 0 1
0 0 1 0 0 0
0 0 0 0 1 0
0 0 0 0 0 1
1 0 0 0 0 0
0 0 0 0 0 1
0 0 0 1 0 0
0 0 1 0 0 0
0 0 1 0 0 0
0 0 0 1 0 0
0 1 0 0 0 0
0 0 0 1 0 0
0 0 1 0 0 0
0 1 0 0 0 0
0 1 0 0 0 0
1 0 0 0 0 0
0 1 0 0 0 0
0 0 0 1 0 0
0 0 0 1 0 0
1 0 0 0 0 0
0 0 0 0 1 0
1 0 0 0 0 0
1 0 0 0 0 0
0 1 0 0 0 0
1 0 0 0 0 0
0 0 0 0 0 1
0 0 0 0 1 0
0 1 0 0 0 0
0 0 0 0 1 0
0 1 0 0 0 0
0 0 0 0 0 1
0 0 1 0 0 0
0 0 0 1 0 0
0 1 0 0 0 0
0 0 1 0 0 0
0 0 1 0 0 0
0 1 0 0 0 0
0 0 0 0 0 1
0 0 1 0 0 0
1 0 0 0 0 0
0 1 0 0 0 0
0 0 0 0 1 0
0 0 0 0 1 0
1 0 0 0 0 0
0 0 0 0 0 1
0 0 0 0 0 1
0 0 0 0 0 1
0 1 0 0 0 0
0 1 0 0 0 0
0 0 0 1 0 0
0 0 1 0 0 0
0 0 0 0 1 0
0 0 1 0 0 0
0 0 0 0 1 0
0 0 0 0 1 0
0 0 0 0 1 0
0 0 0 0 0 1
0 0 0 0 1 0
0 0 1 0 0 0
1 0 0 0 0 0
0 0 0 1 0 0
0 0 0 0 0 1
0 0 1 0 0 0
0 0 0 0 0 1
0 0 0 1 0 0
0 0 0 0 1 0
0 0 0 0 1 0
0 0 1 0 0 0
0 0 1 0 0 0
0 1 0 0 0 0
0 0 0 1 0 0
1 0 0 0 0 0
0 0 1 0 0 0
0 0 1 0 0 0
0 1 0 0 0 0
0 1 0 0 0 0
0 0 0 0 0 1
0 0 0 1 0 0
0 0 0 0 1 0
0 0 0 0 0 1
0 1 0 0 0 0
0 1 0 0 0 0
0 0 0 0 0 1
0 0 0 1 0 0
0 1 0 0 0 0
0 1 0 0 0 0
0 0 0 0 0 1
0 0 0 0 1 0
1 0 0 0 0 0
0 0 0 1 0 0
0 0 0 1 0 0
0 0 1 0 0 0
0 0 0 0 1 0
0 0 0 0 0 1
0 0 0 0 0 1
0 0 1 0 0 0
1 0 0 0 0 0
0 1 0 0 0 0
0 0 0 1 0 0
1 0 0 0 0 0
0 1 0 0 0 0
0 1 0 0 0 0
0 0 0 0 1 0
1 0 0 0 0 0
0 0 0 0 1 0
0 1 0 0 0 0
0 0 0 0 0 1
0 0 0 0 0 1
0 0 0 1 0 0
0 0 1 0 0 0
1 0 0 0 0 0
0 0 0 1 0 0
0 1 0 0 0 0
0 1 0 0 0 0
0 1 0 0 0 0
0 0 0 0 0 1
0 0 1 0 0 0
0 1 0 0 0 0
0 0 0 0 1 0
0 0 1 0 0 0
0 1 0 0 0 0
0 0 0 0 1 0
0 1 0 0 0 0
0 0 0 1 0 0
0 0 0 0 0 1
0 0 0 0 0 1
1 0 0 0 0 0
0 0 0 0 0 1
1 0 0 0 0 0
0 0 0 0 1 0
0 1 0 0 0 0
0 0 1 0 0 0
0 1 0 0 0 0
0 0 0 0 0 1
0 1 0 0 0 0
0 0 0 0 0 1
0 1 0 0 0 0
1 0 0 0 0 0
0 1 0 0 0 0
0 1 0 0 0 0
1 0 0 0 0 0
1 0 0 0 0 0
0 0 1 0 0 0
0 0 1 0 0 0
0 0 0 0 1 0
0 0 0 0 0 1
0 0 1 0 0 0
0 0 0 1 0 0
0 0 1 0 0 0
0 0 0 0 1 0
0 0 0 0 1 0
0 0 0 0 1 0
0 0 1 0 0 0
0 1 0 0 0 0
1 0 0 0 0 0
0 0 0 1 0 0
0 0 0 1 0 0
1 0 0 0 0 0
0 0 0 0 0 1
1 0 0 0 0 0
0 0 0 0 0 1
0 0 0 0 0 1
0 0 0 0 0 1
0 1 0 0 0 0
0 1 0 0 0 0
0 0 0 1 0 0
0 1 0 0 0 0
0 0 0 0 1 0
0 0 1 0 0 0
0 0 0 0 0 1
0 1 0 0 0 0
0 1 0 0 0 0
0 0 1 0 0 0
0 0 0 1 0 0
0 0 0 1 0 0
0 0 1 0 0 0
1 0 0 0 0 0
0 1 0 0 0 0
0 0 0 0 1 0
1 0 0 0 0 0
0 1 0 0 0 0
0 0 1 0 0 0
0 0 0 1 0 0
0 0 1 0 0 0
1 0 0 0 0 0
0 0 0 0 0 1
0 0 0 0 1 0
1 0 0 0 0 0
1 0 0 0 0 0
1 0 0 0 0 0
1 0 0 0 0 0
0 0 0 1 0 0
0 0 1 0 0 0
0 0 1 0 0 0
1 0 0 0 0 0
0 1 0 0 0 0
0 0 1 0 0 0
1 0 0 0 0 0
0 0 1 0 0 0
0 1 0 0 0 0
1 0 0 0 0 0
0 0 0 0 1 0
0 0 0 0 1 0
1 0 0 0 0 0
0 0 0 0 1 0
0 0 0 1 0 0
0 0 0 1 0 0
0 0 0 0 0 1
1 0 0 0 0 0
0 0 0 0 0 1
0 0 0 0 1 0
0 0 0 0 1 0
1 0 0 0 0 0
0 0 1 0 0 0
1 0 0 0 0 0
0 0 1 0 0 0
0 0 0 0 1 0
1 0 0 0 0 0
0 1 0 0 0 0
0 0 0 0 1 0
0 0 0 0 1 0
0 0 0 1 0 0
1 0 0 0 0 0
0 0 0 1 0 0
0 0 0 0 0 1
0 0 0 1 0 0
0 0 0 1 0 0
0 0 0 0 1 0
1 0 0 0 0 0
0 0 0 0 0 1
0 0 0 0 0 1
0 0 0 0 0 1
0 0 1 0 0 0
0 0 0 0 0 1
1 0 0 0 0 0
0 0 1 0 0 0
0 1 0 0 0 0
0 0 0 0 0 1
0 0 0 0 1 0
0 0 0 1 0 0
0 0 0 1 0 0
0 0 1 0 0 0
0 1 0 0 0 0
0 0 0 1 0 0
0 0 0 0 0 1
0 0 0 0 1 0
0 0 0 1 0 0
0 1 0 0 0 0
1 0 0 0 0 0
0 1 0 0 0 0
0 0 0 0 1 0
0 0 0 0 1 0
1 0 0 0 0 0
0 0 0 0 1 0
0 0 0 1 0 0
0 0 1 0 0 0
0 0 0 0 1 0
0 1 0 0 0 0
0 0 1 0 0 0
0 0 0 0 0 1
0 1 0 0 0 0
0 0 1 0 0 0
0 0 0 0 0 1
0 0 0 0 1 0
0 0 0 1 0 0
0 0 0 0 1 0
0 0 0 0 1 0
0 0 1 0 0 0
0 0 1 0 0 0
0 0 0 0 0 1
0 0 1 0 0 0
0 0 0 1 0 0
0 0 1 0 0 0
0 1 0 0 0 0
0 0 0 0 1 0
0 0 0 1 0 0
0 0 0 0 1 0
0 1 0 0 0 0
0 0 1 0 0 0
1 0 0 0 0 0
1 0 0 0 0 0
0 0 0 0 1 0
0 0 0 0 1 0
0 0 1 0 0 0
1 0 0 0 0 0
0 0 0 1 0 0
0 0 1 0 0 0
0 0 0 0 1 0
1 0 0 0 0 0
0 0 0 0 1 0
0 1 0 0 0 0
0 0 0 0 1 0
0 0 0 1 0 0
0 1 0 0 0 0
1 0 0 0 0 0
0 0 0 0 0 1
0 1 0 0 0 0
1 0 0 0 0 0
0 0 0 0 0 1
0 0 0 0 0 1
0 0 1 0 0 0
0 0 1 0 0 0
0 0 0 1 0 0
0 0 0 1 0 0
0 1 0 0 0 0
0 0 1 0 0 0
0 0 0 1 0 0
1 0 0 0 0 0
1 0 0 0 0 0
0 0 0 0 0 1
0 0 1 0 0 0
0 1 0 0 0 0
0 0 1 0 0 0
0 1 0 0 0 0
0 0 0 0 1 0
1 0 0 0 0 0
1 0 0 0 0 0
1 0 0 0 0 0
0 1 0 0 0 0
0 0 0 0 1 0
0 0 0 1 0 0
0 0 0 0 1 0
0 0 1 0 0 0
0 0 1 0 0 0
1 0 0 0 0 0
1 0 0 0 0 0
0 1 0 0 0 0
0 0 0 1 0 0
0 0 0 1 0 0
0 0 0 0 0 1
0 1 0 0 0 0
0 0 1 0 0 0
0 0 0 0 1 0
0 0 1 0 0 0
1 0 0 0 0 0
1 0 0 0 0 0
0 1 0 0 0 0
1 0 0 0 0 0
0 0 0 1 0 0
0 0 0 0 0 1
0 0 0 0 0 1
0 0 0 0 0 1
0 0 0 0 1 0
1 0 0 0 0 0
0 0 0 0 1 0
0 0 0 0 1 0
1 0 0 0 0 0
1 0 0 0 0 0
0 0 0 0 0 1
0 0 0 0 1 0
1 0 0 0 0 0
1 0 0 0 0 0
1 0 0 0 0 0
1 0 0 0 0 0
0 0 1 0 0 0
0 0 0 1 0 0
0 0 1 0 0 0
1 0 0 0 0 0
0 0 0 0 0 1
0 0 0 0 0 1
0 0 0 0 0 1
0 0 0 0 0 1
0 0 1 0 0 0
0 0 1 0 0 0
0 0 0 1 0 0
0 0 0 1 0 0
1 0 0 0 0 0
0 0 0 1 0 0
0 1 0 0 0 0
0 1 0 0 0 0
0 0 0 1 0 0
0 1 0 0 0 0
0 0 0 0 1 0
0 0 0 1 0 0
0 0 0 1 0 0
0 0 0 0 0 1
0 0 0 1 0 0
1 0 0 0 0 0
0 0 0 0 1 0
0 0 0 0 1 0
0 0 0 0 1 0
1 0 0 0 0 0
0 1 0 0 0 0
0 0 0 0 0 1
0 0 0 1 0 0
0 1 0 0 0 0
1 0 0 0 0 0
0 0 0 1 0 0
1 0 0 0 0 0
0 0 0 1 0 0
0 0 0 1 0 0
0 0 1 0 0 0
1 0 0 0 0 0
0 0 1 0 0 0
0 0 1 0 0 0
1 0 0 0 0 0
0 0 0 0 1 0
0 0 0 0 1 0
1 0 0 0 0 0
0 0 0 0 0 1
0 0 0 0 1 0
0 0 0 0 1 0
0 0 0 0 1 0
0 0 0 0 0 1
1 0 0 0 0 0
0 0 0 0 0 1
0 0 0 1 0 0
0 0 0 0 0 1
0 0 0 1 0 0
0 0 0 0 1 0
0 0 0 0 0 1
0 0 1 0 0 0
0 0 0 0 1 0
1 0 0 0 0 0
0 0 0 0 0 1
0 0 0 0 0 1
0 0 1 0 0 0
1 0 0 0 0 0
0 0 0 0 1 0
0 0 0 0 0 1
0 0 0 0 1 0
0 0 0 0 0 1
0 0 1 0 0 0
1 0 0 0 0 0
0 0 0 1 0 0
0 0 0 0 0 1
0 0 0 1 0 0
0 1 0 0 0 0
0 0 0 1 0 0
0 1 0 0 0 0
0 0 0 0 1 0
0 0 0 0 0 1
1 0 0 0 0 0
0 0 0 0 0 1
1 0 0 0 0 0
0 0 0 0 0 1
1 0 0 0 0 0
0 0 0 1 0 0
0 0 0 0 1 0
0 0 0 0 0 1
0 0 1 0 0 0
0 0 0 0 1 0
0 0 0 0 0 1
0 0 1 0 0 0
1 0 0 0 0 0
0 0 0 1 0 0
0 0 0 0 0 1
0 0 0 1 0 0
0 0 0 1 0 0
0 0 0 0 1 0
0 0 1 0 0 0
0 0 0 1 0 0
0 0 1 0 0 0
0 1 0 0 0 0
0 0 1 0 0 0
0 0 1 0 0 0
1 0 0 0 0 0
0 0 0 0 0 1
1 0 0 0 0 0
0 1 0 0 0 0
0 0 1 0 0 0
0 1 0 0 0 0
0 0 0 1 0 0
0 1 0 0 0 0
0 1 0 0 0 0
0 0 0 1 0 0
0 0 1 0 0 0
0 0 0 0 0 1
0 1 0 0 0 0
0 0 0 0 1 0
0 0 0 0 0 1
0 0 1 0 0 0
0 0 0 0 0 1
1 0 0 0 0 0
0 0 1 0 0 0
0 0 0 0 1 0
0 0 0 0 0 1
0 0 0 0 0 1
0 0 0 1 0 0
1 0 0 0 0 0
0 1 0 0 0 0
0 0 0 0 1 0
0 0 1 0 0 0
0 1 0 0 0 0
0 0 0 1 0 0
1 0 0 0 0 0
0 1 0 0 0 0
0 1 0 0 0 0
0 0 0 0 0 1
0 0 0 0 1 0
0 0 0 0 1 0
0 1 0 0 0 0
0 1 0 0 0 0
0 0 1 0 0 0
0 0 0 0 1 0
0 0 0 0 1 0
1 0 0 0 0 0
0 0 1 0 0 0
0 0 0 1 0 0
1 0 0 0 0 0
0 0 0 0 1 0
0 0 0 1 0 0
0 0 0 1 0 0
0 0 1 0 0 0
0 0 1 0 0 0
0 1 0 0 0 0
1 0 0 0 0 0
0 0 0 0 1 0
0 0 0 0 0 1
0 0 0 0 0 1
0 0 1 0 0 0
0 1 0 0 0 0
0 0 0 0 0 1
0 1 0 0 0 0
1 0 0 0 0 0
0 0 0 1 0 0
0 0 0 0 1 0
0 0 1 0 0 0
1 0 0 0 0 0
0 0 0 1 0 0
0 0 1 0 0 0
0 0 0 1 0 0
0 0 0 0 1 0
0 0 0 1 0 0
1 0 0 0 0 0
0 1 0 0 0 0
0 0 0 0 1 0
0 0 0 1 0 0
1 0 0 0 0 0
1 0 0 0 0 0
1 0 0 0 0 0
0 0 0 0 0 1
0 1 0 0 0 0
0 0 1 0 0 0
0 0 0 0 1 0
0 0 0 0 0 1
1 0 0 0 0 0
0 0 0 0 1 0
0 1 0 0 0 0
0 1 0 0 0 0
0 1 0 0 0 0
0 0 0 0 1 0
0 0 0 0 1 0
0 0 1 0 0 0
0 0 0 0 0 1
1 0 0 0 0 0
0 1 0 0 0 0
1 0 0 0 0 0
0 0 0 1 0 0
0 0 0 0 0 1
0 1 0 0 0 0
0 0 0 0 1 0
0 0 0 0 1 0
0 0 0 1 0 0
1 0 0 0 0 0
0 1 0 0 0 0
0 0 0 0 1 0
0 1 0 0 0 0
0 0 1 0 0 0
0 0 0 1 0 0
0 0 0 0 1 0
0 0 0 0 0 1
0 0 0 1 0 0
1 0 0 0 0 0
0 0 0 0 1 0
0 0 0 0 0 1
0 1 0 0 0 0
0 1 0 0 0 0
0 0 1 0 0 0
0 0 1 0 0 0
1 0 0 0 0 0
1 0 0 0 0 0
0 1 0 0 0 0
0 1 0 0 0 0
0 0 1 0 0 0
0 0 0 1 0 0
0 0 0 0 0 1
0 1 0 0 0 0
0 0 1 0 0 0
0 0 1 0 0 0
0 0 0 0 0 1
0 0 0 0 0 1
0 0 0 1 0 0
0 0 0 1 0 0
0 0 0 0 1 0
0 0 1 0 0 0
0 0 0 1 0 0
0 0 0 0 1 0
1 0 0 0 0 0
1 0 0 0 0 0
0 1 0 0 0 0
0 0 0 0 1 0
0 0 0 0 0 1
0 0 1 0 0 0
0 0 0 1 0 0
0 1 0 0 0 0
0 0 0 0 0 1
0 1 0 0 0 0
0 0 0 1 0 0
0 0 1 0 0 0
1 0 0 0 0 0
0 1 0 0 0 0
1 0 0 0 0 0
0 0 0 0 0 1
1 0 0 0 0 0
0 0 0 0 0 1
0 1 0 0 0 0
1 0 0 0 0 0
0 0 1 0 0 0
0 0 1 0 0 0
1 0 0 0 0 0
1 0 0 0 0 0
0 1 0 0 0 0
0 0 1 0 0 0
0 0 0 1 0 0
0 1 0 0 0 0
0 0 1 0 0 0
0 0 0 0 0 1
1 0 0 0 0 0
0 0 0 0 0 1
0 0 0 0 1 0
0 0 0 0 1 0
0 0 1 0 0 0
1 0 0 0 0 0
0 0 0 0 1 0
0 0 0 0 1 0
0 0 1 0 0 0
0 1 0 0 0 0
0 0 1 0 0 0
0 0 0 1 0 0
1 0 0 0 0 0
0 0 0 0 1 0
0 0 1 0 0 0
0 1 0 0 0 0
0 1 0 0 0 0
0 0 0 1 0 0
0 0 0 1 0 0
0 0 0 0 0 1
0 0 0 1 0 0
0 0 0 0 1 0
0 0 0 0 0 1
0 0 0 1 0 0
0 1 0 0 0 0
0 0 0 1 0 0
0 0 0 0 0 1
0 0 0 0 0 1
0 0 0 0 0 1
0 0 0 0 0 1
0 1 0 0 0 0
0 0 0 0 0 1
0 0 1 0 0 0
0 0 0 0 1 0
1 0 0 0 0 0
0 0 0 1 0 0
1 0 0 0 0 0
0 0 1 0 0 0
1 0 0 0 0 0
0 0 0 0 1 0
0 0 0 0 0 1
0 0 1 0 0 0
0 0 0 1 0 0
0 0 1 0 0 0
0 0 0 0 1 0
1 0 0 0 0 0
0 0 0 1 0 0
0 0 0 1 0 0
1 0 0 0 0 0
0 1 0 0 0 0
0 0 0 0 0 1
0 0 0 0 0 1
0 0 1 0 0 0
0 0 0 1 0 0
0 0 0 0 0 1
0 0 0 0 1 0
0 0 0 0 1 0
0 1 0 0 0 0
0 0 0 0 1 0
1 0 0 0 0 0
1 0 0 0 0 0
0 0 1 0 0 0
0 0 0 0 0 1
0 0 0 1 0 0
0 0 1 0 0 0
0 0 0 0 0 1
0 0 0 1 0 0
0 1 0 0 0 0
0 0 1 0 0 0
0 0 1 0 0 0
0 0 0 0 0 1
0 1 0 0 0 0
0 0 0 0 0 1
0 0 1 0 0 0
0 0 0 1 0 0
0 0 0 0 1 0
0 1 0 0 0 0
0 0 0 0 1 0
0 0 1 0 0 0
0 0 1 0 0 0
0 1 0 0 0 0
0 0 0 0 0 1
0 0 1 0 0 0
0 0 0 0 1 0
0 1 0 0 0 0
0 0 0 0 0 1
0 1 0 0 0 0
0 0 1 0 0 0
0 0 1 0 0 0
0 0 0 0 0 1
0 0 0 0 1 0
1 0 0 0 0 0
0 0 1 0 0 0
0 0 0 1 0 0
1 0 0 0 0 0
0 0 0 0 1 0
0 0 0 0 0 1
0 0 0 1 0 0
0 0 0 1 0 0
0 0 0 0 0 1
0 0 1 0 0 0
0 0 0 0 1 0
0 0 0 1 0 0
0 1 0 0 0 0
0 1 0 0 0 0
0 0 1 0 0 0
0 0 1 0 0 0
0 0 1 0 0 0
0 0 0 1 0 0
0 0 0 1 0 0
0 0 0 0 1 0
0 0 0 1 0 0
0 1 0 0 0 0
0 0 0 0 0 1
0 0 0 0 1 0
0 1 0 0 0 0
0 0 0 1 0 0
0 0 0 0 0 1
0 0 0 0 0 1
1 0 0 0 0 0
1 0 0 0 0 0
0 0 0 0 0 1
0 0 0 1 0 0
0 0 0 1 0 0
0 0 0 0 1 0
0 1 0 0 0 0
1 0 0 0 0 0
0 0 0 1 0 0
0 0 1 0 0 0
0 0 0 0 1 0
0 0 1 0 0 0
0 0 0 0 1 0
0 1 0 0 0 0
1 0 0 0 0 0
0 1 0 0 0 0
0 1 0 0 0 0
0 1 0 0 0 0
0 1 0 0 0 0
0 0 0 0 0 1
0 1 0 0 0 0
0 0 0 0 1 0
1 0 0 0 0 0
1 0 0 0 0 0
0 1 0 0 0 0
0 0 0 0 1 0
0 1 0 0 0 0
1 0 0 0 0 0
0 0 0 1 0 0
0 0 0 0 0 1
0 0 0 1 0 0
0 0 0 0 1 0
0 0 1 0 0 0
0 0 1 0 0 0
0 1 0 0 0 0
0 0 0 1 0 0
0 0 0 0 1 0
0 0 0 0 0 1
0 0 0 1 0 0
0 0 0 1 0 0
0 0 0 0 1 0
0 0 0 1 0 0
0 0 0 0 0 1
0 0 0 1 0 0
0 1 0 0 0 0
0 1 0 0 0 0
0 0 0 1 0 0
0 0 0 0 0 1
0 0 0 0 0 1
0 0 0 0 1 0
0 0 0 1 0 0
1 0 0 0 0 0
0 1 0 0 0 0
0 0 0 0 1 0
0 1 0 0 0 0
0 0 0 0 1 0
0 0 0 0 1 0
0 1 0 0 0 0
0 0 1 0 0 0
0 0 0 0 1 0
1 0 0 0 0 0
0 0 0 0 0 1
0 1 0 0 0 0
0 0 0 1 0 0
0 0 0 0 1 0
0 0 0 0 1 0
0 0 1 0 0 0
0 0 1 0 0 0
0 0 0 1 0 0
0 0 0 1 0 0
1 0 0 0 0 0
0 0 0 0 0 1
1 0 0 0 0 0
1 0 0 0 0 0
0 1 0 0 0 0
0 0 0 0 0 1
0 1 0 0 0 0
0 0 0 1 0 0
0 0 0 1 0 0
0 0 1 0 0 0
0 0 0 0 1 0
1 0 0 0 0 0
0 0 0 0 0 1
1 0 0 0 0 0
0 0 0 0 1 0
0 0 0 1 0 0
1 0 0 0 0 0
0 0 0 0 1 0
0 1 0 0 0 0
0 1 0 0 0 0
1 0 0 0 0 0
0 0 1 0 0 0
0 1 0 0 0 0
1 0 0 0 0 0
0 0 0 1 0 0
0 0 1 0 0 0
0 0 1 0 0 0
0 1 0 0 0 0
1 0 0 0 0 0
1 0 0 0 0 0
0 0 0 1 0 0
0 1 0 0 0 0
1 0 0 0 0 0
0 1 0 0 0 0
0 1 0 0 0 0
1 0 0 0 0 0
1 0 0 0 0 0
0 0 1 0 0 0
0 0 0 1 0 0
0 0 0 0 1 0
0 0 0 0 0 1
0 0 1 0 0 0
0 0 0 0 1 0
1 0 0 0 0 0
0 0 1 0 0 0
0 0 1 0 0 0
0 0 0 0 0 1
0 1 0 0 0 0
0 0 0 0 1 0
1 0 0 0 0 0
1 0 0 0 0 0
0 0 0 0 0 1
0 0 0 0 0 1
0 0 0 1 0 0
0 0 0 1 0 0
0 0 1 0 0 0
0 0 0 0 1 0
0 0 0 1 0 0
0 0 0 0 0 1
0 0 0 0 1 0
0 0 0 0 1 0
0 0 0 1 0 0
1 0 0 0 0 0
1 0 0 0 0 0
0 0 0 1 0 0
0 0 1 0 0 0
0 0 0 1 0 0
0 1 0 0 0 0
0 1 0 0 0 0
0 0 0 0 1 0
1 0 0 0 0 0
0 0 0 0 1 0
0 0 0 0 0 1
0 1 0 0 0 0
0 0 0 1 0 0
1 0 0 0 0 0
0 0 1 0 0 0
0 1 0 0 0 0
0 0 1 0 0 0
0 0 1 0 0 0
0 0 0 0 0 1
0 0 1 0 0 0
0 0 0 0 0 1
0 1 0 0 0 0
0 1 0 0 0 0
1 0 0 0 0 0
0 0 0 0 0 1
0 0 0 0 1 0
0 0 1 0 0 0
0 0 1 0 0 0
0 0 1 0 0 0
0 0 1 0 0 0
1 0 0 0 0 0

Capacidades:
31 22 25 20 43 32
39 47 57 47 30 43
33 49 32 0 50 34
39 26 55 23 27 35
40 53 45 37 55 0
58 56 47 58 0 35
59 39 27 24 57 0
57 55 59 25 0 53
42 47 22 28 0 45
52 45 51 33 47 53
