m: 500
n: 5
p: 7

Distancias:
9.27 3.80 2.97 3.27 8.63
4.71 3.14 1.48 1.80 7.21
9.33 5.88 4.55 5.38 6.51
2.89 4.40 8.01 9.81 4.36
9.26 6.99 7.20 6.97 7.93
7.05 5.60 9.68 6.70 8.57
8.24 3.41 6.29 4.54 3.30
8.63 7.07 2.56 6.83 7.18
6.87 5.77 9.59 3.12 1.11
1.34 9.34 8.71 9.10 5.53
9.99 1.47 5.75 2.03 1.37
6.53 9.52 6.87 3.24 4.53
6.99 1.57 4.96 2.48 8.93
3.59 2.40 6.60 8.76 7.43
5.87 2.37 2.75 9.00 5.20
8.85 9.22 7.56 1.93 6.67
2.65 6.43 2.26 9.32 1.61
7.70 8.19 2.91 7.78 9.09
4.75 7.42 5.69 7.62 7.81
1.38 1.66 5.98 9.15 9.31
9.05 9.39 4.79 8.60 5.27
7.13 6.84 9.38 4.35 5.68
4.91 8.28 9.13 7.16 7.66
4.16 5.75 3.78 1.13 9.56
4.47 6.42 3.81 2.71 9.03
8.04 8.63 6.47 1.52 8.90
2.31 9.48 1.58 8.09 3.34
1.29 4.36 7.81 8.25 9.68
6.64 8.79 2.88 1.31 3.20
8.89 9.28 8.48 4.37 8.94
3.58 5.66 9.38 5.71 3.87
5.19 9.13 3.16 8.08 5.36
7.99 1.12 5.25 8.32 7.08
8.19 3.36 2.86 8.30 3.87
4.44 3.60 1.10 7.71 5.89
1.18 5.84 9.53 9.12 1.35
1.84 9.02 1.80 8.76 4.54
1.37 6.72 6.41 4.48 2.29
4.86 5.02 8.92 4.54 4.09
4.73 1.30 6.87 8.36 5.98
7.68 6.92 6.83 9.42 1.12
7.28 7.38 9.83 4.98 7.97
6.83 2.54 5.90 1.28 2.75
1.43 8.09 3.44 1.63 4.35
8.60 4.10 4.15 1.24 3.95
8.40 6.54 3.63 9.26 7.22
6.35 7.64 6.85 8.92 9.89
4.51 8.66 7.68 9.98 7.25
3.98 2.55 5.79 1.24 1.78
8.83 4.61 7.53 9.21 4.33
8.53 4.19 6.40 8.35 5.42
5.06 4.44 9.29 6.62 3.39
4.50 1.48 6.51 6.92 5.94
8.38 2.45 3.89 1.44 4.17
8.43 8.07 6.82 9.46 3.39
4.90 9.05 8.17 2.79 4.24
7.96 5.17 2.92 6.35 3.45
4.69 8.65 7.32 8.47 5.82
7.19 5.37 1.57 6.08 7.72
9.99 6.68 8.09 5.00 2.55
4.55 8.17 9.43 9.07 5.79
8.84 8.67 1.34 8.96 1.89
9.88 8.14 5.27 5.88 8.90
8.99 5.65 1.59 5.68 5.07
7.79 7.18 4.61 8.05 6.33
9.60 7.19 6.59 2.76 8.34
7.33 8.15 1.82 7.37 3.61
3.24 1.99 2.45 8.28 8.03
5.63 7.31 2.68 4.11 9.74
6.11 6.95 8.08 5.18 4.19
9.63 8.35 9.25 5.52 2.75
4.62 9.26 1.43 7.04 8.70
5.66 3.86 4.50 7.44 8.39
6.93 6.95 6.92 3.92 9.14
4.92 4.93 8.40 5.36 6.25
4.27 4.08 9.70 6.82 4.67
5.52 9.14 5.68 8.74 6.27
7.10 8.13 7.72 2.05 7.85
5.96 2.17 1.46 5.10 2.91
7.19 7.55 9.69 8.04 3.49
5.55 5.99 2.59 5.22 2.22
8.60 3.45 5.48 5.34 6.84
2.95 3.81 9.00 9.07 2.04
1.32 2.36 5.33 8.00 8.42
8.65 3.74 6.00 1.90 6.98
1.72 2.86 3.84 3.33 2.01
9.79 1.92 6.01 6.62 2.49
7.42 3.94 6.17 4.01 5.63
5.68 4.52 8.26 8.55 7.73
8.78 4.25 6.65 9.19 9.79
6.01 4.39 6.19 9.87 2.88
3.57 6.31 1.31 2.78 3.05
9.55 4.69 2.52 6.02 5.97
5.69 6.57 3.86 8.00 7.34
9.36 7.32 7.25 2.70 3.41
1.12 7.63 2.06 3.74 5.19
1.82 6.56 3.82 4.92 6.97
3.08 3.39 5.31 8.31 4.20
3.32 1.25 3.37 6.23 4.48
4.27 6.66 8.06 2.25 3.85
7.32 4.21 4.57 4.93 1.65
3.45 3.66 8.61 7.88 4.68
6.07 7.76 8.71 7.75 6.20
1.26 7.41 8.14 6.97 4.65
6.95 5.48 9.15 8.52 1.38
6.06 1.39 7.44 9.52 1.46
5.67 4.21 3.30 2.26 7.76
5.68 7.49 5.14 9.11 8.29
3.63 9.70 5.50 4.53 1.88
9.67 1.71 9.20 2.74 7.35
1.64 5.65 5.68 3.41 1.40
9.62 3.27 1.14 2.85 7.38
9.18 4.83 4.00 4.71 1.44
1.66 4.29 4.76 1.46 1.81
7.18 7.81 8.71 5.33 6.30
1.87 9.65 9.64 9.02 6.62
5.09 2.05 7.78 6.55 4.35
2.41 9.57 5.89 4.65 2.01
4.22 9.05 6.42 4.81 1.66
7.82 4.65 2.97 9.13 1.17
1.88 2.82 5.95 8.64 8.33
7.48 5.18 8.75 9.68 7.98
1.49 3.80 5.92 9.06 4.15
6.00 4.27 5.34 5.41 8.76
7.86 3.03 1.10 9.20 6.27
4.15 9.98 4.44 1.24 8.37
2.14 6.42 9.34 2.61 7.78
4.28 6.23 3.18 3.56 3.73
1.18 2.33 7.99 6.47 8.14
2.12 2.81 1.77 6.99 9.71
2.56 1.89 7.85 7.54 7.73
6.13 2.93 3.40 5.35 3.85
5.41 4.30 9.14 1.18 2.99
1.63 8.85 8.85 1.52 2.26
1.51 8.30 4.14 3.84 5.86
9.67 9.90 7.75 1.06 5.21
1.87 5.06 5.07 9.64 3.39
7.15 4.74 3.26 4.49 2.23
2.77 4.53 9.19 1.10 1.82
2.31 5.63 3.15 2.08 2.83
5.75 9.86 5.37 6.49 3.53
7.05 6.28 8.86 4.66 5.92
9.91 3.01 5.21 8.34 9.29
1.80 3.95 6.65 5.13 8.47
2.32 8.00 9.40 8.80 2.02
5.09 8.97 9.95 7.93 9.39
6.24 9.47 1.81 5.52 6.74
3.40 4.29 3.38 2.33 8.53
3.89 8.94 8.05 1.91 4.15
2.74 8.26 5.67 2.63 9.32
5.13 3.08 7.79 5.59 5.63
4.91 6.07 6.05 6.94 1.83
4.50 5.04 3.58 8.50 4.56
6.64 4.10 8.44 4.06 7.30
6.39 1.50 8.90 5.05 6.03
6.83 1.91 7.45 5.01 6.04
2.89 1.41 4.72 6.18 3.42
7.62 1.98 2.71 6.44 4.45
7.33 4.65 6.93 4.96 5.64
9.67 8.60 7.67 5.30 9.88
6.48 2.00 7.97 5.57 9.04
5.59 1.51 5.35 6.90 5.15
4.96 3.26 9.06 6.34 1.18
1.04 8.17 2.70 7.44 9.76
9.12 8.86 7.35 1.29 5.48
9.74 8.84 7.96 3.60 1.59
8.82 4.71 1.72 9.64 4.30
4.73 8.31 8.71 6.73 9.56
5.46 7.77 1.14 5.27 7.87
5.73 9.67 6.98 4.86 9.04
5.74 5.02 1.21 8.58 4.75
9.96 3.65 6.83 2.59 3.73
5.32 6.74 7.28 3.53 5.97
7.62 9.89 8.83 3.62 6.97
2.97 9.04 8.98 7.98 1.44
1.88 6.40 3.05 3.17 9.26
3.75 9.17 5.11 3.59 5.70
4.99 8.87 8.53 5.27 6.12
1.87 4.25 3.11 3.72 6.41
8.38 3.85 1.13 8.51 4.90
3.73 1.37 3.07 8.87 5.18
5.70 1.62 3.12 5.93 6.05
2.45 9.70 3.28 8.75 3.96
2.09 5.00 8.84 3.07 9.05
6.94 7.86 3.41 4.67 6.86
2.08 9.69 1.03 4.82 7.55
6.31 1.53 6.20 2.48 9.42
7.40 5.56 6.23 1.43 4.60
1.89 2.02 5.52 4.25 7.12
1.15 6.10 8.39 2.39 9.17
3.05 6.25 2.18 1.17 7.45
6.51 4.32 9.56 1.37 1.60
2.41 7.95 7.18 5.31 5.24
1.63 5.52 1.38 7.03 9.82
1.49 1.34 3.51 4.41 2.40
9.45 4.62 5.26 2.00 4.80
8.87 4.56 8.98 6.29 1.86
7.21 3.74 9.17 9.69 7.60
2.10 9.39 7.91 4.36 3.41
3.88 9.64 9.16 8.24 3.87
9.85 6.38 6.16 4.29 2.67
3.99 6.08 1.00 9.25 5.95
8.14 3.02 7.61 7.73 2.79
3.50 7.06 4.95 3.91 1.49
3.61 2.65 8.35 8.61 7.10
2.05 5.87 8.30 4.68 5.77
3.35 2.04 3.36 4.19 7.43
4.84 9.41 8.82 5.77 8.08
3.05 9.48 2.16 3.00 2.25
4.83 3.22 7.35 8.14 4.29
9.97 8.74 9.67 6.08 5.22
3.96 2.92 5.87 4.05 5.12
6.75 9.24 1.89 3.23 7.39
9.45 2.92 4.29 7.73 4.94
4.27 9.62 3.58 2.75 3.75
3.66 1.04 1.30 3.40 6.10
3.51 6.50 7.00 3.59 8.63
7.15 2.36 7.01 2.78 9.65
8.09 3.19 1.32 6.38 4.32
7.22 8.37 9.05 2.40 7.63
6.67 6.17 5.09 2.00 7.84
8.40 6.97 5.56 8.94 5.61
4.48 4.71 2.23 1.77 1.44
3.46 3.97 3.27 4.09 1.85
6.70 2.97 8.44 1.88 7.27
3.31 6.21 2.25 6.60 3.89
9.64 9.72 6.84 8.79 4.07
1.27 8.84 7.90 4.50 6.89
3.17 8.62 7.05 1.69 7.64
2.53 6.49 3.81 4.30 2.84
1.10 7.60 8.97 3.38 9.46
9.14 3.46 8.15 6.37 3.44
2.65 9.81 6.33 2.22 2.84
1.78 9.80 5.58 1.56 9.57
6.87 8.11 7.59 9.60 2.63
1.78 9.18 2.23 9.24 9.82
6.32 9.61 4.98 2.70 5.17
2.99 3.25 8.11 4.14 4.09
4.34 3.97 4.74 7.28 5.22
3.57 6.26 5.25 7.63 8.12
8.72 4.63 1.52 5.34 6.89
8.98 6.18 2.57 8.77 4.52
5.31 2.25 7.34 2.50 2.49
3.72 3.62 7.68 6.96 1.27
5.61 4.37 9.00 7.54 8.20
6.20 6.63 5.31 2.60 6.89
9.16 1.36 6.97 7.73 1.22
8.07 2.25 1.70 3.25 8.82
2.14 7.57 5.31 4.95 3.22
8.69 6.17 3.39 5.55 5.15
3.55 7.91 7.70 3.88 9.89
8.46 3.87 7.58 5.50 5.59
9.58 8.63 2.85 5.29 2.34
5.68 5.89 6.09 1.45 7.06
1.57 6.30 9.30 3.20 4.21
5.71 5.85 1.49 4.47 6.57
5.30 7.81 5.65 1.23 6.86
9.00 4.75 1.11 2.60 6.16
7.69 4.10 4.74 9.77 7.91
3.05 1.96 2.57 9.04 9.44
9.14 8.13 7.43 5.26 6.52
8.98 7.01 7.66 9.28 7.19
1.53 1.09 3.13 4.06 6.24
9.49 8.22 6.09 9.89 7.73
3.10 9.26 9.22 2.47 9.92
2.25 1.62 8.60 8.99 8.04
1.08 2.23 5.68 9.44 8.64
2.17 1.63 1.26 4.20 3.05
6.64 1.55 5.47 8.74 6.87
9.08 6.17 3.34 1.93 1.36
6.45 5.98 4.32 9.95 1.97
6.53 3.50 1.83 7.09 2.76
3.67 8.82 2.82 6.81 1.41
6.60 4.33 2.26 3.76 5.06
7.11 4.14 2.42 3.34 3.37
8.06 6.62 3.72 6.28 5.65
5.02 9.67 6.54 7.88 1.34
6.25 8.40 4.05 4.94 2.01
3.99 7.99 5.63 3.63 5.98
8.73 8.70 4.06 3.61 8.51
4.02 3.15 7.80 3.12 1.09
9.24 5.44 4.17 3.63 8.28
6.66 1.47 9.42 5.78 4.76
8.03 8.67 9.76 4.87 4.33
7.03 4.15 9.63 4.18 6.14
4.33 1.83 2.09 6.92 4.00
7.34 4.25 3.43 8.72 1.73
2.10 8.59 9.91 7.79 7.35
9.74 4.08 7.84 5.10 8.85
6.03 3.87 7.40 1.25 2.24
2.84 3.69 4.53 7.22 1.26
8.50 2.79 1.06 4.46 6.70
2.30 9.29 7.90 2.83 7.02
3.20 9.01 2.41 2.63 2.03
5.99 2.51 8.95 9.56 6.56
9.11 2.77 9.29 3.66 4.55
3.07 4.32 5.97 7.49 1.02
3.98 3.60 2.46 1.51 7.76
3.05 6.00 1.59 7.43 8.69
1.85 4.14 3.12 8.79 9.69
3.93 8.43 5.81 6.71 8.41
4.43 4.95 4.85 1.32 4.57
7.85 1.92 7.31 4.94 1.05
7.69 2.68 4.68 1.98 2.24
8.19 7.77 6.77 3.72 5.94
8.49 8.80 4.76 8.81 4.44
2.14 2.25 9.09 8.92 2.93
4.75 9.46 8.44 7.93 4.37
7.26 6.17 6.91 1.33 2.02
3.26 3.07 1.77 3.07 1.23
2.29 1.19 8.42 5.64 8.97
7.30 3.61 2.71 2.39 1.28
8.68 1.22 2.73 2.49 8.90
1.49 2.13 5.44 6.84 3.34
2.29 8.17 3.16 3.72 8.62
9.09 9.22 6.92 9.81 9.73
5.58 4.08 9.62 2.14 3.13
8.06 9.07 1.39 6.80 2.61
2.43 4.88 5.63 4.72 2.53
9.54 5.68 9.16 4.26 8.31
6.90 8.30 2.76 4.90 1.84
8.66 3.50 2.62 8.77 4.32
1.25 9.21 5.38 6.91 3.68
6.09 7.74 7.75 4.78 8.98
5.21 8.19 9.00 3.99 6.52
3.28 8.44 2.82 4.64 8.60
9.05 1.78 6.23 9.06 8.62
1.86 8.17 2.34 1.66 3.02
8.43 7.10 8.81 4.30 7.72
1.31 1.45 6.46 5.24 4.79
4.95 4.70 2.78 3.51 6.92
3.85 6.25 6.93 3.76 1.19
7.07 7.62 8.20 3.22 9.29
5.70 4.92 9.90 7.75 3.08
9.42 7.61 8.21 2.91 5.88
4.51 7.22 9.29 2.08 6.50
7.77 1.55 9.14 5.87 3.87
1.64 7.51 3.09 3.57 7.29
9.81 7.05 6.50 2.95 4.89
4.39 6.92 8.84 6.87 6.01
1.99 3.52 7.77 2.04 6.15
2.24 4.50 4.63 9.45 9.21
8.80 7.91 4.86 1.68 8.88
2.46 2.91 1.80 1.54 2.31
8.80 3.67 8.07 6.23 5.88
4.94 2.22 9.29 7.31 1.39
6.19 2.22 9.48 9.88 7.84
9.96 8.59 3.00 8.74 8.60
5.04 1.65 8.96 1.96 8.35
3.39 1.81 1.60 8.04 7.32
7.87 1.16 7.05 9.88 1.00
6.00 7.37 1.52 4.64 1.87
8.53 8.53 7.44 7.34 9.95
2.30 6.11 5.71 7.68 6.87
1.86 3.13 3.62 3.23 1.22
7.05 3.27 6.48 7.25 8.92
6.61 3.72 4.68 6.78 8.92
6.45 7.63 2.87 7.45 5.88
2.60 2.49 9.84 1.33 5.42
4.56 7.12 7.54 2.76 9.52
9.54 2.21 9.47 8.90 7.66
8.98 7.81 8.14 7.24 9.80
9.06 4.59 6.12 5.41 1.95
8.67 6.00 8.12 9.61 8.29
3.21 1.84 2.78 9.18 3.14
4.93 9.41 3.53 9.42 8.43
8.25 3.68 4.10 1.44 3.10
6.09 1.50 3.75 9.14 3.99
4.35 4.24 6.64 8.10 3.61
8.34 4.92 3.37 8.71 3.52
4.80 1.75 8.06 3.05 2.91
1.45 3.51 5.59 9.09 6.49
3.83 8.83 5.81 3.74 4.66
6.88 4.11 3.38 8.21 9.01
3.54 6.15 7.57 6.43 3.10
4.39 8.41 9.54 4.62 10.00
7.46 3.06 5.62 7.43 2.46
4.39 7.65 5.19 2.21 9.16
8.08 7.62 7.41 8.59 6.06
5.05 2.59 1.06 9.24 1.67
6.17 6.86 9.75 7.29 4.69
8.71 1.13 3.42 1.58 3.37
2.64 8.81 2.02 7.61 3.66
5.24 7.91 2.73 6.29 7.46
7.31 7.47 7.33 9.63 4.17
7.55 3.50 4.78 6.52 1.41
6.14 5.94 9.17 9.54 2.10
6.19 8.92 4.98 4.86 4.74
1.44 5.48 9.00 6.66 8.72
1.19 2.87 8.97 7.46 2.71
5.15 3.27 4.81 6.55 8.00
8.99 3.68 1.58 6.75 3.44
1.82 5.59 1.84 1.71 1.32
6.02 4.88 5.29 1.29 3.79
6.71 2.93 2.33 8.58 4.62
3.49 4.83 9.66 9.58 3.37
4.38 6.41 4.20 4.61 9.23
7.84 1.35 3.79 3.88 1.07
2.89 7.65 7.32 3.48 7.40
9.85 3.03 3.91 7.41 1.44
8.03 8.17 7.18 4.91 5.49
2.97 9.14 8.52 8.86 9.04
7.94 4.48 4.02 9.29 3.31
2.22 6.00 8.27 1.57 3.57
2.30 7.52 5.88 1.97 9.04
1.02 7.67 6.58 4.84 9.96
9.42 6.77 9.42 6.70 8.60
1.89 6.30 2.01 3.14 2.47
3.61 2.68 2.42 7.23 2.34
6.15 1.50 1.19 3.21 2.11
6.91 2.46 1.97 6.27 9.27
8.20 3.63 1.46 7.36 7.54
2.02 5.95 1.07 2.95 4.01
4.53 6.48 1.19 3.05 6.96
5.29 6.64 6.56 2.15 5.74
8.39 7.63 7.20 5.01 9.72
1.92 9.01 8.46 5.08 7.33
1.72 7.08 8.47 8.66 2.09
3.98 7.02 9.37 2.82 3.67
5.64 4.85 4.31 6.33 6.50
4.17 7.66 5.61 4.22 9.38
7.17 9.20 5.66 2.30 8.26
2.34 5.00 9.10 7.41 4.33
5.17 5.02 3.24 1.05 5.97
3.59 9.56 8.00 9.39 5.04
2.21 9.53 7.88 9.34 5.66
1.93 3.56 2.66 6.15 5.57
9.26 2.73 2.21 5.05 1.91
4.66 5.29 4.73 7.38 4.58
2.72 6.20 8.99 1.52 8.93
7.64 8.04 8.10 9.73 9.87
3.38 5.02 9.10 6.71 9.51
4.64 4.05 3.36 5.03 1.95
4.51 3.14 5.85 8.01 7.97
3.45 6.17 2.03 3.20 9.68
4.23 3.96 3.09 5.19 7.22
7.02 7.78 8.59 8.01 9.08
8.50 1.67 9.83 4.32 4.51
3.40 5.06 9.33 2.21 1.63
4.37 9.77 9.13 7.97 5.91
5.24 5.72 8.72 5.65 4.90
1.74 9.69 6.05 6.97 1.91
6.46 1.51 6.01 3.98 4.38
9.01 3.46 7.24 6.12 4.79
1.75 5.39 8.30 3.35 8.47
9.40 9.77 5.75 4.91 8.39
6.81 3.91 4.27 8.89 3.56
6.66 5.46 7.70 4.09 5.34
6.07 8.31 1.32 5.34 6.03
1.25 4.19 5.54 6.66 5.20
3.98 1.52 3.31 8.11 2.91
6.81 9.57 9.31 1.65 1.36
9.65 5.13 8.69 4.58 7.13
5.61 9.53 2.11 1.94 2.20
5.12 4.52 8.53 2.99 8.76
2.55 2.84 8.63 7.81 2.44
3.27 8.45 2.09 8.13 5.33
2.99 1.41 3.14 7.24 6.23
4.81 6.22 1.88 9.75 5.39
7.56 5.48 9.54 8.88 3.30
4.66 8.58 1.97 2.27 2.65
3.98 5.66 8.98 4.77 3.73
8.04 8.84 7.70 9.08 8.39
2.09 9.04 3.46 4.52 7.48
8.38 1.38 6.43 8.25 6.69
4.79 1.12 1.74 9.58 4.85
2.52 8.04 9.99 9.72 7.61
2.61 8.43 7.40 7.46 1.47
2.64 4.57 7.22 3.61 3.08
2.76 1.42 3.25 8.87 1.08
8.86 5.03 4.11 5.28 5.22
7.43 2.61 1.18 8.06 4.80
7.12 4.19 9.01 8.06 4.97
4.89 6.78 7.95 7.34 1.96
6.47 9.18 2.40 3.82 7.84
6.89 5.69 3.60 7.40 1.76
1.33 3.96 4.60 8.11 9.96
3.50 1.78 6.99 7.15 8.71
8.98 6.70 2.24 6.16 3.89
8.88 2.82 2.72 3.98 6.90
3.97 3.63 5.44 2.57 2.93
9.14 5.03 2.65 6.73 5.96
5.77 8.54 6.00 9.58 2.75
5.34 4.93 7.49 1.03 8.70
7.80 1.13 6.96 2.64 3.91
5.46 9.09 4.71 2.65 9.39
2.63 5.65 9.14 1.77 2.62
2.38 2.03 1.53 2.26 4.68
8.47 5.20 3.20 1.49 7.94
4.82 1.92 9.68 5.60 3.51
2.29 8.47 7.07 1.92 5.01
7.47 9.72 6.96 8.32 7.74
6.14 4.49 2.24 7.82 4.00
6.30 4.32 9.38 2.64 2.36
5.01 6.93 9.28 2.52 7.00
7.80 2.55 3.22 7.61 5.35
1.22 2.67 4.38 5.09 3.90
8.37 9.62 9.61 8.83 6.93
6.21 1.54 4.66 2.92 5.75
2.68 3.24 2.97 1.02 2.33

Demandas:
0 0 0 0 0 0 1
0 0 0 0 1 0 0
0 0 0 1 0 0 0
1 0 0 0 0 0 0
0 0 0 0 1 0 0
0 0 0 0 0 1 0
1 0 0 0 0 0 0
0 0 0 0 1 0 0
0 0 0 0 1 0 0
0 1 0 0 0 0 0
0 0 1 0 0 0 0
0 1 0 0 0 0 0
0 0 0 0 1 0 0
0 0 1 0 0 0 0
0 0 0 0 0 1 0
0 0 0 1 0 0 0
0 0 0 0 0 0 1
0 0 1 0 0 0 0
0 0 0 1 0 0 0
0 0 0 0 1 0 0
0 1 0 0 0 0 0
0 0 1 0 0 0 0
0 1 0 0 0 0 0
0 0 1 0 0 0 0
0 1 0 0 0 0 0
0 0 0 0 0 0 1
1 0 0 0 0 0 0
1 0 0 0 0 0 0
0 0 0 0 0 1 0
0 0 0 0 1 0 0
0 0 0 0 0 0 1
0 0 0 0 1 0 0
0 0 0 1 0 0 0
0 0 0 0 0 1 0
0 0 1 0 0 0 0
1 0 0 0 0 0 0
0 1 0 0 0 0 0
0 1 0 0 0 0 0
0 1 0 0 0 0 0
1 0 0 0 0 0 0
0 1 0 0 0 0 0
1 0 0 0 0 0 0
0 0 1 0 0 0 0
0 0 1 0 0 0 0
0 0 0 0 0 0 1
0 0 0 1 0 0 0
0 0 0 0 1 0 0
0 0 0 1 0 0 0
0 1 0 0 0 0 0
0 0 0 1 0 0 0
0 0 0 0 0 0 1
0 0 0 0 0 1 0
0 0 0 0 0 0 1
0 0 0 0 0 0 1
0 1 0 0 0 0 0
0 0 0 0 1 0 0
0 0 0 0 1 0 0
0 0 1 0 0 0 0
0 0 0 1 0 0 0
0 0 0 1 0 0 0
0 0 0 1 0 0 0
0 0 0 0 0 1 0
0 0 0 1 0 0 0
1 0 0 0 0 0 0
1 0 0 0 0 0 0
0 0 1 0 0 0 0
0 0 0 0 0 0 1
0 0 0 1 0 0 0
0 0 0 0 0 1 0
0 1 0 0 0 0 0
0 1 0 0 0 0 0
0 1 0 0 0 0 0
0 0 1 0 0 0 0
0 0 0 1 0 0 0
0 1 0 0 0 0 0
1 0 0 0 0 0 0
0 0 1 0 0 0 0
0 0 0 0 1 0 0
1 0 0 0 0 0 0
0 0 0 0 1 0 0
0 0 0 1 0 0 0
0 0 0 0 0 0 1
0 1 0 0 0 0 0
0 1 0 0 0 0 0
0 0 0 0 0 1 0
0 1 0 0 0 0 0
0 0 0 0 0 1 0
0 1 0 0 0 0 0
0 1 0 0 0 0 0
0 0 0 0 1 0 0
0 0 0 0 1 0 0
0 0 0 0 0 1 0
0 0 0 0 0 1 0
0 0 0 0 1 0 0
0 0 0 1 0 0 0
1 0 0 0 0 0 0
0 0 0 0 0 0 1
1 0 0 0 0 0 0
0 0 0 0 0 1 0
0 0 1 0 0 0 0
0 0 0 0 0 1 0
0 0 0 0 0 0 1
0 0 0 0 0 1 0
0 0 1 0 0 0 0
1 0 0 0 0 0 0
1 0 0 0 0 0 0
0 0 0 0 1 0 0
0 0 0 0 1 0 0
0 0 0 0 0 0 1
0 0 1 0 0 0 0
0 1 0 0 0 0 0
1 0 0 0 0 0 0
0 0 0 0 0 0 1
0 0 0 0 1 0 0
0 0 0 0 0 1 0
0 0 1 0 0 0 0
0 0 0 1 0 0 0
0 1 0 0 0 0 0
0 0 0 0 0 1 0
0 0 0 0 0 1 0
0 1 0 0 0 0 0
1 0 0 0 0 0 0
0 0 0 1 0 0 0
0 0 0 0 0 1 0
0 0 0 1 0 0 0
0 0 0 0 0 0 1
1 0 0 0 0 0 0
0 0 0 1 0 0 0
0 0 1 0 0 0 0
0 0 0 0 0 0 1
0 0 0 1 0 0 0
0 0 0 0 0 1 0
0 0 1 0 0 0 0
0 0 0 0 1 0 0
0 0 1 0 0 0 0
0 0 0 0 0 1 0
0 0 0 0 1 0 0
0 0 1 0 0 0 0
0 0 0 0 1 0 0
0 0 0 1 0 0 0
1 0 0 0 0 0 0
0 0 1 0 0 0 0
0 0 0 1 0 0 0
0 0 1 0 0 0 0
0 0 1 0 0 0 0
0 1 0 0 0 0 0
1 0 0 0 0 0 0
1 0 0 0 0 0 0
0 0 1 0 0 0 0
0 0 0 0 0 1 0
0 1 0 0 0 0 0
0 0 1 0 0 0 0
0 1 0 0 0 0 0
0 0 0 0 1 0 0
0 0 0 1 0 0 0
1 0 0 0 0 0 0
1 0 0 0 0 0 0
0 0 0 0 1 0 0
0 0 0 0 1 0 0
0 1 0 0 0 0 0
0 0 1 0 0 0 0
0 0 0 0 1 0 0
0 1 0 0 0 0 0
0 0 0 0 0 0 1
0 0 1 0 0 0 0
0 0 0 0 0 0 1
0 0 1 0 0 0 0
0 0 0 0 0 1 0
0 1 0 0 0 0 0
0 0 0 0 0 0 1
0 0 0 0 0 1 0
0 0 0 1 0 0 0
0 0 1 0 0 0 0
0 0 0 0 0 0 1
0 0 0 0 1 0 0
0 1 0 0 0 0 0
1 0 0 0 0 0 0
1 0 0 0 0 0 0
0 0 1 0 0 0 0
0 0 0 0 0 0 1
1 0 0 0 0 0 0
1 0 0 0 0 0 0
0 0 1 0 0 0 0
0 0 0 0 0 1 0
0 0 0 0 0 1 0
1 0 0 0 0 0 0
0 0 0 0 0 0 1
0 0 0 0 0 1 0
0 0 0 0 1 0 0
0 0 0 0 0 0 1
0 0 0 0 0 0 1
0 0 0 1 0 0 0
0 0 0 1 0 0 0
1 0 0 0 0 0 0
0 0 0 0 1 0 0
0 0 0 0 0 0 1
0 0 0 0 1 0 0
0 0 1 0 0 0 0
0 0 0 0 0 1 0
0 0 0 0 1 0 0
0 1 0 0 0 0 0
0 0 0 0 1 0 0
0 1 0 0 0 0 0
0 0 0 0 0 0 1
0 0 1 0 0 0 0
0 0 1 0 0 0 0
0 0 0 0 0 0 1
0 0 0 0 1 0 0
0 0 1 0 0 0 0
0 0 0 0 0 0 1
0 0 0 0 0 1 0
1 0 0 0 0 0 0
0 0 0 0 0 0 1
0 0 0 0 1 0 0
0 0 0 0 0 0 1
0 0 1 0 0 0 0
0 0 0 0 0 0 1
0 0 1 0 0 0 0
0 0 1 0 0 0 0
0 1 0 0 0 0 0
0 0 0 0 0 0 1
0 0 0 0 1 0 0
0 0 0 0 0 0 1
0 0 0 0 0 1 0
0 0 0 0 0 0 1
0 0 1 0 0 0 0
0 1 0 0 0 0 0
0 0 0 1 0 0 0
0 0 0 0 0 0 1
0 1 0 0 0 0 0
0 0 0 0 1 0 0
0 1 0 0 0 0 0
0 0 0 0 0 1 0
1 0 0 0 0 0 0
0 0 0 0 0 1 0
1 0 0 0 0 0 0
1 0 0 0 0 0 0
0 1 0 0 0 0 0
0 0 0 0 0 0 1
0 0 1 0 0 0 0
0 0 0 0 1 0 0
0 0 0 0 0 0 1
1 0 0 0 0 0 0
0 0 0 0 1 0 0
0 1 0 0 0 0 0
0 0 0 0 1 0 0
0 0 0 0 0 0 1
1 0 0 0 0 0 0
0 0 1 0 0 0 0
0 0 0 0 1 0 0
0 0 0 1 0 0 0
0 1 0 0 0 0 0
0 0 0 1 0 0 0
0 1 0 0 0 0 0
0 0 0 0 0 0 1
0 0 0 0 0 1 0
0 0 1 0 0 0 0
0 0 0 1 0 0 0
0 0 0 0 0 1 0
0 0 1 0 0 0 0
0 1 0 0 0 0 0
0 1 0 0 0 0 0
0 0 0 1 0 0 0
0 0 0 1 0 0 0
1 0 0 0 0 0 0
0 0 1 0 0 0 0
0 0 0 0 1 0 0
0 0 0 0 0 1 0
0 0 0 0 0 0 1
0 0 1 0 0 0 0
0 0 0 1 0 0 0
0 0 0 0 0 0 1
1 0 0 0 0 0 0
0 0 0 0 0 1 0
0 0 0 0 1 0 0
0 0 0 0 1 0 0
0 0 0 0 0 1 0
1 0 0 0 0 0 0
0 0 1 0 0 0 0
0 0 0 0 1 0 0
1 0 0 0 0 0 0
0 0 0 0 0 1 0
0 0 1 0 0 0 0
0 0 0 1 0 0 0
0 0 1 0 0 0 0
0 0 0 0 0 1 0
1 0 0 0 0 0 0
0 0 0 0 1 0 0
0 0 0 1 0 0 0
0 0 0 0 0 1 0
0 0 0 1 0 0 0
0 0 0 1 0 0 0
0 0 0 1 0 0 0
1 0 0 0 0 0 0
0 0 0 0 1 0 0
0 1 0 0 0 0 0
0 0 0 0 0 0 1
0 0 0 1 0 0 0
0 0 0 0 0 0 1
0 1 0 0 0 0 0
1 0 0 0 0 0 0
0 1 0 0 0 0 0
0 0 0 1 0 0 0
1 0 0 0 0 0 0
0 0 1 0 0 0 0
0 0 1 0 0 0 0
0 0 0 0 0 0 1
0 0 0 1 0 0 0
0 0 1 0 0 0 0
0 1 0 0 0 0 0
0 0 1 0 0 0 0
0 1 0 0 0 0 0
0 1 0 0 0 0 0
0 0 0 0 1 0 0
1 0 0 0 0 0 0
0 0 0 0 1 0 0
0 0 0 0 0 1 0
0 0 0 0 0 0 1
0 0 0 0 0 1 0
1 0 0 0 0 0 0
0 0 0 1 0 0 0
0 0 0 0 0 1 0
1 0 0 0 0 0 0
0 0 0 0 0 0 1
0 0 1 0 0 0 0
1 0 0 0 0 0 0
1 0 0 0 0 0 0
0 1 0 0 0 0 0
0 0 0 0 0 1 0
0 0 0 0 0 0 1
0 0 1 0 0 0 0
0 0 0 0 0 0 1
1 0 0 0 0 0 0
0 0 0 0 1 0 0
0 0 0 1 0 0 0
0 0 0 0 0 0 1
0 0 0 0 1 0 0
0 0 1 0 0 0 0
0 0 0 0 1 0 0
1 0 0 0 0 0 0
1 0 0 0 0 0 0
0 0 0 0 1 0 0
0 0 0 1 0 0 0
0 0 0 0 0 0 1
0 0 0 1 0 0 0
1 0 0 0 0 0 0
0 0 1 0 0 0 0
0 0 0 1 0 0 0
0 1 0 0 0 0 0
0 0 0 0 1 0 0
0 0 0 0 1 0 0
0 0 0 0 1 0 0
0 1 0 0 0 0 0
0 0 0 0 0 0 1
0 0 0 0 1 0 0
0 0 1 0 0 0 0
0 0 0 0 0 1 0
0 0 0 0 0 0 1
0 1 0 0 0 0 0
0 0 0 0 0 0 1
0 0 0 0 0 1 0
0 0 0 0 0 1 0
0 1 0 0 0 0 0
0 0 0 0 1 0 0
1 0 0 0 0 0 0
0 1 0 0 0 0 0
0 0 0 0 0 1 0
0 1 0 0 0 0 0
0 0 0 0 0 0 1
0 0 0 1 0 0 0
1 0 0 0 0 0 0
0 0 0 0 0 1 0
1 0 0 0 0 0 0
1 0 0 0 0 0 0
0 0 0 1 0 0 0
0 0 0 0 1 0 0
0 0 0 0 1 0 0
0 0 0 0 0 1 0
0 0 0 0 1 0 0
0 0 0 0 0 0 1
0 0 0 1 0 0 0
0 0 0 0 0 1 0
0 0 0 0 0 0 1
1 0 0 0 0 0 0
0 0 1 0 0 0 0
0 0 0 0 0 1 0
0 0 1 0 0 0 0
0 0 0 0 1 0 0
1 0 0 0 0 0 0
0 0 0 1 0 0 0
0 0 0 1 0 0 0
0 0 0 1 0 0 0
0 0 0 0 1 0 0
0 1 0 0 0 0 0
0 0 0 1 0 0 0
0 0 0 0 0 1 0
0 0 0 1 0 0 0
0 1 0 0 0 0 0
0 0 0 1 0 0 0
1 0 0 0 0 0 0
0 0 0 0 0 1 0
0 1 0 0 0 0 0
0 0 0 0 0 0 1
0 0 0 0 0 1 0
0 0 0 0 0 0 1
0 0 0 0 1 0 0
0 0 0 0 0 1 0
0 0 1 0 0 0 0
0 0 0 0 1 0 0
0 0 0 0 0 1 0
0 0 0 0 0 1 0
0 0 0 0 1 0 0
1 0 0 0 0 0 0
1 0 0 0 0 0 0
0 0 0 1 0 0 0
0 0 0 0 0 1 0
0 0 0 1 0 0 0
0 0 0 0 0 1 0
0 0 0 1 0 0 0
0 1 0 0 0 0 0
0 0 0 1 0 0 0
0 0 1 0 0 0 0
0 0 0 0 0 0 1
0 0 0 0 1 0 0
0 0 0 1 0 0 0
0 1 0 0 0 0 0
0 0 0 0 0 0 1
0 0 0 0 0 0 1
0 1 0 0 0 0 0
0 0 0 0 0 1 0
0 0 0 0 0 0 1
0 0 0 0 1 0 0
0 0 0 1 0 0 0
0 0 0 1 0 0 0
0 1 0 0 0 0 0
0 0 0 0 0 1 0
0 0 0 0 1 0 0
0 0 1 0 0 0 0
1 0 0 0 0 0 0
0 0 0 0 0 1 0
1 0 0 0 0 0 0
0 0 0 0 1 0 0
0 1 0 0 0 0 0
0 0 0 1 0 0 0
0 0 0 0 0 0 1
0 0 0 0 1 0 0
0 0 0 0 1 0 0
0 0 0 0 1 0 0
0 0 0 0 0 1 0
0 0 0 0 1 0 0
0 0 0 0 0 0 1
0 0 0 0 0 1 0
0 0 0 0 1 0 0
0 1 0 0 0 0 0
0 0 0 1 0 0 0
0 0 0 0 1 0 0
0 1 0 0 0 0 0
0 0 0 0 1 0 0
0 0 0 0 0 1 0
0 0 1 0 0 0 0
0 0 0 1 0 0 0
0 0 0 0 0 1 0
0 1 0 0 0 0 0
1 0 0 0 0 0 0
0 0 0 0 0 0 1
0 0 0 0 0 0 1
0 0 0 0 0 0 1
0 0 0 0 0 1 0
0 0 0 0 1 0 0
0 0 0 0 0 1 0
0 0 1 0 0 0 0
0 0 0 0 1 0 0
0 0 0 1 0 0 0
0 1 0 0 0 0 0
0 0 0 1 0 0 0
0 0 0 0 0 1 0
1 0 0 0 0 0 0
0 0 0 1 0 0 0
1 0 0 0 0 0 0
0 0 0 0 0 0 1
1 0 0 0 0 0 0
0 0 0 0 0 0 1
1 0 0 0 0 0 0
0 1 0 0 0 0 0
0 0 1 0 0 0 0
0 0 0 0 0 1 0
0 0 0 0 1 0 0
1 0 0 0 0 0 0
0 0 0 0 0 1 0
0 1 0 0 0 0 0
0 0 0 0 0 1 0
0 0 0 0 0 1 0
0 1 0 0 0 0 0
1 0 0 0 0 0 0
0 0 0 1 0 0 0
0 0 0 0 0 0 1
1 0 0 0 0 0 0
1 0 0 0 0 0 0
0 1 0 0 0 0 0
0 0 0 1 0 0 0

Capacidades:
29 31 27 21 49 56 30
23 57 0 29 51 53 54
0 58 0 0 50 48 35
25 31 45 59 38 47 31
31 38 46 53 33 50 0
