m: 500
n: 5
p: 8

Distancias:
8.64 4.37 2.95 6.55 4.95
2.89 8.97 2.40 9.80 3.58
8.26 9.55 6.75 9.55 2.93
8.87 2.68 6.36 4.33 2.76
4.47 9.07 1.48 5.71 7.74
1.28 6.09 1.00 3.30 8.07
4.42 7.52 3.24 1.66 7.44
7.90 2.14 6.78 5.55 7.06
7.29 3.74 4.99 9.59 4.26
1.61 3.61 1.40 1.39 9.85
9.10 1.30 9.99 3.64 3.26
4.51 9.82 2.84 6.60 9.85
4.56 5.52 8.10 1.27 2.14
3.32 1.65 3.28 6.14 6.10
9.04 5.44 2.51 4.71 8.56
1.99 2.98 5.01 1.44 7.85
2.47 8.71 3.70 8.32 4.56
4.76 1.90 9.67 3.08 3.22
6.74 6.41 3.83 9.62 7.97
5.44 5.84 3.60 3.09 4.30
8.63 7.67 2.59 7.03 2.92
5.89 9.63 9.24 3.28 2.64
5.74 9.28 9.19 4.15 2.06
3.66 8.37 3.97 3.84 6.63
6.57 4.24 1.33 9.07 6.06
2.50 4.31 7.03 2.90 3.65
6.23 7.03 3.63 8.82 7.56
2.66 3.99 7.58 4.76 7.26
9.19 9.16 6.77 4.34 7.46
7.80 3.02 2.79 9.98 5.55
2.12 3.41 3.74 9.86 8.06
7.62 5.59 3.14 1.62 6.66
4.16 8.98 7.11 6.79 5.12
8.64 3.08 7.31 4.24 1.95
8.11 1.45 7.98 2.70 1.93
8.18 7.06 9.04 5.94 2.04
4.86 8.33 1.65 3.82 6.80
2.24 7.47 6.75 1.99 7.45
1.52 6.95 6.28 2.42 3.97
4.82 6.32 4.40 2.02 8.71
4.95 5.02 6.61 7.86 1.89
8.90 7.61 5.30 4.83 7.84
4.90 7.58 5.64 3.80 4.40
1.06 4.70 1.05 6.08 3.89
4.29 6.07 5.40 7.71 2.89
8.84 6.12 2.28 8.83 4.85
1.83 4.07 4.28 4.80 4.01
7.37 7.67 4.92 6.88 4.53
6.91 9.24 9.27 4.90 4.86
7.07 9.26 7.18 5.55 7.61
3.39 5.21 2.68 2.19 5.37
6.24 7.81 2.12 1.64 4.59
6.77 6.24 3.43 8.32 4.30
5.59 1.16 8.29 8.75 4.71
6.37 6.07 9.61 3.97 6.34
5.27 4.79 2.70 7.94 8.00
8.21 1.19 1.85 6.83 1.71
7.21 1.19 2.32 9.62 2.23
4.27 2.15 3.67 1.86 9.85
3.60 2.03 8.83 9.62 2.09
2.47 5.02 1.56 9.78 3.20
9.32 3.14 5.97 2.64 8.61
4.42 9.97 8.77 6.08 6.41
7.82 9.93 2.60 9.44 9.70
3.29 5.20 9.62 5.81 8.71
8.43 8.40 2.85 4.34 8.42
6.40 7.54 4.39 9.54 6.99
2.23 5.54 1.13 4.67 7.78
4.29 9.18 7.90 2.56 1.39
4.98 6.19 5.32 3.88 9.53
4.01 8.81 8.79 7.06 9.10
3.54 2.22 7.86 3.39 9.91
7.98 6.26 8.27 6.62 2.97
3.69 7.73 1.72 4.51 3.07
3.31 7.25 4.02 9.88 2.56
2.61 7.50 5.72 7.14 5.10
7.15 8.50 6.67 4.23 1.20
5.10 4.08 7.08 1.36 9.09
2.70 7.84 4.31 8.48 1.67
8.68 7.79 3.56 7.34 4.83
8.63 8.93 4.39 7.12 4.90
5.68 3.60 3.11 7.65 7.92
4.42 9.36 4.05 4.56 8.71
7.38 8.96 7.77 3.41 4.89
6.34 3.21 3.47 5.53 4.61
8.09 6.37 1.95 1.85 1.14
5.39 3.46 9.21 5.18 6.09
4.65 5.98 6.65 1.11 4.07
2.96 5.81 9.26 2.93 9.42
2.92 6.49 3.05 9.98 3.16
8.82 3.62 6.40 9.25 2.03
5.81 5.23 9.95 9.35 5.50
9.96 4.65 9.08 2.60 7.79
9.83 5.73 5.35 2.12 3.62
4.79 1.97 1.78 4.85 8.74
5.88 6.97 9.49 3.35 7.62
1.88 9.58 8.62 3.61 9.93
5.76 5.83 3.16 4.79 1.85
7.32 3.64 1.39 8.60 7.28
8.99 8.75 2.60 3.18 6.54
1.71 3.29 1.70 8.83 8.69
1.36 6.66 1.27 9.85 1.73
8.74 3.82 5.38 5.52 5.99
8.45 1.36 1.34 6.98 1.40
7.92 9.24 2.09 5.44 3.89
7.15 5.13 8.15 3.76 3.43
3.63 4.96 7.99 3.04 3.58
6.01 6.02 3.89 9.43 4.33
4.93 7.58 5.82 3.52 3.10
4.94 7.98 9.67 9.67 4.95
2.07 3.48 9.34 3.88 8.43
9.16 8.04 1.55 6.97 7.63
4.93 9.21 7.21 7.69 9.91
2.78 3.77 9.55 8.79 6.27
1.00 8.32 4.25 1.12 6.68
6.93 4.75 3.56 2.70 5.15
4.94 5.36 7.10 9.97 8.63
1.91 4.33 2.77 6.19 7.76
6.77 8.39 6.13 4.41 1.46
2.88 7.79 8.76 7.78 9.81
9.11 2.04 8.87 9.10 9.53
4.94 2.61 1.83 4.66 7.81
8.34 5.40 4.43 5.97 2.36
5.93 4.32 2.53 1.79 5.40
6.95 1.39 7.76 8.79 6.17
6.50 7.42 4.27 9.85 9.61
6.54 1.21 9.35 6.73 3.84
1.59 9.14 5.25 9.92 5.24
9.01 7.58 8.92 6.79 3.78
5.68 6.41 2.63 2.32 6.75
6.75 3.71 5.28 1.12 6.27
8.65 2.67 5.04 8.79 4.18
7.55 7.74 4.61 5.49 7.31
7.25 4.21 7.29 6.23 3.22
6.65 8.79 1.48 4.85 8.98
3.04 2.53 2.91 9.64 5.62
3.59 5.01 8.54 7.42 5.04
3.51 2.50 4.15 4.89 5.60
7.06 4.47 1.10 6.52 9.51
5.12 3.66 9.12 1.29 6.45
9.48 4.74 4.79 6.65 9.28
6.79 9.65 5.64 4.38 3.42
4.01 7.23 4.61 8.88 4.20
5.79 3.29 7.14 1.15 3.83
4.42 2.29 7.97 8.45 1.37
9.95 4.86 4.34 6.68 1.08
6.78 6.46 5.72 8.50 2.80
3.61 6.82 5.48 7.53 8.32
6.88 3.97 3.07 3.47 7.60
9.64 9.56 4.41 6.29 9.98
3.61 8.17 5.60 4.38 7.56
4.87 5.74 1.24 8.70 6.61
2.23 6.54 2.96 5.79 4.08
2.46 4.36 6.53 2.93 1.16
7.53 8.34 6.73 4.78 6.55
5.61 7.54 6.41 4.47 6.62
6.40 5.65 4.83 6.46 3.31
2.04 4.66 6.44 9.61 5.63
4.67 7.47 5.06 5.20 6.01
2.84 3.76 2.68 6.19 9.04
6.28 5.21 4.74 5.53 2.72
9.96 7.27 2.71 6.41 5.79
5.69 3.53 3.10 9.52 5.03
2.15 6.14 3.22 2.97 6.93
3.06 8.50 5.23 9.44 9.70
2.69 5.03 5.85 1.49 1.85
5.05 3.64 1.35 3.69 2.14
2.72 7.51 6.65 7.68 7.07
9.95 1.37 9.06 8.75 6.91
5.46 5.09 8.34 8.45 3.51
2.84 1.12 5.65 8.98 7.38
3.46 8.90 4.34 6.38 8.02
4.16 8.96 1.86 4.85 7.76
9.13 8.38 9.54 5.42 6.79
7.73 5.59 1.31 8.92 3.64
5.30 8.46 6.66 6.67 9.92
6.08 7.04 2.59 8.06 7.30
1.37 7.95 2.79 3.81 7.80
6.06 4.04 9.07 6.83 6.28
5.93 5.25 9.97 3.44 5.65
1.40 9.65 1.49 8.07 2.31
6.54 9.71 7.37 6.71 1.34
8.91 1.37 9.43 2.55 5.25
5.11 8.25 4.12 3.44 9.38
4.89 5.11 5.93 8.76 2.31
1.54 3.79 3.07 4.53 4.43
9.08 7.19 5.24 4.86 1.08
9.31 1.37 8.73 8.47 6.22
4.09 2.99 1.33 6.26 5.41
7.21 5.06 1.87 4.52 8.00
4.00 8.16 2.26 5.90 4.91
1.82 5.52 1.78 2.69 6.55
8.94 1.38 1.66 3.08 7.53
8.39 8.14 4.50 8.75 7.26
9.54 7.57 8.57 8.30 6.00
7.31 4.40 3.34 7.13 2.06
1.95 7.16 7.82 9.48 1.67
2.43 5.80 1.78 6.62 6.66
2.56 9.36 6.59 4.91 1.17
6.27 3.70 1.85 3.36 4.03
6.39 3.31 2.64 8.71 3.88
9.42 9.80 8.79 7.91 1.84
4.05 8.16 2.07 3.45 9.70
6.11 3.05 10.00 4.26 1.22
2.17 8.92 9.92 7.92 9.77
5.82 4.22 6.25 4.76 9.39
4.09 5.08 6.73 6.86 4.14
1.98 8.31 1.66 3.41 7.64
6.65 7.82 5.71 7.52 3.06
4.10 6.05 5.43 7.81 5.68
4.90 9.74 7.75 9.52 7.08
7.27 9.40 6.45 7.12 5.63
7.30 5.18 8.59 5.65 5.87
1.19 8.18 2.09 7.39 8.75
4.03 4.91 8.96 3.02 3.03
4.07 2.38 2.65 2.73 3.97
6.72 2.28 4.09 9.25 3.60
2.08 5.39 5.09 1.72 6.48
4.13 9.56 1.37 8.20 6.83
9.53 2.72 9.83 6.87 3.08
3.28 2.71 7.39 7.31 5.28
6.08 6.34 4.21 6.94 7.76
7.86 1.87 9.57 6.61 7.04
2.71 2.91 8.65 6.93 7.75
9.38 3.39 2.09 3.88 1.99
7.79 4.85 6.72 2.70 1.25
4.41 9.02 7.19 9.58 2.41
7.21 3.52 9.78 7.29 6.20
7.27 2.00 5.31 4.72 3.31
8.20 2.10 5.90 8.66 7.06
2.90 8.04 4.60 7.08 7.83
1.11 4.25 3.12 4.95 6.18
7.53 6.71 4.60 8.82 3.07
6.58 2.64 7.40 7.71 1.15
2.03 8.30 5.64 5.31 7.38
3.04 8.26 1.03 5.77 3.79
7.72 1.94 9.80 9.61 4.46
9.20 3.49 8.07 4.89 8.22
8.11 7.12 6.29 9.51 3.01
1.70 1.50 3.95 8.09 4.12
6.45 7.93 4.25 8.45 3.14
1.95 7.16 2.78 6.35 5.45
2.43 9.65 7.95 5.27 1.92
9.79 4.30 5.76 2.28 3.52
4.88 1.24 5.36 9.72 5.58
4.46 5.15 9.88 9.89 8.58
4.42 3.52 9.78 4.09 2.80
2.65 7.55 9.96 9.79 9.43
4.45 2.18 8.88 2.77 4.30
1.66 8.89 5.24 3.17 8.14
5.35 7.29 4.09 4.05 7.56
5.54 4.91 5.34 1.92 3.73
2.51 4.17 5.81 6.10 2.92
9.92 2.56 2.16 3.51 3.03
3.16 6.71 4.57 2.95 3.86
1.67 3.29 9.31 5.67 3.15
9.00 4.24 2.14 3.96 4.33
5.18 3.17 6.08 7.28 4.50
8.11 1.24 3.07 4.74 6.17
2.68 2.38 1.01 5.70 6.99
8.05 9.12 5.21 7.41 2.70
4.29 6.45 9.80 7.37 8.60
2.07 2.09 2.00 8.71 8.42
9.26 8.23 6.60 3.39 2.16
7.51 5.74 3.09 5.38 5.42
2.91 8.62 7.31 3.22 6.30
6.11 4.18 7.80 3.50 9.39
6.50 6.64 4.73 8.23 9.85
4.58 8.16 2.61 7.97 1.90
6.99 9.47 4.47 4.63 8.50
3.19 4.77 1.92 1.43 2.94
5.75 4.91 1.43 6.08 9.74
7.22 2.45 8.88 5.52 8.49
4.74 8.25 4.64 1.03 7.42
3.63 2.96 7.12 2.13 3.70
4.47 2.94 7.05 4.08 5.38
5.26 5.40 9.95 5.40 3.66
6.83 6.36 9.03 2.45 2.66
9.42 10.00 9.03 1.38 9.57
6.97 3.88 6.64 7.99 1.07
9.95 9.13 6.12 1.64 7.63
4.87 4.39 5.99 4.14 3.69
6.66 9.77 7.45 6.08 5.31
7.96 2.30 3.77 6.82 4.27
7.97 4.40 4.32 2.98 9.68
8.36 2.04 6.59 6.65 8.69
4.41 4.51 3.51 1.09 6.88
2.70 2.65 7.14 1.79 6.62
2.19 4.16 8.18 3.49 9.34
3.38 2.05 4.52 8.94 7.48
8.83 9.95 9.42 8.68 5.76
4.77 9.33 2.79 1.38 3.71
3.35 7.43 8.75 9.98 9.01
1.51 1.35 3.53 5.41 9.74
2.92 1.74 1.79 3.19 8.58
9.58 2.39 6.74 2.79 5.25
1.85 8.02 3.18 9.10 1.71
2.10 4.04 4.94 6.26 2.94
5.93 5.57 9.09 4.89 5.22
2.40 1.52 9.96 5.32 5.13
6.06 7.13 4.38 5.71 2.52
3.11 8.97 9.96 6.65 3.56
4.66 8.96 5.51 4.88 5.53
5.63 5.08 9.92 8.52 8.90
2.57 3.54 3.03 3.82 8.87
2.97 9.92 9.61 4.66 9.73
9.44 2.10 3.95 2.39 1.82
5.14 4.83 6.24 2.41 2.66
8.92 6.39 3.61 1.54 3.01
2.53 8.25 1.16 9.33 3.91
5.10 5.12 1.01 9.35 7.94
4.33 6.52 2.08 1.04 4.80
1.67 8.88 6.73 6.98 5.14
2.47 5.11 4.61 6.39 2.42
4.56 7.53 8.05 3.07 1.61
2.68 9.54 7.77 8.54 9.83
5.79 3.59 7.10 3.99 6.14
6.79 5.09 6.75 4.32 3.08
4.89 8.79 6.94 6.18 3.72
5.03 7.41 1.89 1.54 2.34
7.59 1.01 9.03 8.97 6.40
9.63 9.90 2.97 2.40 4.94
3.16 3.97 8.78 6.03 8.02
3.10 8.64 8.82 3.41 9.90
7.36 2.14 2.61 9.09 3.84
2.22 6.20 5.90 9.29 3.16
5.14 7.87 4.57 6.67 6.46
3.83 9.02 2.38 6.27 4.73
5.26 5.28 1.50 1.06 6.46
2.31 7.65 7.43 5.03 7.84
3.22 6.58 2.89 2.82 9.69
5.43 9.16 1.28 1.53 4.60
3.95 5.99 6.91 6.70 4.89
9.86 3.13 3.87 2.65 2.49
8.45 1.12 9.83 7.23 1.69
9.88 7.36 2.03 9.54 5.06
8.61 3.85 8.01 6.56 4.27
2.61 8.35 5.28 3.36 2.70
2.04 4.75 9.06 5.38 2.34
5.12 9.28 7.24 5.75 1.30
9.53 9.14 7.39 6.89 7.73
2.42 2.60 6.07 2.66 9.73
4.60 1.76 6.09 8.01 1.86
6.34 3.70 3.74 9.55 8.88
4.44 7.87 9.82 3.82 8.07
7.77 4.31 5.76 5.24 2.71
4.81 3.68 3.61 5.45 6.88
9.71 3.18 2.81 3.99 7.51
1.78 3.76 4.27 6.91 3.13
7.56 7.27 2.38 8.03 3.86
1.84 8.58 6.30 7.71 4.62
7.54 3.75 8.63 1.71 7.00
4.57 4.11 1.66 9.08 6.37
5.00 2.23 6.27 2.75 8.65
1.60 4.16 3.20 9.32 1.66
9.35 7.95 6.07 1.19 8.01
4.39 8.83 3.26 7.60 1.25
8.43 8.31 9.39 3.28 8.25
3.61 4.21 1.30 6.80 2.42
7.77 1.74 8.64 9.75 6.13
7.94 7.46 8.70 5.55 2.07
3.64 9.93 4.81 9.61 3.41
5.68 5.84 4.48 5.21 6.46
6.19 2.94 7.55 2.52 9.40
5.24 8.80 3.50 8.11 4.15
7.02 7.30 4.85 1.37 3.94
5.87 5.41 8.04 1.51 5.49
8.38 4.56 8.22 9.01 9.26
8.08 4.74 8.05 3.62 1.20
7.35 5.77 5.01 8.67 1.25
1.96 1.67 8.89 9.83 8.14
6.50 9.12 8.34 1.55 5.99
9.81 4.82 8.14 4.84 1.70
2.38 2.68 2.44 8.20 9.47
6.51 9.36 8.05 5.53 4.63
1.80 2.77 6.74 9.41 4.86
8.74 6.42 5.75 8.12 2.59
5.88 8.33 8.99 1.06 3.04
1.37 9.47 7.58 6.56 8.83
7.44 5.21 3.86 8.75 5.43
8.21 3.44 8.55 3.77 5.96
4.03 9.35 6.56 4.33 6.85
9.65 2.75 7.18 9.93 6.55
2.29 8.48 6.44 7.13 6.01
8.76 3.05 2.41 7.53 9.64
4.61 9.13 9.78 8.39 4.35
1.94 2.03 9.15 5.01 8.20
9.53 3.72 7.91 9.51 3.36
6.61 1.73 3.57 5.68 5.63
1.54 4.50 2.44 9.33 7.55
4.97 4.14 7.58 8.09 9.64
8.35 4.91 1.65 8.91 8.63
4.28 1.93 3.67 8.90 2.66
3.76 5.94 2.02 7.41 10.00
7.11 7.06 4.63 8.19 8.85
8.63 3.58 3.85 4.97 5.55
1.04 4.29 7.80 1.17 8.30
3.02 6.40 4.56 1.54 2.11
5.46 9.80 6.51 9.27 9.52
2.57 1.65 5.11 5.80 4.59
6.67 3.80 7.15 3.07 4.90
3.63 3.38 8.52 8.12 2.66
2.59 1.71 5.85 8.36 1.51
1.03 8.34 6.52 5.44 5.45
9.54 7.99 3.07 3.73 3.86
9.35 6.46 3.07 3.03 8.83
4.11 5.25 4.17 9.00 6.51
1.31 8.41 4.59 3.48 1.40
7.59 8.56 5.76 8.90 3.30
9.91 4.36 4.42 6.25 3.11
9.90 9.97 9.53 4.78 6.70
3.29 8.09 8.02 9.67 7.82
6.28 8.16 8.72 2.47 1.05
2.62 3.11 5.23 3.54 9.53
8.29 9.46 5.69 8.86 8.50
1.47 8.67 3.03 7.01 4.72
3.24 1.27 4.04 7.82 6.82
3.18 6.47 5.54 3.91 8.37
8.19 7.84 6.53 7.22 5.38
1.89 1.01 8.51 8.07 3.12
5.74 4.37 1.68 6.80 6.28
7.90 4.78 9.18 4.99 4.86
2.08 9.09 5.19 1.94 3.71
7.63 9.63 3.31 4.66 4.56
8.04 7.91 9.17 6.98 9.94
7.35 5.40 4.51 4.25 5.18
1.34 7.24 3.49 2.43 4.46
4.22 5.03 1.29 7.66 4.73
3.88 1.38 2.01 8.46 1.87
3.64 9.45 1.13 9.17 6.22
8.91 6.17 6.83 5.11 5.77
5.45 8.93 3.94 3.77 4.62
5.79 3.95 9.21 5.22 8.70
3.66 2.44 6.43 5.28 2.84
1.55 1.65 2.97 9.76 8.17
6.08 6.35 3.45 8.85 4.86
8.51 9.67 3.14 1.47 9.91
3.67 3.98 9.80 6.38 3.35
3.90 6.07 3.59 1.88 8.23
8.26 1.91 5.84 1.11 1.60
5.20 5.78 1.88 3.80 6.27
8.41 1.55 10.00 7.53 3.03
4.16 8.98 1.92 3.92 5.76
5.38 2.68 3.70 3.83 9.67
1.06 7.76 3.31 1.42 7.94
6.70 9.44 6.20 4.28 1.83
7.70 2.98 6.91 2.74 5.12
9.62 1.20 8.34 8.29 6.67
7.70 9.94 3.31 6.80 6.71
7.55 3.88 5.40 8.78 8.58
2.44 4.41 2.41 7.47 1.09
2.68 7.84 4.15 8.68 1.12
6.47 9.04 6.30 9.19 7.59
5.98 1.87 9.43 5.11 5.52
5.36 1.23 3.48 5.01 8.39
8.32 8.84 7.19 3.81 9.83
4.83 1.26 1.59 5.43 3.98
7.02 3.40 4.11 8.38 2.48
3.26 5.79 7.01 4.57 2.95
7.41 8.47 1.73 6.84 5.55
9.60 4.44 2.21 4.40 5.14
2.90 8.90 6.88 9.26 7.14
4.53 6.94 6.24 2.40 5.58
8.90 4.74 9.77 8.69 7.97
6.09 2.94 9.71 2.90 4.63
8.97 7.27 9.44 1.22 1.42
2.66 4.66 2.11 6.93 8.39
1.26 9.05 9.04 3.30 4.04
1.27 2.21 4.05 4.07 2.25
6.38 3.79 7.34 1.95 4.08
3.58 4.41 9.44 3.72 2.53
6.38 2.37 4.32 9.51 6.85
1.43 3.94 4.52 2.08 7.59
7.19 2.76 6.10 5.31 5.71
1.81 3.15 1.49 8.84 3.65
9.86 6.74 4.14 4.94 3.02
7.76 9.46 5.72 2.34 1.30
3.94 4.82 5.57 1.12 6.06
7.39 4.17 1.78 4.15 2.35
1.41 3.29 7.36 3.69 4.08
2.47 7.16 2.38 8.49 9.92
6.09 5.95 5.09 1.37 5.13
1.84 8.17 9.21 9.56 8.36
4.07 5.34 1.64 1.67 4.37
4.35 1.14 7.37 5.51 1.30
2.81 5.26 9.65 7.64 9.78
2.90 5.11 5.40 3.89 7.34
1.92 7.42 7.37 6.63 9.15
2.56 4.10 5.23 2.65 2.04
9.75 1.82 6.01 4.91 4.30
6.35 2.71 9.66 2.67 1.42
6.28 4.07 1.54 5.28 5.36
4.49 4.73 8.56 9.70 8.20
2.94 5.91 3.56 5.06 9.20
8.44 7.13 1.99 3.87 8.79
1.53 7.37 8.60 4.60 5.60
9.49 7.80 9.50 7.50 8.43
3.17 6.05 9.06 3.16 3.55
5.82 4.02 1.26 6.31 4.77
5.05 7.60 1.77 7.89 6.90

Demandas:
0 0 1 0 0 0 0 0
0 1 0 0 0 0 0 0
0 0 0 0 0 0 0 1
0 0 0 0 1 0 0 0
0 1 0 0 0 0 0 0
0 0 0 0 0 0 0 1
0 0 0 0 0 1 0 0
0 0 1 0 0 0 0 0
0 0 0 0 0 0 0 1
0 0 0 0 0 1 0 0
0 1 0 0 0 0 0 0
0 1 0 0 0 0 0 0
1 0 0 0 0 0 0 0
0 1 0 0 0 0 0 0
1 0 0 0 0 0 0 0
0 0 0 0 1 0 0 0
0 0 0 0 1 0 0 0
0 0 0 0 0 0 0 1
1 0 0 0 0 0 0 0
0 0 1 0 0 0 0 0
0 0 0 0 1 0 0 0
0 1 0 0 0 0 0 0
0 0 0 0 0 0 1 0
0 0 0 0 0 0 0 1
0 0 0 0 0 0 0 1
0 0 0 0 1 0 0 0
0 0 0 1 0 0 0 0
0 0 0 0 0 1 0 0
0 1 0 0 0 0 0 0
0 1 0 0 0 0 0 0
0 0 0 1 0 0 0 0
0 0 0 0 1 0 0 0
0 0 0 1 0 0 0 0
0 0 0 0 0 0 0 1
0 0 0 0 0 0 1 0
0 1 0 0 0 0 0 0
1 0 0 0 0 0 0 0
0 0 1 0 0 0 0 0
0 0 0 1 0 0 0 0
1 0 0 0 0 0 0 0
0 1 0 0 0 0 0 0
1 0 0 0 0 0 0 0
0 0 0 0 0 0 0 1
0 0 0 0 0 1 0 0
0 0 0 0 1 0 0 0
1 0 0 0 0 0 0 0
1 0 0 0 0 0 0 0
0 0 0 0 1 0 0 0
0 0 0 0 0 1 0 0
0 0 0 0 1 0 0 0
1 0 0 0 0 0 0 0
0 1 0 0 0 0 0 0
0 0 0 1 0 0 0 0
0 1 0 0 0 0 0 0
0 0 0 0 0 1 0 0
0 0 0 0 1 0 0 0
0 0 0 1 0 0 0 0
0 0 0 0 1 0 0 0
0 0 0 0 0 0 0 1
0 0 0 0 0 0 0 1
0 0 0 0 1 0 0 0
1 0 0 0 0 0 0 0
0 0 0 0 0 0 1 0
0 0 0 1 0 0 0 0
0 0 0 0 0 0 1 0
0 0 1 0 0 0 0 0
0 0 0 0 0 0 0 1
0 0 0 0 0 1 0 0
0 0 1 0 0 0 0 0
0 0 0 0 0 1 0 0
0 0 1 0 0 0 0 0
0 0 0 0 1 0 0 0
0 0 0 1 0 0 0 0
0 0 0 0 0 0 0 1
0 0 0 0 0 0 1 0
0 0 0 0 0 0 0 1
0 1 0 0 0 0 0 0
0 0 0 0 1 0 0 0
0 1 0 0 0 0 0 0
0 0 0 0 0 0 0 1
0 0 0 0 0 0 0 1
0 0 0 0 0 0 1 0
0 0 0 0 0 0 0 1
0 0 0 1 0 0 0 0
0 1 0 0 0 0 0 0
0 0 0 0 1 0 0 0
0 1 0 0 0 0 0 0
0 0 0 0 0 1 0 0
0 0 0 1 0 0 0 0
0 0 0 0 0 1 0 0
0 0 1 0 0 0 0 0
0 0 0 0 0 0 1 0
0 1 0 0 0 0 0 0
0 1 0 0 0 0 0 0
0 0 1 0 0 0 0 0
0 0 1 0 0 0 0 0
0 0 0 1 0 0 0 0
0 0 0 0 0 0 1 0
0 0 1 0 0 0 0 0
0 0 0 0 0 0 0 1
0 0 1 0 0 0 0 0
1 0 0 0 0 0 0 0
1 0 0 0 0 0 0 0
0 0 0 1 0 0 0 0
0 1 0 0 0 0 0 0
0 1 0 0 0 0 0 0
0 0 0 0 0 0 0 1
1 0 0 0 0 0 0 0
0 1 0 0 0 0 0 0
0 0 0 1 0 0 0 0
0 0 0 0 1 0 0 0
1 0 0 0 0 0 0 0
0 0 0 0 1 0 0 0
0 1 0 0 0 0 0 0
0 0 0 0 0 0 1 0
0 0 0 1 0 0 0 0
0 0 0 0 0 1 0 0
0 0 0 0 0 0 0 1
0 0 0 0 0 1 0 0
0 0 0 0 0 1 0 0
0 0 0 0 0 0 1 0
0 1 0 0 0 0 0 0
0 0 0 0 0 0 0 1
1 0 0 0 0 0 0 0
0 0 1 0 0 0 0 0
1 0 0 0 0 0 0 0
0 0 0 0 0 1 0 0
0 1 0 0 0 0 0 0
0 0 0 1 0 0 0 0
0 1 0 0 0 0 0 0
0 0 0 1 0 0 0 0
0 0 0 0 0 0 1 0
0 0 0 0 0 0 0 1
0 0 0 0 0 0 1 0
0 0 0 0 1 0 0 0
0 0 0 0 0 0 1 0
1 0 0 0 0 0 0 0
0 1 0 0 0 0 0 0
0 0 0 0 1 0 0 0
0 0 0 0 0 0 0 1
0 1 0 0 0 0 0 0
0 0 0 0 1 0 0 0
0 0 0 0 0 1 0 0
1 0 0 0 0 0 0 0
0 1 0 0 0 0 0 0
1 0 0 0 0 0 0 0
0 0 0 0 0 0 1 0
0 0 0 0 0 0 0 1
0 0 0 0 0 1 0 0
0 0 0 0 0 0 1 0
0 0 0 0 0 1 0 0
0 0 0 0 1 0 0 0
0 1 0 0 0 0 0 0
0 0 0 0 1 0 0 0
1 0 0 0 0 0 0 0
0 1 0 0 0 0 0 0
0 0 0 0 0 0 1 0
0 0 0 0 0 0 1 0
0 0 0 0 0 0 0 1
0 0 1 0 0 0 0 0
0 0 1 0 0 0 0 0
0 0 0 1 0 0 0 0
0 0 0 0 1 0 0 0
1 0 0 0 0 0 0 0
0 1 0 0 0 0 0 0
0 0 0 0 0 1 0 0
0 0 0 1 0 0 0 0
0 0 0 1 0 0 0 0
0 1 0 0 0 0 0 0
0 0 0 0 0 1 0 0
0 1 0 0 0 0 0 0
0 0 0 0 0 0 0 1
0 0 1 0 0 0 0 0
0 0 0 0 0 0 0 1
0 0 0 1 0 0 0 0
0 0 1 0 0 0 0 0
0 0 0 0 1 0 0 0
0 0 0 0 1 0 0 0
0 0 0 0 0 1 0 0
0 0 0 0 0 0 1 0
0 0 1 0 0 0 0 0
0 0 0 0 0 1 0 0
0 0 0 0 1 0 0 0
0 0 0 1 0 0 0 0
0 0 1 0 0 0 0 0
0 0 0 0 0 0 1 0
0 0 0 0 0 0 0 1
0 0 1 0 0 0 0 0
0 0 0 1 0 0 0 0
0 0 1 0 0 0 0 0
0 0 0 0 1 0 0 0
0 1 0 0 0 0 0 0
0 0 0 0 0 0 1 0
0 0 0 1 0 0 0 0
0 0 0 0 0 0 1 0
0 0 0 0 0 0 1 0
0 1 0 0 0 0 0 0
0 1 0 0 0 0 0 0
0 0 0 0 1 0 0 0
0 0 0 0 0 1 0 0
0 0 0 1 0 0 0 0
0 0 0 0 0 0 0 1
0 0 1 0 0 0 0 0
0 0 0 1 0 0 0 0
0 0 0 0 0 0 1 0
0 0 0 0 0 0 0 1
0 0 0 1 0 0 0 0
0 0 0 0 0 0 0 1
1 0 0 0 0 0 0 0
0 0 1 0 0 0 0 0
0 0 0 0 1 0 0 0
0 0 0 1 0 0 0 0
0 0 0 0 1 0 0 0
0 0 0 0 0 0 1 0
1 0 0 0 0 0 0 0
0 0 0 1 0 0 0 0
0 1 0 0 0 0 0 0
0 0 0 0 0 0 1 0
0 0 0 1 0 0 0 0
0 0 0 0 0 1 0 0
0 0 0 1 0 0 0 0
0 0 0 1 0 0 0 0
0 0 0 0 0 0 1 0
0 0 0 0 0 0 1 0
0 0 0 0 0 0 1 0
0 0 0 0 0 1 0 0
0 0 1 0 0 0 0 0
0 0 0 0 0 1 0 0
0 0 0 1 0 0 0 0
0 0 0 0 0 1 0 0
0 0 0 0 0 1 0 0
0 0 1 0 0 0 0 0
0 0 1 0 0 0 0 0
0 0 0 1 0 0 0 0
0 0 0 0 0 0 1 0
0 0 0 1 0 0 0 0
0 1 0 0 0 0 0 0
0 0 0 0 0 0 0 1
0 0 0 0 0 1 0 0
0 0 0 1 0 0 0 0
0 0 0 0 1 0 0 0
1 0 0 0 0 0 0 0
0 0 1 0 0 0 0 0
0 0 0 0 0 0 1 0
0 0 0 0 1 0 0 0
1 0 0 0 0 0 0 0
0 1 0 0 0 0 0 0
0 0 0 0 0 0 1 0
0 0 0 0 0 0 0 1
0 0 0 0 0 0 1 0
0 0 0 1 0 0 0 0
0 0 0 0 0 0 1 0
0 0 0 0 0 0 0 1
0 0 0 0 1 0 0 0
0 0 0 0 0 1 0 0
0 0 0 0 1 0 0 0
1 0 0 0 0 0 0 0
0 0 0 0 0 0 0 1
0 0 0 0 0 0 0 1
0 0 0 0 0 0 1 0
0 0 0 0 0 1 0 0
0 0 1 0 0 0 0 0
0 1 0 0 0 0 0 0
0 0 0 0 1 0 0 0
0 0 0 1 0 0 0 0
0 1 0 0 0 0 0 0
0 1 0 0 0 0 0 0
0 1 0 0 0 0 0 0
0 0 0 0 0 0 0 1
0 0 0 0 1 0 0 0
0 1 0 0 0 0 0 0
1 0 0 0 0 0 0 0
0 0 0 1 0 0 0 0
0 1 0 0 0 0 0 0
0 1 0 0 0 0 0 0
0 1 0 0 0 0 0 0
0 0 0 0 1 0 0 0
0 0 0 0 0 1 0 0
0 0 0 1 0 0 0 0
0 0 0 0 0 0 1 0
1 0 0 0 0 0 0 0
0 1 0 0 0 0 0 0
0 0 1 0 0 0 0 0
0 0 0 0 0 0 0 1
0 0 0 0 0 0 0 1
0 0 0 0 0 0 0 1
0 0 1 0 0 0 0 0
0 0 0 0 0 0 1 0
0 0 0 0 0 1 0 0
0 0 0 1 0 0 0 0
0 0 0 0 1 0 0 0
0 0 0 0 0 0 1 0
0 0 0 0 0 1 0 0
0 0 1 0 0 0 0 0
0 0 0 0 1 0 0 0
1 0 0 0 0 0 0 0
1 0 0 0 0 0 0 0
0 0 0 0 1 0 0 0
0 0 0 0 0 1 0 0
0 0 0 0 0 0 0 1
0 0 1 0 0 0 0 0
0 0 1 0 0 0 0 0
0 0 0 0 0 1 0 0
0 0 0 0 0 0 1 0
0 0 0 1 0 0 0 0
1 0 0 0 0 0 0 0
1 0 0 0 0 0 0 0
1 0 0 0 0 0 0 0
0 0 1 0 0 0 0 0
1 0 0 0 0 0 0 0
0 1 0 0 0 0 0 0
0 0 1 0 0 0 0 0
0 0 0 0 0 1 0 0
0 0 1 0 0 0 0 0
0 0 1 0 0 0 0 0
0 0 0 0 1 0 0 0
0 0 0 1 0 0 0 0
0 0 0 0 0 0 1 0
0 0 0 0 0 1 0 0
0 0 0 0 0 0 1 0
0 0 0 1 0 0 0 0
0 0 1 0 0 0 0 0
0 0 1 0 0 0 0 0
0 0 1 0 0 0 0 0
0 0 0 0 1 0 0 0
1 0 0 0 0 0 0 0
1 0 0 0 0 0 0 0
0 0 0 0 0 1 0 0
0 0 0 0 0 1 0 0
0 0 0 1 0 0 0 0
0 0 1 0 0 0 0 0
0 0 1 0 0 0 0 0
0 0 0 0 1 0 0 0
0 0 0 0 0 1 0 0
1 0 0 0 0 0 0 0
0 0 0 0 0 1 0 0
0 0 0 0 0 0 1 0
0 1 0 0 0 0 0 0
0 0 0 0 0 0 0 1
1 0 0 0 0 0 0 0
0 0 0 0 1 0 0 0
0 0 1 0 0 0 0 0
0 0 1 0 0 0 0 0
0 0 0 0 0 0 0 1
0 0 0 0 0 0 0 1
0 0 0 0 0 1 0 0
0 1 0 0 0 0 0 0
0 1 0 0 0 0 0 0
0 0 0 0 0 1 0 0
0 0 0 1 0 0 0 0
0 0 0 0 0 1 0 0
0 0 0 1 0 0 0 0
0 0 0 0 0 0 0 1
0 0 0 0 0 0 1 0
0 0 1 0 0 0 0 0
0 0 0 0 0 0 1 0
0 0 0 0 0 0 0 1
0 0 0 1 0 0 0 0
0 0 0 0 0 0 1 0
0 1 0 0 0 0 0 0
0 1 0 0 0 0 0 0
0 0 0 0 0 1 0 0
0 0 0 1 0 0 0 0
1 0 0 0 0 0 0 0
0 0 1 0 0 0 0 0
0 0 0 0 0 0 1 0
0 0 0 0 0 0 1 0
0 0 0 0 0 1 0 0
0 0 0 0 0 1 0 0
0 0 0 0 1 0 0 0
0 0 0 0 0 0 1 0
0 0 0 0 0 0 0 1
0 0 0 1 0 0 0 0
1 0 0 0 0 0 0 0
0 0 0 0 0 0 0 1
0 1 0 0 0 0 0 0
0 0 0 0 0 0 1 0
0 0 0 0 0 0 1 0
0 0 0 0 0 0 0 1
0 0 0 0 1 0 0 0
1 0 0 0 0 0 0 0
0 0 1 0 0 0 0 0
0 0 1 0 0 0 0 0
1 0 0 0 0 0 0 0
0 0 0 0 0 1 0 0
0 0 0 0 0 0 0 1
0 1 0 0 0 0 0 0
1 0 0 0 0 0 0 0
0 0 1 0 0 0 0 0
1 0 0 0 0 0 0 0
0 1 0 0 0 0 0 0
0 0 0 0 1 0 0 0
1 0 0 0 0 0 0 0
1 0 0 0 0 0 0 0
0 0 1 0 0 0 0 0
0 0 0 0 1 0 0 0
0 0 0 0 0 0 1 0
1 0 0 0 0 0 0 0
0 1 0 0 0 0 0 0
0 0 1 0 0 0 0 0
0 0 1 0 0 0 0 0
0 0 0 0 0 1 0 0
0 0 0 0 0 0 0 1
0 1 0 0 0 0 0 0
0 0 0 1 0 0 0 0
0 0 1 0 0 0 0 0
0 0 0 0 1 0 0 0
0 0 0 1 0 0 0 0
0 0 0 0 1 0 0 0
0 0 0 0 0 0 1 0
0 0 0 1 0 0 0 0
0 0 0 0 0 0 0 1
0 0 0 0 1 0 0 0
1 0 0 0 0 0 0 0
0 0 0 1 0 0 0 0
1 0 0 0 0 0 0 0
0 0 0 0 0 1 0 0
1 0 0 0 0 0 0 0
0 1 0 0 0 0 0 0
1 0 0 0 0 0 0 0
0 1 0 0 0 0 0 0
0 0 0 0 0 1 0 0
0 0 0 0 0 0 1 0
1 0 0 0 0 0 0 0
0 0 0 0 0 1 0 0
1 0 0 0 0 0 0 0
0 0 1 0 0 0 0 0
0 1 0 0 0 0 0 0
0 0 0 0 0 0 1 0
0 1 0 0 0 0 0 0
0 0 0 0 0 0 1 0
0 0 0 0 0 0 1 0
1 0 0 0 0 0 0 0
0 0 0 0 0 1 0 0
0 0 0 0 1 0 0 0
0 0 0 1 0 0 0 0
0 1 0 0 0 0 0 0
0 0 0 0 0 0 0 1
0 1 0 0 0 0 0 0
0 0 1 0 0 0 0 0
0 0 1 0 0 0 0 0
0 0 1 0 0 0 0 0
0 0 0 1 0 0 0 0
0 0 0 0 0 0 0 1
0 0 0 1 0 0 0 0
0 0 0 0 0 1 0 0
0 0 0 0 0 0 1 0
0 0 1 0 0 0 0 0
0 0 0 0 0 0 0 1
0 0 1 0 0 0 0 0
0 0 0 0 0 1 0 0
0 0 1 0 0 0 0 0
0 1 0 0 0 0 0 0
0 0 0 0 0 1 0 0
0 0 0 0 0 0 0 1
0 0 0 0 0 0 1 0
0 0 0 1 0 0 0 0
0 0 0 1 0 0 0 0
0 0 0 0 0 0 0 1
0 0 0 1 0 0 0 0
1 0 0 0 0 0 0 0
0 1 0 0 0 0 0 0
1 0 0 0 0 0 0 0
0 0 0 0 0 1 0 0
0 1 0 0 0 0 0 0
1 0 0 0 0 0 0 0
0 0 0 0 0 0 1 0
1 0 0 0 0 0 0 0
0 1 0 0 0 0 0 0
0 1 0 0 0 0 0 0
0 0 1 0 0 0 0 0
0 0 0 0 0 0 0 1
0 0 0 0 0 0 0 1
0 0 1 0 0 0 0 0
0 0 0 0 0 1 0 0
0 1 0 0 0 0 0 0
0 0 0 0 0 1 0 0
0 0 0 0 1 0 0 0
0 0 0 0 0 0 1 0
0 0 0 0 1 0 0 0
0 0 0 1 0 0 0 0
0 0 0 0 0 0 1 0
0 0 0 0 0 1 0 0
0 0 0 1 0 0 0 0
0 0 0 0 1 0 0 0
0 0 0 0 0 0 0 1
0 0 0 0 0 1 0 0
0 0 0 1 0 0 0 0
0 0 0 0 0 0 0 1
0 0 0 0 1 0 0 0
0 1 0 0 0 0 0 0
0 0 0 1 0 0 0 0
0 0 0 0 0 0 1 0
0 1 0 0 0 0 0 0
0 0 0 0 1 0 0 0
1 0 0 0 0 0 0 0
0 0 0 1 0 0 0 0
0 0 0 1 0 0 0 0
1 0 0 0 0 0 0 0
0 0 0 0 1 0 0 0

Capacidades:
55 47 33 35 42 0 26 38
49 58 34 37 57 37 57 52
0 20 43 56 43 0 24 38
54 57 36 23 54 59 24 59
57 24 32 21 51 49 43 32
