m: 1000
n: 10
p: 6

Distancias:
5.46 2.00 8.95 2.78 1.39 5.80 5.06 2.52 8.63 7.42
1.57 9.49 5.70 6.10 9.95 5.69 2.58 3.65 3.67 9.33
7.37 3.77 6.37 3.96 9.54 7.65 9.65 5.10 7.38 8.17
1.40 1.74 7.84 6.58 9.02 6.28 5.28 6.35 6.67 8.74
6.65 2.08 5.74 4.09 6.66 2.78 9.34 6.07 7.14 6.64
4.65 8.99 6.15 8.27 2.18 9.27 2.29 1.07 4.20 4.57
4.11 2.43 7.98 4.50 7.86 4.85 4.84 9.82 5.62 2.25
7.68 8.43 7.17 1.22 2.03 3.95 8.46 5.34 5.59 5.87
9.10 8.72 1.60 8.44 5.94 5.04 4.52 3.82 3.90 2.50
6.16 6.10 1.80 5.27 8.79 1.81 1.40 6.44 2.62 1.38
3.34 9.79 3.19 7.92 2.57 6.66 9.96 5.73 2.30 1.19
3.60 1.39 4.85 1.64 6.79 1.45 4.04 4.01 4.80 5.69
2.24 5.64 5.54 5.83 9.49 6.54 9.14 9.42 3.78 6.62
4.50 3.05 2.46 1.42 3.25 1.52 5.71 7.34 3.14 9.87
1.75 3.82 6.91 9.13 2.72 5.11 3.21 6.76 3.50 8.67
9.30 8.31 9.94 6.72 2.31 8.11 1.15 1.15 7.74 3.18
8.99 9.26 7.32 4.00 7.11 2.54 9.55 5.78 2.90 4.22
4.36 4.67 6.76 1.71 8.46 6.79 7.26 6.66 8.55 7.44
2.49 3.94 7.26 6.56 6.58 6.97 7.43 6.36 6.08 6.01
2.52 6.21 3.76 6.93 5.11 1.24 5.02 5.65 7.05 4.09
7.31 5.24 2.33 1.77 7.72 3.61 1.65 1.96 8.31 3.55
3.26 9.61 8.56 9.18 8.52 1.24 2.11 9.13 4.86 2.72
7.23 4.54 7.79 7.47 1.78 1.38 1.15 7.59 9.61 2.98
6.09 2.76 9.12 8.66 6.64 6.87 8.43 8.03 3.46 6.86
5.63 7.23 3.37 4.49 7.44 2.73 2.68 3.88 4.34 5.76
7.84 2.23 9.67 8.44 4.02 3.96 5.78 8.96 8.55 1.04
3.07 8.33 6.23 9.35 4.07 3.20 8.05 4.62 8.65 8.72
8.37 6.28 9.90 6.77 9.67 8.65 5.79 1.22 9.80 4.78
7.04 1.31 8.63 1.59 8.55 6.69 8.23 1.65 4.95 7.07
9.50 1.70 6.64 1.50 6.09 9.96 6.48 2.35 5.84 9.09
5.36 9.93 9.36 8.47 1.31 6.55 3.65 2.27 4.69 9.13
6.05 5.81 2.49 6.63 3.52 7.87 6.49 5.50 7.26 5.72
8.07 4.72 9.12 2.42 3.14 2.31 6.45 7.83 6.88 5.03
4.22 9.05 5.14 7.86 6.14 1.71 9.75 1.11 9.95 6.55
1.60 6.27 7.31 8.55 4.76 6.67 2.72 3.35 3.75 3.87
6.34 1.85 2.13 6.68 6.09 8.46 1.74 1.09 9.50 3.04
4.77 7.92 5.30 2.41 5.95 8.16 2.06 9.52 7.29 1.34
3.44 1.89 8.38 2.03 3.90 6.35 3.37 6.94 9.07 3.27
8.38 1.47 1.51 6.70 1.14 4.36 5.29 4.54 9.78 3.63
1.39 2.18 1.17 1.54 2.30 3.96 2.64 7.09 6.69 4.74
5.64 2.04 4.50 3.48 5.59 7.78 3.24 1.91 1.93 4.44
7.13 7.96 8.94 3.17 1.50 5.75 6.67 5.87 7.00 7.27
3.50 9.80 2.06 1.08 6.10 4.43 9.19 3.57 4.62 8.87
3.20 6.49 9.46 2.14 2.31 4.06 4.57 8.59 6.13 9.17
6.54 8.94 1.93 8.83 4.89 5.35 9.63 7.76 6.57 3.60
6.48 5.46 3.71 3.68 4.08 8.77 4.49 7.47 7.86 4.22
7.18 3.71 9.21 1.35 2.20 4.21 3.35 1.29 6.28 4.54
8.33 4.05 9.26 9.87 8.93 9.58 1.83 4.36 8.22 9.92
8.18 7.18 6.18 3.71 1.08 3.48 6.64 4.80 2.91 2.70
5.26 4.26 8.97 3.47 4.05 9.46 7.89 7.78 1.24 3.45
6.57 2.26 7.04 2.47 3.48 7.51 6.44 2.47 1.76 7.35
5.45 8.85 6.18 5.30 8.07 2.00 1.03 4.67 9.49 2.05
1.13 8.86 4.67 2.86 9.82 1.91 2.83 2.99 3.51 4.70
4.79 7.51 1.59 8.61 8.61 8.85 2.09 4.98 3.28 3.25
1.47 6.10 9.59 6.11 5.80 2.33 6.28 8.18 9.47 6.63
7.70 3.10 7.22 1.54 2.51 1.27 9.66 9.65 2.81 1.80
1.42 1.57 7.61 4.01 5.83 6.03 9.84 6.99 3.60 1.82
6.98 5.90 9.33 6.66 5.24 4.75 7.21 6.41 4.69 5.45
9.53 1.54 7.14 5.14 2.08 2.99 7.72 3.82 7.48 3.13
9.12 8.01 9.44 8.10 6.88 7.80 1.15 2.70 8.24 9.32
7.55 3.08 7.15 5.91 4.00 5.34 2.13 1.45 7.70 2.82
1.32 3.48 9.98 5.75 6.34 9.98 1.67 4.22 9.83 6.14
5.87 2.76 2.92 8.82 6.49 6.32 1.22 1.13 7.89 2.34
4.68 1.69 8.23 1.34 3.50 4.35 6.59 4.09 9.57 5.42
6.35 2.05 5.36 7.39 9.70 5.80 3.47 8.97 8.98 9.31
7.49 2.30 4.22 3.35 5.03 5.03 7.81 7.39 4.54 7.52
9.95 4.75 3.41 9.07 7.19 4.93 3.50 4.79 6.89 4.41
8.82 9.61 5.10 2.90 2.61 4.81 2.78 1.54 5.24 9.12
5.69 2.06 4.75 8.59 3.12 3.39 9.75 5.64 6.37 1.65
8.17 9.10 7.31 1.11 2.36 4.06 1.52 4.30 8.55 6.22
5.91 2.55 5.93 5.63 6.09 3.45 8.05 7.37 8.94 8.27
8.87 7.58 8.51 5.03 3.57 1.79 4.08 1.44 5.37 4.79
7.66 9.34 1.33 4.71 2.04 6.19 5.43 5.33 2.29 7.69
1.25 5.75 1.57 1.73 8.94 9.61 8.39 7.18 6.74 5.42
9.10 7.70 8.37 5.27 3.12 8.22 7.58 6.55 3.66 2.71
4.20 4.15 5.37 5.79 4.58 3.99 3.06 7.90 4.13 4.06
9.95 6.33 4.02 4.70 7.28 9.87 3.74 4.14 8.31 1.42
8.57 5.70 7.62 8.72 3.95 6.17 7.95 9.45 1.89 7.63
6.13 6.64 8.35 8.44 5.59 8.13 4.74 5.76 8.30 5.01
6.39 1.14 8.97 1.42 3.35 7.60 5.77 9.09 9.81 9.69
3.32 6.23 4.81 4.68 1.67 9.74 7.34 8.25 4.64 3.08
2.84 4.76 1.21 1.77 7.23 6.57 7.39 9.64 4.13 9.61
4.23 8.24 3.33 5.80 9.66 2.21 3.74 5.36 1.31 8.73
3.27 1.85 3.87 3.40 3.95 7.56 6.18 4.09 3.36 5.51
8.13 5.74 3.87 3.31 1.23 7.18 2.42 8.63 3.74 6.15
3.42 5.77 7.82 9.22 7.25 1.04 2.99 1.54 2.14 6.83
1.88 2.03 9.88 3.84 4.57 7.70 7.14 6.23 3.20 4.68
8.51 10.00 1.77 4.59 9.50 5.62 9.49 4.65 7.56 2.42
4.71 7.88 7.86 5.78 4.45 3.50 3.78 1.81 6.24 4.59
6.26 8.79 3.98 4.40 3.56 3.58 9.22 7.72 7.31 2.43
7.46 5.57 9.11 3.08 1.44 9.09 3.21 9.75 7.68 4.90
1.80 2.77 3.20 6.17 7.76 7.62 9.59 6.43 1.18 2.50
6.92 8.20 2.21 3.85 7.75 7.12 3.74 7.27 3.45 8.17
9.31 9.78 7.01 3.08 5.33 2.84 4.12 7.48 5.74 9.04
6.67 7.43 2.12 3.06 4.94 1.73 4.05 3.66 7.52 5.87
4.27 5.84 5.91 6.84 6.19 2.59 9.42 7.16 7.22 3.07
9.56 1.78 9.80 7.41 7.84 4.47 3.66 6.04 7.85 8.83
3.39 8.72 3.34 1.74 4.27 1.01 9.89 9.84 9.76 3.48
4.32 4.68 3.32 2.62 6.88 9.07 4.02 9.96 7.13 3.65
2.47 8.55 4.76 5.88 7.19 6.74 8.39 2.09 7.06 5.30
6.72 2.14 5.28 4.41 1.50 6.88 5.95 5.20 1.76 9.26
4.16 5.99 9.42 5.30 9.35 2.19 5.43 3.89 1.97 1.52
4.76 6.36 7.33 8.36 1.16 6.56 2.78 2.74 5.11 2.22
3.86 2.31 3.83 9.84 3.05 6.36 7.48 9.00 3.52 3.77
3.56 1.44 1.70 8.49 1.51 2.10 7.48 3.54 3.23 1.40
8.55 4.89 8.08 2.77 5.83 9.30 8.96 2.08 9.86 1.20
3.36 2.34 9.65 3.00 3.23 1.17 6.88 2.77 6.45 9.43
8.37 1.21 9.44 7.76 4.87 9.03 7.48 9.58 6.55 3.61
6.03 4.18 8.46 3.40 3.10 8.68 5.02 8.41 3.17 6.63
9.26 5.85 7.37 5.26 8.30 5.45 3.50 2.37 9.62 4.76
1.16 4.45 3.19 5.82 6.52 4.29 9.85 1.91 1.32 3.09
2.76 3.62 7.85 2.54 6.00 5.53 1.61 6.80 1.00 2.69
6.72 8.02 8.28 1.38 2.24 3.12 2.86 6.07 3.51 4.74
1.69 4.73 6.97 1.14 2.33 1.90 1.02 6.67 6.40 7.56
6.39 9.68 2.18 2.30 7.82 7.16 3.99 8.90 9.17 6.05
7.08 5.53 9.24 5.99 3.44 3.58 2.57 6.47 7.18 1.49
5.08 1.45 1.83 5.45 6.07 5.54 8.67 8.59 8.02 7.66
7.48 3.51 2.68 2.79 7.73 1.33 4.67 7.40 7.38 4.07
2.70 1.30 7.40 9.44 7.13 4.56 2.73 5.81 5.51 5.02
3.71 6.27 8.31 5.85 9.07 8.78 2.66 3.46 1.55 1.83
8.41 6.39 5.50 7.03 1.60 9.22 1.35 7.10 7.11 7.98
7.80 3.98 5.69 5.21 6.08 8.56 5.63 2.43 5.69 2.25
3.56 8.37 1.55 5.57 2.47 4.96 7.81 2.45 3.53 7.75
8.37 8.37 6.92 6.74 4.78 5.08 4.81 2.84 6.21 7.87
2.20 8.36 5.08 1.77 6.79 2.42 6.93 1.83 4.28 4.84
1.80 2.38 8.90 8.83 4.41 5.23 6.06 2.11 1.96 9.57
5.38 7.17 7.76 7.07 4.16 2.37 9.24 6.93 4.04 8.37
7.87 2.27 8.24 9.06 8.51 7.04 3.06 7.29 3.29 8.82
5.88 7.93 2.20 2.66 9.82 7.20 5.79 1.24 1.11 9.92
1.31 2.83 8.32 3.69 7.87 8.73 8.56 2.09 5.13 9.97
8.76 4.24 9.24 7.37 6.88 9.89 4.54 1.40 8.52 1.60
6.26 3.55 4.41 2.39 9.26 2.15 7.73 6.93 1.43 3.51
8.68 1.52 1.19 4.66 1.57 3.13 5.59 8.66 7.16 1.71
9.63 4.28 1.18 6.86 9.09 6.68 1.20 2.77 7.81 7.10
9.14 8.25 9.84 2.06 1.09 5.49 3.62 3.90 3.74 5.40
7.22 1.78 9.11 6.77 1.69 8.81 3.95 3.91 8.65 6.87
4.97 3.03 1.16 1.23 2.82 2.67 1.13 9.84 1.11 9.12
4.98 4.03 2.30 3.08 5.09 7.52 1.80 7.29 4.45 5.27
3.65 8.55 1.12 5.56 1.14 6.02 3.12 3.78 5.32 8.47
3.74 6.17 5.86 1.36 8.30 1.49 3.21 4.39 8.54 3.64
1.30 3.66 3.10 9.20 9.25 6.05 9.02 2.02 5.53 6.14
5.64 7.79 2.11 7.23 9.19 5.82 8.96 7.16 3.78 1.14
4.51 9.56 7.69 7.62 1.77 4.19 7.51 6.75 7.76 9.97
9.72 8.12 9.51 7.30 9.71 4.64 6.64 4.54 7.02 7.01
9.61 1.44 2.31 1.08 5.25 5.92 1.21 9.19 6.82 7.84
9.82 2.80 9.71 8.73 4.39 1.29 9.34 8.27 8.40 5.33
4.59 6.77 5.62 1.48 5.63 1.87 2.88 9.03 6.68 7.60
6.92 8.08 4.36 7.45 6.87 8.59 9.56 3.19 4.70 9.87
5.20 5.10 8.56 8.84 7.63 7.85 2.27 1.59 1.85 2.71
2.41 7.76 5.60 5.04 4.38 5.14 6.16 4.02 3.34 9.00
5.69 8.01 7.76 5.53 1.94 2.71 7.40 6.40 1.40 9.66
6.97 5.14 6.77 7.88 1.05 1.66 9.11 1.66 7.02 2.59
1.47 3.02 2.39 6.33 5.10 1.48 3.15 5.73 9.43 7.96
9.59 8.38 5.79 4.78 7.20 4.87 8.30 2.95 6.65 5.56
1.61 1.43 2.32 4.55 9.76 7.14 4.09 4.01 1.48 3.42
5.65 2.31 8.25 3.92 7.17 6.22 9.28 6.47 9.54 9.65
8.23 8.23 7.49 3.69 7.58 1.75 5.15 2.27 6.85 6.79
5.82 3.44 2.96 2.52 2.38 9.96 2.24 9.01 1.75 7.04
8.18 6.14 9.23 8.81 9.19 8.00 6.89 9.31 5.12 1.30
4.22 9.65 1.19 9.53 1.22 4.18 4.80 3.45 8.66 2.64
7.95 1.34 8.33 1.08 2.56 2.02 1.19 1.42 8.92 6.51
3.57 5.65 4.57 4.14 4.51 5.98 7.98 5.97 8.72 7.40
7.38 7.05 4.13 7.47 1.36 8.89 9.99 5.73 7.62 7.26
8.68 7.12 2.28 2.78 2.72 8.36 3.86 4.62 8.32 6.31
5.24 4.47 2.87 8.35 1.33 8.31 2.34 2.05 9.51 6.30
1.14 6.20 3.79 7.13 2.85 2.68 6.56 2.27 9.97 9.65
9.03 4.47 1.87 2.36 3.40 6.25 6.38 9.70 9.91 4.83
7.46 4.22 5.72 7.18 1.86 4.11 1.89 3.72 4.12 3.32
9.60 1.46 6.60 1.10 5.32 3.55 1.35 7.18 5.39 7.30
2.26 7.52 2.80 4.80 4.51 9.16 4.02 2.56 1.89 6.77
9.37 3.85 7.59 9.60 4.26 1.98 5.69 2.71 2.24 4.92
9.81 7.67 7.90 8.17 6.15 7.44 9.56 9.54 4.64 2.64
2.25 6.09 9.34 3.63 5.76 6.09 6.46 4.17 2.51 5.28
9.17 8.55 7.38 3.03 5.58 5.54 2.59 6.63 8.75 5.49
4.93 8.18 7.23 9.52 6.01 9.66 7.88 8.85 5.37 1.35
8.17 7.44 8.94 5.01 3.00 3.93 7.76 2.33 2.63 1.69
1.14 1.84 4.04 6.33 5.27 8.05 3.86 3.08 4.09 6.76
9.56 9.54 5.05 2.40 6.24 6.95 2.13 9.28 5.33 3.83
3.09 4.23 2.59 7.83 8.97 4.40 1.15 9.16 2.00 9.24
2.24 1.32 2.98 4.50 3.94 7.74 9.48 5.84 4.56 6.70
1.75 6.46 5.05 6.62 8.30 4.71 4.95 2.90 9.63 7.86
6.82 5.52 6.63 7.21 1.52 8.98 3.75 5.72 2.37 3.46
3.87 6.88 6.70 6.68 4.74 8.97 9.13 7.68 8.88 3.49
6.16 5.19 8.74 6.36 8.53 9.35 8.63 6.62 6.88 6.95
1.07 8.92 8.76 8.27 5.90 8.78 5.50 4.16 6.33 2.38
5.29 4.77 9.69 5.96 6.83 8.49 3.43 5.57 8.80 4.54
2.72 3.74 2.88 6.99 5.12 9.87 1.36 3.07 3.03 4.14
3.84 7.29 6.65 3.91 2.89 5.40 1.80 8.42 6.43 5.14
5.35 2.56 4.76 1.97 8.53 5.27 2.68 1.15 3.28 4.80
9.85 7.17 7.41 1.76 9.33 7.68 1.30 5.94 1.56 3.07
7.19 5.42 4.93 5.07 7.42 6.82 1.67 1.62 7.63 9.98
4.22 1.60 3.08 2.73 5.76 5.61 2.36 8.89 8.80 3.68
8.95 6.21 9.89 4.72 9.45 5.01 7.96 7.57 6.36 7.11
4.89 3.34 8.42 3.10 1.60 1.46 9.27 5.05 9.18 2.46
8.20 5.81 6.66 2.36 9.03 2.22 1.70 9.14 7.69 1.55
3.97 5.32 7.48 9.13 7.95 8.44 2.03 3.12 2.18 8.70
5.53 5.29 6.70 2.17 7.63 4.45 4.73 2.24 2.01 6.09
5.99 1.44 2.41 6.95 1.08 6.09 1.49 3.74 3.16 1.55
1.08 9.23 9.28 3.47 6.87 3.37 5.66 7.44 5.38 4.84
7.36 7.97 2.60 8.40 2.38 9.00 1.06 8.90 1.42 4.71
3.33 2.72 3.47 1.11 6.84 8.08 1.63 1.80 1.68 2.18
6.87 3.35 5.46 5.40 9.05 7.00 8.43 2.00 7.06 1.14
9.92 7.74 2.63 8.83 4.72 6.11 5.07 4.06 1.70 3.11
9.94 8.39 3.51 1.31 3.78 5.68 8.27 3.11 7.64 7.58
4.72 8.71 3.14 5.94 2.46 8.91 8.61 4.47 2.69 7.73
8.41 9.01 1.56 6.83 5.08 8.34 5.14 7.21 4.67 5.30
6.88 1.45 1.95 3.37 5.51 8.90 3.77 5.51 2.06 5.51
2.47 7.89 7.36 3.26 9.39 4.63 5.91 7.25 7.71 6.01
1.62 1.68 8.88 6.09 9.33 9.37 3.86 5.02 1.77 1.16
7.43 6.37 1.54 9.43 2.47 2.75 7.68 9.67 4.91 1.80
1.60 8.95 2.38 4.27 5.80 6.42 3.38 4.55 2.81 1.35
2.31 7.66 7.16 2.93 4.99 2.83 2.40 6.61 5.43 9.14
2.41 6.28 7.76 5.91 3.31 8.21 5.41 2.50 4.17 1.83
7.09 6.44 7.15 7.65 6.41 7.56 2.47 3.60 1.35 6.57
4.61 1.70 8.35 4.82 4.54 5.11 2.82 2.67 6.62 9.05
6.31 7.34 3.30 4.05 1.20 3.65 6.14 2.59 7.52 6.13
5.02 2.41 3.80 4.97 8.51 8.69 4.72 2.53 5.23 6.06
6.80 9.84 1.11 6.38 1.33 7.66 1.22 3.40 2.67 9.32
5.27 5.21 6.12 3.84 6.99 9.95 6.18 3.83 3.93 8.49
5.31 9.10 7.07 7.49 3.98 1.47 8.39 8.30 1.55 8.46
6.50 1.43 1.46 3.94 5.05 2.84 6.98 9.37 7.42 6.21
3.94 9.30 9.28 3.91 8.34 6.84 7.57 1.46 7.13 8.80
9.13 1.24 8.68 1.01 4.03 9.43 1.69 9.61 6.81 1.33
3.22 4.20 9.83 6.77 5.59 6.20 5.70 8.93 8.52 6.45
8.36 5.22 2.10 2.96 4.18 5.32 7.59 4.00 9.08 8.41
2.57 9.41 2.72 3.17 5.50 6.30 5.01 4.03 3.67 5.26
8.58 7.08 1.77 1.75 6.24 8.14 8.35 7.94 3.39 4.10
6.15 8.41 7.45 8.23 1.34 1.11 1.31 5.08 7.22 2.01
2.51 4.17 1.15 7.17 5.19 9.99 9.03 9.99 7.83 2.75
7.26 1.94 8.83 1.53 2.91 8.15 3.82 9.18 7.46 4.14
1.48 9.15 6.39 8.04 6.03 3.79 6.48 7.61 7.35 2.72
5.71 1.12 1.89 6.39 1.47 5.58 4.89 9.04 7.25 4.72
2.22 5.40 8.98 2.82 6.99 2.99 7.90 5.99 7.71 8.10
8.14 2.90 6.23 7.26 1.33 2.29 9.79 8.90 7.80 8.86
5.42 8.93 9.51 1.48 3.54 6.91 5.35 3.63 5.39 9.86
7.26 4.51 1.83 6.85 2.95 9.63 1.46 7.62 1.13 2.33
3.09 1.28 8.55 2.23 7.17 7.54 1.77 6.41 2.49 9.26
8.61 2.25 6.80 4.39 3.19 7.35 3.82 4.09 9.89 2.43
9.01 3.18 8.84 5.76 6.36 4.35 9.75 5.19 7.94 7.36
7.62 3.50 2.63 2.68 1.26 8.99 1.71 9.32 2.79 8.45
7.73 2.72 3.52 4.01 5.43 4.98 3.35 9.72 4.70 1.95
3.70 8.68 6.54 6.32 3.74 6.75 2.67 6.00 6.10 6.30
9.12 2.59 3.97 2.78 4.86 5.72 1.61 4.65 9.15 1.69
8.17 9.19 4.64 5.33 8.73 2.50 5.91 1.70 7.89 9.67
1.90 5.62 9.30 5.90 9.73 5.47 8.75 8.91 1.87 6.58
3.32 5.12 5.15 7.03 2.60 6.43 8.77 5.11 3.54 3.04
3.12 4.82 2.72 4.53 5.65 4.31 6.33 5.63 1.23 2.59
2.22 5.24 1.30 2.03 8.08 7.92 2.21 5.59 2.01 6.78
9.61 4.14 6.59 4.55 4.99 2.07 4.54 4.22 2.88 7.75
6.63 5.46 9.43 8.98 5.37 4.33 7.46 9.65 6.62 9.97
2.94 6.52 2.91 7.45 3.61 5.84 7.83 9.68 8.41 1.24
2.78 5.35 1.12 7.67 1.11 6.89 1.06 3.06 2.92 8.00
8.18 9.47 1.97 3.23 4.53 1.24 6.70 4.46 8.92 3.97
7.52 9.95 2.63 9.10 8.91 1.70 6.47 7.39 1.70 5.82
6.24 3.65 6.71 5.11 1.28 7.40 6.66 7.42 4.14 5.34
1.99 1.79 1.42 5.15 1.09 5.55 4.45 5.62 1.29 7.76
2.12 2.48 6.17 5.61 9.49 4.00 4.78 1.75 4.74 7.91
9.19 1.54 6.12 4.88 3.96 2.51 8.19 8.47 4.54 4.63
7.64 4.95 8.29 9.89 2.45 8.68 2.20 2.36 1.20 8.59
2.23 3.51 4.21 8.88 3.47 1.61 2.79 1.31 4.79 5.65
2.47 5.10 6.63 7.95 8.63 5.50 7.25 4.34 3.06 6.11
7.19 3.68 2.64 1.16 9.34 9.96 7.67 3.98 1.77 6.48
4.73 5.02 8.55 4.95 5.45 6.84 8.63 8.91 8.58 5.14
2.48 3.79 3.12 2.75 2.57 2.87 6.40 5.09 8.97 3.00
5.96 1.53 2.88 4.40 8.83 6.38 4.32 6.36 6.77 9.28
9.30 8.19 5.59 6.65 2.69 5.73 2.30 3.35 5.80 6.75
2.15 9.29 6.28 9.44 9.21 4.13 5.87 5.36 5.12 3.78
5.51 7.09 9.82 3.38 4.81 7.44 2.89 9.62 5.35 5.16
5.40 9.46 1.32 7.14 8.48 2.58 5.26 2.72 2.89 9.75
2.40 4.57 1.44 4.53 2.56 6.26 3.91 9.66 5.32 7.09
2.75 1.73 8.56 6.66 1.22 6.92 8.70 2.67 4.50 6.43
3.61 4.53 3.33 7.13 5.02 8.40 4.76 8.14 3.04 3.61
3.29 4.64 7.71 8.35 6.68 2.72 3.83 2.24 5.53 2.38
4.03 1.76 3.61 1.46 7.81 4.23 2.53 2.71 2.28 4.23
5.84 5.41 1.27 3.23 2.93 8.41 8.69 1.11 3.80 9.06
1.00 8.92 2.48 8.83 2.53 9.22 3.26 9.53 7.64 4.17
8.40 2.18 7.12 8.91 8.12 9.53 8.84 1.91 2.18 4.74
7.82 7.15 6.03 5.81 7.94 6.33 3.73 8.99 9.18 8.22
8.63 9.91 6.10 2.70 8.01 2.38 9.74 6.53 4.52 4.93
7.61 6.82 8.20 4.40 5.37 8.13 7.82 5.68 6.64 6.13
6.81 6.83 2.61 8.07 1.73 5.02 2.00 8.77 5.27 1.97
3.11 9.07 9.23 2.92 7.96 4.99 6.50 6.43 5.93 3.28
5.30 6.65 2.15 2.95 2.48 7.26 9.40 7.42 2.54 1.66
3.89 2.70 3.73 9.76 9.09 8.32 6.44 2.46 4.30 3.44
3.56 1.72 3.06 1.44 5.17 9.47 3.23 9.26 1.85 2.50
1.01 4.04 4.95 7.78 9.18 2.91 2.49 3.37 1.56 9.25
7.59 3.08 4.21 4.73 2.84 6.29 6.86 2.94 5.33 6.66
3.66 7.99 1.40 1.95 7.86 4.89 1.26 3.61 9.61 8.48
5.19 1.43 5.62 6.22 6.10 6.13 4.73 9.57 8.93 7.59
5.32 5.31 8.52 1.54 4.88 7.33 2.09 9.21 4.97 8.45
7.29 7.70 4.74 6.31 4.78 1.74 5.26 6.38 5.33 7.04
2.86 5.89 4.33 6.95 8.00 6.98 3.48 6.98 7.20 1.46
8.05 7.45 1.85 4.11 3.71 3.15 7.46 6.28 4.90 9.34
1.39 9.25 2.16 7.16 1.12 6.58 1.89 5.89 1.04 7.56
6.17 5.55 6.00 8.17 5.22 8.09 7.89 2.07 9.74 7.82
4.43 5.76 3.12 6.89 6.33 5.66 5.50 2.96 5.99 9.47
8.56 1.38 3.39 5.63 1.40 2.85 3.45 9.64 1.70 8.14
4.92 6.72 4.02 3.01 8.20 3.64 6.44 3.90 7.52 4.35
1.42 6.31 9.85 7.09 7.96 3.21 2.71 8.24 5.28 1.47
9.61 4.21 3.71 5.84 4.24 4.98 8.48 8.68 2.86 7.06
7.06 7.25 7.08 6.61 8.15 7.32 2.21 6.39 2.65 4.78
7.02 4.90 6.92 7.74 1.41 2.40 1.10 3.56 7.20 7.99
4.52 4.09 9.00 5.41 5.44 8.59 9.03 8.52 2.13 3.85
5.90 8.92 5.18 9.84 8.81 6.87 9.75 8.01 7.28 4.34
6.07 7.28 7.03 5.63 2.15 6.98 1.00 8.73 7.70 5.30
1.57 3.30 1.30 5.21 6.33 2.27 6.92 8.67 9.21 1.69
7.35 6.20 8.96 5.09 9.82 8.09 8.38 6.40 5.93 2.15
6.43 9.25 1.14 8.89 9.14 3.33 1.58 5.41 6.46 1.17
5.53 1.01 3.99 1.19 1.46 2.20 5.14 6.38 3.06 1.58
5.80 5.01 7.84 9.86 3.46 5.58 1.39 3.85 7.28 5.56
7.97 1.51 4.80 4.76 6.59 3.34 8.69 1.82 5.97 6.71
1.32 7.93 8.86 5.40 4.82 4.09 6.68 1.63 2.88 6.14
4.07 7.09 8.92 8.64 9.46 1.32 7.06 5.25 1.46 8.08
2.51 4.25 7.05 4.78 7.01 4.79 2.68 1.97 1.58 5.48
2.45 8.78 4.10 7.04 4.17 6.09 8.99 5.43 3.83 2.54
7.78 2.15 8.75 4.18 9.89 2.49 2.57 9.09 6.92 6.64
7.01 8.20 4.06 1.09 1.34 2.55 1.34 1.36 8.70 9.52
3.18 9.93 2.73 1.62 2.22 6.93 2.29 5.41 1.26 1.78
1.57 4.86 2.22 3.53 6.55 6.35 9.49 1.31 9.88 9.90
3.95 3.09 6.66 1.30 1.55 7.03 3.43 4.96 6.77 1.37
1.92 8.42 4.54 5.11 9.49 3.25 9.81 5.34 3.06 6.66
5.47 5.55 8.80 6.54 8.85 1.63 2.64 8.40 1.69 3.03
1.95 6.51 3.90 7.28 8.67 1.11 8.52 9.98 7.32 5.30
1.12 7.11 5.62 3.64 3.54 9.69 9.02 3.45 7.47 7.53
5.42 7.99 2.30 3.50 7.38 6.22 5.01 6.65 9.61 5.86
8.70 6.39 5.81 9.16 1.53 1.23 3.52 4.60 2.00 3.46
2.75 9.94 3.14 9.84 4.93 5.05 4.23 7.94 3.66 4.23
9.25 3.36 2.03 9.29 4.01 1.62 4.77 8.98 9.61 2.07
7.18 9.10 8.35 2.35 2.21 7.96 3.71 5.00 3.46 4.97
5.08 2.52 8.02 4.20 1.94 8.20 8.78 8.26 8.57 1.52
4.49 2.20 1.22 6.20 3.41 8.05 2.58 6.52 1.31 6.69
3.60 9.19 9.02 4.10 2.72 9.22 9.76 1.38 6.20 3.19
1.57 7.67 3.64 1.79 9.67 9.31 4.48 7.61 3.82 9.56
3.55 7.45 4.48 4.63 9.26 2.74 3.07 7.63 3.57 3.54
3.79 9.32 5.21 6.26 8.90 5.58 4.67 8.31 6.94 8.73
9.72 4.95 5.70 5.50 8.75 8.71 5.78 4.40 5.80 1.43
4.28 7.08 3.22 4.82 2.13 5.49 6.02 3.58 2.05 1.72
3.95 3.11 2.62 3.03 7.93 8.23 3.66 6.50 9.49 4.12
8.93 9.84 1.89 3.35 2.06 9.81 2.13 2.98 8.84 7.38
8.58 6.06 5.69 8.01 6.20 1.44 5.97 1.74 7.96 2.49
8.19 5.76 4.00 6.37 3.97 6.89 7.03 8.83 9.11 3.74
8.61 1.97 1.69 4.16 3.38 7.07 9.26 6.12 9.41 1.86
6.20 7.56 3.99 5.13 2.72 1.84 3.26 8.31 7.93 8.63
8.11 3.09 8.78 6.43 6.56 5.97 6.38 7.54 8.11 5.46
4.73 7.33 4.29 1.62 2.01 1.66 4.95 8.57 6.16 4.26
7.58 7.45 2.74 5.58 5.39 8.79 7.31 9.23 8.76 8.96
5.62 1.57 1.25 5.55 2.31 9.67 1.08 7.22 8.73 8.08
6.98 6.10 5.83 9.74 5.86 8.53 1.16 7.73 1.91 4.63
2.44 4.46 2.92 8.17 1.52 9.41 8.50 3.78 8.82 3.09
6.84 7.40 6.90 9.72 8.80 9.47 5.01 4.26 1.26 6.20
7.62 9.55 7.52 6.59 4.22 9.51 5.77 3.73 5.72 8.23
6.65 3.68 1.58 4.22 5.84 2.84 2.61 6.60 7.72 9.50
7.77 2.15 5.10 4.78 3.54 7.27 9.85 2.64 3.59 5.01
5.80 2.38 4.73 9.05 7.58 8.38 4.90 5.23 4.69 6.77
1.70 6.30 5.77 9.13 6.91 4.36 7.76 3.96 5.48 9.48
1.63 5.83 4.59 8.01 8.60 1.80 5.33 3.91 1.24 5.29
1.93 8.89 9.02 3.62 7.40 7.35 9.98 5.51 2.33 4.17
9.18 1.05 4.55 9.94 6.06 9.49 4.53 1.94 9.70 5.59
3.57 1.35 3.49 8.08 2.60 1.22 1.65 8.07 4.25 5.79
6.27 1.17 4.49 1.41 1.39 7.74 2.86 9.56 1.78 8.12
7.76 8.09 7.78 4.83 8.02 8.90 5.13 6.96 9.00 4.34
7.22 4.29 6.41 8.33 1.68 6.78 9.38 8.75 1.02 3.35
4.53 9.73 1.02 1.88 1.09 4.78 9.54 2.52 8.99 7.19
3.04 3.81 2.53 2.03 7.33 6.11 3.24 6.44 9.79 2.30
7.82 1.87 3.94 7.19 4.95 5.60 7.45 3.88 8.03 4.82
7.03 5.95 6.06 4.74 6.11 1.88 3.34 2.78 9.82 4.43
8.47 9.07 9.00 1.82 5.78 7.00 2.77 1.91 1.84 5.08
2.46 8.62 5.61 4.28 8.98 2.47 5.51 4.07 4.61 4.61
1.02 9.08 7.30 3.50 5.07 8.48 6.11 9.97 4.09 4.31
3.08 7.29 1.38 1.34 4.74 1.10 4.10 4.64 6.94 9.50
2.48 4.06 5.66 7.69 4.28 9.99 4.41 4.34 2.88 8.08
5.71 1.85 6.65 1.72 7.90 3.89 4.28 6.36 8.33 8.98
1.82 6.83 5.50 5.88 8.54 8.51 8.32 1.33 2.19 9.35
8.93 8.57 6.36 5.46 1.57 5.08 6.11 6.54 2.77 2.03
3.13 5.63 5.41 6.85 8.62 1.42 1.36 1.46 6.86 7.05
6.61 9.44 1.32 6.86 6.39 9.72 2.93 5.32 9.69 2.06
2.05 1.24 5.17 8.49 1.93 7.38 6.49 4.12 4.71 5.72
9.07 7.25 9.05 3.49 6.35 2.93 7.70 2.60 4.98 5.69
7.35 9.23 1.60 3.56 4.41 5.18 9.11 3.74 3.74 8.58
4.73 2.74 2.52 3.99 9.58 4.88 5.83 4.78 8.03 3.28
7.85 8.63 8.16 9.65 8.99 6.31 6.64 8.62 1.02 7.86
4.65 9.90 8.56 1.72 8.79 2.35 7.94 4.81 4.00 9.82
4.79 4.25 7.66 1.46 3.15 1.16 1.23 8.64 3.61 2.57
8.10 3.28 4.14 6.24 1.75 1.35 6.96 7.79 4.86 2.69
1.94 4.18 4.74 4.46 7.76 6.60 1.76 7.89 9.74 9.10
5.64 5.75 9.14 7.29 4.67 6.52 3.24 8.47 1.19 6.05
3.47 8.02 4.81 7.83 9.41 9.72 2.84 4.48 9.91 8.34
7.81 3.29 6.29 10.00 4.86 1.87 8.64 7.17 8.87 6.72
3.10 3.50 6.99 8.24 5.49 5.69 9.18 1.45 5.62 1.29
7.30 8.14 2.16 9.33 6.85 3.49 2.05 4.86 7.17 1.17
1.88 9.40 8.66 2.43 7.38 5.65 2.85 9.61 1.52 1.28
1.75 9.53 6.03 3.27 8.07 7.84 4.28 7.76 4.01 6.80
1.32 1.23 4.98 7.46 1.10 4.18 6.57 3.62 4.09 5.61
4.50 5.17 3.60 6.47 3.65 8.22 8.39 3.44 1.61 7.47
2.21 6.62 3.30 7.04 9.97 3.11 9.98 1.67 9.39 6.26
9.02 9.60 5.60 8.48 7.28 8.25 2.26 1.41 4.22 2.38
7.48 7.01 1.54 9.38 4.72 7.32 5.50 4.25 4.80 4.51
7.12 8.27 5.15 7.24 8.03 2.75 7.18 9.96 8.26 4.13
2.37 1.81 2.92 6.85 1.26 2.81 3.64 3.36 7.23 4.88
2.82 4.36 2.50 5.96 9.37 1.92 2.50 8.30 7.14 5.08
9.34 6.02 2.71 9.80 2.79 8.82 9.92 9.75 1.16 8.52
9.76 1.77 1.06 3.71 7.34 8.84 5.27 2.07 3.74 6.63
7.91 9.67 5.14 3.29 1.02 7.79 1.96 5.67 6.44 3.01
1.24 7.20 6.12 8.10 8.47 4.60 8.64 5.89 6.00 2.56
2.81 8.22 9.92 8.79 9.89 6.10 3.83 7.81 5.65 8.51
6.22 7.97 9.83 3.82 6.28 2.87 8.28 4.91 8.44 1.48
1.99 7.49 5.41 9.49 7.85 1.80 3.85 7.21 1.87 1.68
1.68 7.89 1.28 6.76 9.59 9.97 1.14 8.11 4.48 6.60
3.92 7.72 8.87 7.12 2.77 4.69 5.31 5.39 7.53 6.71
5.80 2.68 5.70 7.08 7.64 5.23 2.20 3.13 6.97 9.82
8.77 6.32 8.94 6.56 6.27 8.98 5.35 6.79 2.97 2.74
6.36 4.49 3.67 4.93 7.58 7.90 9.38 4.95 6.84 5.13
5.38 8.89 1.72 3.80 7.77 1.81 6.95 3.44 5.57 2.66
4.78 1.39 7.90 2.97 1.11 9.35 2.51 1.77 7.02 2.23
4.06 4.54 2.33 5.61 4.20 8.40 5.95 4.55 3.01 1.58
6.75 5.73 1.87 6.85 6.49 8.98 1.32 1.25 8.79 4.99
1.15 8.29 7.48 9.61 2.36 4.38 1.50 3.78 1.34 7.11
9.33 4.55 5.03 9.91 5.18 6.05 1.85 2.69 7.10 9.28
1.87 1.10 1.98 1.94 6.68 1.07 7.80 6.78 2.85 4.54
8.66 9.39 3.54 4.47 8.46 8.54 2.85 7.73 1.05 4.57
2.18 3.31 4.99 8.69 4.18 8.27 5.27 7.04 4.78 6.95
8.88 4.70 2.16 7.61 8.61 8.58 8.06 7.57 9.77 1.41
2.89 10.00 7.56 1.83 3.00 7.60 2.38 8.08 6.75 9.42
9.72 6.89 3.39 4.42 5.51 2.75 2.09 9.70 9.22 2.73
6.61 1.47 8.46 4.96 5.58 4.95 5.86 2.92 8.58 8.26
2.38 8.37 7.25 2.93 4.68 8.41 7.93 4.72 7.93 6.29
5.25 7.11 9.14 3.77 8.95 9.44 6.12 4.04 3.43 5.03
6.29 1.33 3.45 1.11 3.92 5.30 2.62 3.37 4.11 3.45
4.18 1.47 9.05 3.34 3.37 7.60 4.25 7.28 2.82 6.56
5.78 4.96 8.45 9.86 3.81 9.29 8.67 4.26 6.10 8.39
5.78 9.03 1.24 7.79 2.44 4.59 1.42 7.85 8.05 2.62
7.86 3.66 9.19 9.69 7.28 6.31 7.90 7.64 4.83 9.96
5.94 7.68 3.37 4.97 4.09 1.85 2.62 7.03 4.41 4.25
8.23 8.98 3.95 1.25 1.99 7.07 8.23 1.41 2.44 3.56
6.50 6.90 7.86 5.09 2.87 1.23 9.70 6.13 5.67 5.91
1.10 1.92 6.70 9.58 5.72 8.80 2.69 9.10 4.03 7.02
8.06 4.22 9.41 3.80 4.28 7.46 5.16 3.00 1.58 9.32
3.93 6.14 4.43 5.76 9.79 8.48 9.34 5.53 6.88 4.42
5.90 4.59 3.95 7.15 9.48 9.36 3.30 6.28 6.73 6.06
7.88 5.89 1.11 3.89 3.73 8.72 5.33 6.11 2.74 8.03
2.47 7.22 6.96 6.43 3.15 1.42 4.90 2.83 6.10 8.87
1.29 3.98 6.72 4.20 3.68 8.51 9.06 7.84 3.24 9.47
3.37 2.21 3.35 1.02 1.85 6.55 3.05 4.35 6.19 1.66
3.36 3.98 6.27 9.86 7.90 6.92 2.07 9.68 7.41 5.78
9.55 5.30 2.26 6.36 9.12 3.48 8.00 7.96 5.54 9.68
6.96 5.77 3.42 1.19 2.08 9.84 9.89 7.71 7.61 7.50
9.33 3.97 5.79 3.17 3.66 6.07 1.15 7.37 9.19 7.42
8.77 9.90 9.36 2.46 7.08 5.51 3.37 8.00 4.41 8.96
3.90 4.90 5.90 9.22 1.42 3.29 6.45 8.60 5.62 2.81
7.31 2.70 1.26 4.09 7.19 5.41 5.55 1.05 9.98 5.64
2.61 4.30 8.89 4.01 2.42 4.97 3.59 3.67 7.73 2.56
6.07 5.35 5.14 9.81 5.69 3.85 8.76 6.62 4.84 3.94
3.84 8.91 5.68 3.19 1.19 5.44 2.25 5.28 6.81 1.63
5.36 8.95 5.83 2.84 3.69 7.16 8.07 5.88 1.42 9.32
5.84 8.96 7.99 3.78 8.26 5.12 6.42 8.24 1.91 7.19
3.48 6.81 2.27 7.87 3.14 5.26 7.86 9.43 1.78 8.25
9.16 2.49 2.59 2.43 8.96 7.43 7.25 2.17 3.37 2.65
7.19 6.17 5.41 5.76 6.59 8.99 8.55 7.34 4.77 8.53
7.52 4.80 6.56 1.52 2.10 5.86 2.54 3.53 3.03 2.33
6.46 4.55 6.47 2.45 7.47 5.29 3.94 2.35 6.99 9.12
6.03 2.73 4.55 7.91 1.26 3.71 6.87 8.10 2.04 9.21
7.60 9.61 5.51 2.16 4.82 8.95 1.42 1.19 5.46 1.90
7.47 3.77 6.55 2.30 6.71 1.74 5.64 5.01 7.83 4.59
3.31 5.14 5.97 3.37 4.73 3.45 7.03 2.59 2.07 9.73
3.10 9.70 5.12 7.64 2.05 9.14 6.71 3.10 7.63 4.36
3.74 7.64 8.77 9.61 1.55 6.16 7.20 4.76 9.09 4.31
6.18 4.72 4.26 5.49 5.11 2.00 6.85 8.04 4.06 7.93
8.77 3.33 8.74 6.71 1.16 8.96 4.39 7.53 3.85 8.49
2.32 6.01 9.74 6.70 4.79 7.15 6.39 4.66 4.96 2.73
5.77 4.17 7.04 1.83 6.69 3.05 8.55 9.40 5.17 1.66
7.39 5.93 3.97 5.79 3.85 7.40 4.13 8.19 6.89 7.54
2.66 3.10 4.50 2.06 5.61 1.81 3.07 3.92 8.32 4.17
8.43 3.26 5.90 3.11 1.28 9.91 5.73 3.17 5.65 4.44
8.81 7.87 7.34 7.15 6.55 2.19 6.78 8.04 3.98 4.93
7.03 4.79 8.86 2.86 1.81 3.19 1.91 4.47 5.03 7.44
8.00 9.14 3.95 5.94 8.72 4.95 6.44 1.67 3.13 3.92
2.09 6.99 2.40 3.09 2.69 3.65 3.08 1.52 3.84 3.11
3.08 7.77 6.91 5.47 3.07 8.63 2.01 5.03 9.98 6.63
6.06 7.41 6.05 6.96 9.08 6.71 5.79 3.40 8.16 3.54
6.83 4.31 5.54 6.31 4.67 1.40 9.18 7.95 1.90 3.38
1.43 5.40 5.43 9.61 2.39 4.37 1.50 6.99 9.51 4.36
2.17 1.54 5.59 6.55 5.40 6.87 8.95 4.93 3.37 1.17
9.65 2.07 4.35 8.57 5.11 3.50 8.53 1.54 10.00 3.34
8.34 6.22 6.85 8.54 8.29 5.46 8.59 2.52 2.73 5.78
8.28 4.41 4.96 5.86 3.08 9.24 3.20 8.80 8.57 4.37
2.61 1.81 8.65 2.34 3.23 1.66 4.52 9.11 5.64 4.02
2.33 3.55 3.57 4.23 5.02 7.56 9.29 7.06 8.01 7.21
2.72 8.25 9.71 7.40 9.59 7.77 3.31 8.65 3.90 4.43
3.88 3.48 7.53 3.90 6.38 3.95 3.60 3.57 4.30 5.27
7.71 5.66 8.70 9.33 5.33 8.21 4.85 2.32 2.01 2.06
4.09 6.91 7.11 3.69 6.68 3.04 1.59 1.72 7.76 6.15
8.59 9.67 7.90 5.01 9.13 4.53 2.97 6.18 6.43 2.23
4.71 4.25 3.48 8.30 9.19 6.55 3.39 7.10 1.03 3.70
6.18 2.53 1.04 9.74 9.22 7.51 9.23 1.42 9.43 6.90
4.84 8.25 4.05 4.61 3.14 2.21 7.49 1.89 7.63 7.72
1.96 1.21 4.28 9.97 6.73 3.73 2.64 3.85 5.92 4.51
2.55 2.71 2.91 5.40 7.10 9.48 2.21 4.14 8.97 6.20
4.14 4.16 5.62 4.29 6.85 7.60 2.49 3.56 5.11 7.11
10.00 7.87 4.83 9.02 1.34 3.49 4.09 7.58 3.78 3.64
4.37 5.58 8.09 4.83 4.78 2.25 9.26 9.21 4.05 5.21
6.21 4.65 1.83 6.09 8.96 1.20 9.29 6.83 2.50 2.72
2.52 8.44 9.39 4.59 2.23 6.46 7.07 8.22 8.64 5.96
6.71 1.58 6.80 6.31 2.14 9.14 1.16 7.38 9.32 7.37
9.77 2.42 5.80 5.20 3.67 1.94 9.69 3.46 2.22 5.72
6.78 8.03 6.06 3.69 1.48 8.58 8.17 2.23 6.52 5.91
8.48 4.68 1.72 6.73 8.92 2.60 1.86 8.67 5.79 9.92
5.56 2.97 6.72 8.10 8.23 5.51 1.93 4.57 8.54 5.50
4.51 9.84 2.49 4.96 6.76 4.43 3.00 8.24 3.12 6.93
1.27 7.20 1.22 6.36 8.59 4.19 5.75 6.66 5.91 8.79
1.31 3.60 5.23 5.99 5.57 1.26 7.88 8.14 9.99 1.08
9.63 9.51 2.44 9.09 4.86 5.32 1.97 5.53 9.83 8.41
5.45 4.40 8.14 2.99 5.19 6.85 2.37 2.28 3.90 4.09
7.64 1.04 7.40 5.89 5.10 8.27 2.01 8.83 4.88 9.03
5.96 8.11 8.82 3.80 7.33 8.93 4.06 7.80 4.25 5.70
2.80 6.52 5.16 1.40 7.09 4.80 3.77 1.64 6.33 5.88
8.49 7.74 5.78 2.29 9.69 4.51 4.68 2.73 6.31 4.68
7.21 2.80 4.36 1.71 6.04 7.29 4.73 6.75 5.52 7.61
5.72 7.78 2.91 8.77 4.30 9.14 2.06 6.04 1.52 6.66
2.12 7.70 8.00 2.72 2.46 5.22 2.64 7.36 7.14 7.01
9.15 2.13 8.92 2.81 6.65 8.37 4.73 2.37 4.86 3.77
8.82 4.46 9.81 3.58 2.01 2.43 7.46 5.16 8.99 7.52
7.79 2.86 7.71 9.11 1.06 3.89 5.12 1.04 2.23 3.37
8.44 4.94 5.56 8.28 8.03 6.24 1.76 7.19 1.96 4.41
1.72 9.79 5.91 2.44 3.05 8.31 4.93 7.72 6.06 4.30
2.53 5.45 9.87 9.26 6.10 6.12 3.26 3.66 3.08 3.80
7.73 1.66 5.91 4.67 7.60 7.10 5.13 1.41 8.24 9.81
9.35 5.25 3.70 5.80 8.55 9.24 2.58 7.08 4.36 3.97
2.89 2.10 9.58 9.86 7.91 3.67 1.40 7.25 3.05 1.26
2.74 9.56 8.90 1.14 7.46 4.09 5.95 3.87 6.45 2.67
6.64 2.39 1.04 6.28 8.89 8.93 8.98 8.83 9.76 1.04
6.69 1.01 7.92 7.32 6.17 7.51 3.34 4.99 5.21 1.43
2.82 1.46 5.43 3.26 1.40 4.68 6.58 4.31 7.42 7.81
3.79 6.66 2.76 6.19 8.61 2.21 4.37 2.47 4.61 4.39
8.25 4.52 4.04 3.99 6.55 3.38 8.54 4.10 5.55 4.32
1.39 1.49 3.97 5.06 3.42 9.69 6.85 4.69 9.39 9.08
7.64 5.92 4.75 4.52 5.81 8.75 8.81 1.11 1.15 2.79
8.48 3.90 8.75 5.86 8.55 1.44 7.62 7.12 7.27 9.50
8.79 3.27 7.89 8.75 7.18 9.52 4.71 1.82 4.73 7.52
3.48 7.20 1.44 6.38 1.44 5.52 5.62 8.36 7.96 1.37
4.59 2.04 3.76 9.16 7.98 5.26 3.62 3.22 6.27 3.46
6.52 8.11 7.35 1.22 8.86 6.74 1.35 3.45 9.14 7.87
6.99 1.96 6.77 1.07 7.38 8.60 2.42 2.47 4.55 2.46
1.92 7.13 5.16 8.61 2.63 3.76 6.03 2.76 8.87 1.88
3.95 5.39 7.39 5.35 8.14 5.29 6.33 3.48 2.38 2.39
7.08 2.56 1.28 4.00 4.65 3.59 6.88 2.21 4.32 7.60
7.12 5.36 3.18 7.08 8.02 9.12 8.34 2.12 6.35 4.12
8.03 2.49 9.03 2.97 6.46 4.47 5.07 9.51 8.51 5.60
3.42 5.10 4.54 2.11 2.32 5.50 8.87 3.41 8.88 2.12
3.04 5.69 7.20 3.91 3.53 1.25 4.38 6.29 6.90 7.77
1.41 3.64 4.07 2.53 3.16 1.47 8.34 5.95 6.64 2.32
9.40 7.03 1.79 9.84 6.66 6.78 3.78 9.85 7.74 6.03
3.00 9.86 2.27 6.78 3.05 8.38 4.60 9.74 8.21 5.06
9.40 5.55 9.49 5.15 2.73 7.56 9.07 5.83 2.78 7.56
5.13 6.09 4.55 2.77 3.77 4.22 8.45 8.19 6.80 8.04
6.33 5.23 6.30 1.29 1.61 3.55 8.82 8.76 1.96 5.53
1.30 4.88 9.42 3.67 2.96 1.99 1.04 2.88 5.21 7.50
1.61 8.93 8.66 9.70 4.56 5.46 1.38 1.15 4.44 1.35
9.14 4.90 3.34 7.33 4.05 9.56 1.86 4.77 5.70 1.92
2.80 7.13 2.24 3.68 9.22 8.44 3.96 6.16 2.91 6.63
9.07 6.14 9.33 5.84 9.65 6.40 7.12 2.44 5.09 3.58
1.76 7.94 6.15 3.58 6.95 6.92 4.34 2.24 6.71 5.20
7.07 2.76 5.63 2.18 4.40 8.08 8.22 7.33 7.29 8.86
5.20 9.88 1.72 5.86 2.93 4.70 2.17 1.23 6.93 8.43
3.20 2.26 9.89 6.45 1.94 3.53 7.92 2.68 2.85 3.32
3.34 7.28 9.54 4.96 3.34 2.39 1.02 2.04 1.77 6.27
4.73 1.68 7.46 7.04 6.62 3.67 5.11 5.78 1.80 6.38
1.32 4.53 8.95 7.28 9.26 8.87 2.85 5.05 8.06 7.65
2.92 4.75 2.80 4.22 9.60 2.50 4.10 7.75 6.81 8.00
6.79 4.27 9.60 3.18 3.05 5.04 8.38 3.19 4.13 3.34
7.08 4.54 4.55 6.23 3.09 6.88 1.16 6.40 5.50 4.88
1.10 3.98 6.03 8.08 8.02 9.14 4.28 3.26 7.93 7.77
2.41 2.49 3.45 2.42 4.61 3.55 6.85 4.03 7.74 9.48
8.74 4.41 4.35 8.56 6.87 4.64 4.51 3.96 9.89 8.05
6.74 7.61 7.58 3.75 4.67 4.23 9.93 6.17 2.19 7.90
6.97 6.76 9.46 5.83 3.45 1.80 9.13 5.96 1.55 2.12
9.22 6.83 8.55 9.15 8.57 2.02 4.05 9.87 1.09 2.13
2.20 7.21 6.72 8.49 7.29 7.99 5.44 6.42 4.11 2.27
2.74 1.39 3.42 7.18 4.29 7.58 1.99 8.34 8.01 3.54
8.76 3.98 3.03 8.94 5.98 7.40 3.10 3.58 2.12 4.28
5.45 7.87 5.26 3.69 7.51 1.44 3.27 5.54 6.80 5.64
7.90 2.47 5.34 1.31 7.19 3.24 4.59 9.98 3.63 5.36
8.20 6.62 4.13 4.91 8.51 3.74 9.18 7.91 8.28 9.69
8.39 1.10 9.63 3.25 4.81 8.17 6.52 8.36 5.54 2.66
6.94 2.76 5.70 7.22 2.69 4.25 5.71 1.79 4.78 4.63
3.32 6.79 6.17 2.28 9.65 2.37 2.03 6.32 3.33 9.54
3.35 8.77 8.08 5.15 3.47 3.63 1.76 3.47 3.13 8.88
4.98 6.64 3.98 9.34 2.65 6.44 7.88 3.71 7.86 6.88
9.36 6.21 2.43 5.90 2.17 7.43 5.27 5.81 8.11 3.43
4.50 9.45 7.73 9.80 4.42 9.06 5.71 9.61 9.18 5.14
6.89 8.22 7.54 1.60 7.89 2.16 5.67 3.78 8.60 4.33
2.89 2.79 2.46 6.11 8.77 5.77 4.46 8.46 3.84 7.18
8.03 1.22 6.38 1.76 7.94 5.93 5.43 7.12 4.61 4.62
5.37 6.33 7.33 3.19 7.48 2.59 5.47 6.66 7.11 2.34
7.42 2.40 3.72 7.40 3.63 8.65 7.28 9.14 2.67 9.87
7.74 7.89 7.68 2.90 7.65 3.98 6.54 3.03 2.50 9.79
4.74 4.87 7.34 5.93 6.96 5.88 4.92 9.39 7.73 4.98
3.07 5.29 2.14 8.14 5.27 1.87 4.15 7.10 7.54 9.19
4.02 6.78 2.36 1.59 7.79 8.26 2.94 1.12 7.29 2.57
9.17 2.60 9.87 1.34 2.86 7.45 2.98 5.70 1.68 8.03
7.46 4.50 7.45 4.18 7.72 2.77 1.76 9.06 5.64 4.37
8.68 9.03 5.91 6.08 9.82 3.97 8.18 9.93 2.46 1.74
5.38 3.06 2.79 7.00 4.87 8.34 9.68 3.16 9.23 9.64
2.03 1.84 5.62 5.40 1.75 4.52 1.98 9.89 2.78 5.32
8.28 9.63 2.27 5.99 5.04 1.42 5.00 9.24 7.44 1.41
3.85 9.65 7.58 7.98 3.21 7.10 5.41 1.61 3.75 1.64
4.47 3.28 4.55 4.47 1.74 2.93 4.87 9.22 4.97 5.15
7.12 4.04 4.07 6.63 4.48 3.96 6.25 1.99 9.72 4.45
2.43 9.04 6.51 4.71 8.67 3.52 4.30 8.61 9.90 4.04
8.71 8.17 8.38 7.82 7.84 2.86 7.27 4.20 4.55 8.03
5.89 3.05 2.72 5.04 2.01 9.77 4.61 1.06 2.63 2.44
5.16 8.42 4.63 6.99 3.71 3.94 9.88 9.64 7.03 5.53
6.06 5.93 5.59 1.64 6.09 6.80 3.32 8.52 2.78 1.61
2.62 7.10 1.56 6.01 9.86 4.13 6.79 7.10 8.02 2.99
4.85 2.64 6.02 4.64 9.33 2.08 4.31 4.16 6.44 1.44
8.37 1.40 2.06 6.65 6.87 4.81 3.94 9.60 3.61 7.82
8.89 3.43 6.12 6.93 9.13 6.85 4.61 9.79 7.49 1.42
3.27 3.62 4.89 6.00 5.04 1.80 8.45 6.46 5.83 8.11
1.15 6.87 4.85 9.78 9.58 7.26 6.53 1.66 8.11 3.18
1.29 6.52 8.94 6.85 1.18 1.23 8.47 3.47 4.04 5.90
7.35 6.92 1.31 6.31 6.48 6.97 9.12 5.04 6.25 7.60
2.63 8.10 1.73 3.66 8.92 4.74 8.96 2.09 1.13 9.10
3.54 2.72 3.61 6.72 5.92 5.73 3.34 3.04 4.76 2.00
6.55 7.91 3.68 2.40 2.24 9.36 5.70 1.17 4.20 6.49
6.11 9.14 5.11 4.27 6.23 3.31 9.16 3.54 4.17 2.89
2.66 6.14 5.68 6.92 7.01 1.42 9.06 9.35 9.31 3.70
4.44 8.20 3.70 3.36 9.38 3.50 7.06 4.75 9.21 5.12
2.98 4.08 1.22 3.89 9.15 9.31 2.74 5.43 1.75 3.37
3.30 1.52 2.11 6.22 2.85 8.38 8.25 8.56 7.16 8.46
6.89 8.45 6.77 3.98 1.82 1.62 8.18 8.16 5.48 3.09
3.08 9.43 5.52 1.47 4.29 7.18 9.59 1.65 4.10 5.82
7.98 1.64 7.30 9.04 6.89 1.69 7.61 3.32 7.95 9.07
8.35 3.41 2.07 8.08 8.02 8.11 1.94 4.71 9.83 5.83
9.78 2.31 4.62 8.58 5.83 2.99 6.74 7.25 7.12 6.87
2.71 8.88 9.30 1.47 9.30 9.54 1.71 2.49 3.44 3.94
3.60 3.40 9.81 3.84 3.90 1.97 3.29 3.22 1.91 7.78
1.52 9.24 1.55 6.40 4.19 8.15 7.50 3.68 1.86 6.53
2.62 6.14 5.41 1.22 2.83 3.08 3.21 8.59 1.07 3.98
1.60 5.02 4.47 5.08 2.46 2.08 5.95 1.65 9.57 1.31
4.52 2.74 4.84 1.43 2.35 9.55 2.24 3.96 3.53 2.59
3.20 3.45 6.64 4.07 1.77 3.63 9.01 6.01 6.93 4.16
6.17 2.87 3.53 5.92 9.69 7.16 8.48 3.21 1.85 1.01
1.82 5.70 2.76 7.22 3.79 7.53 4.61 8.18 7.42 9.64
7.09 9.23 2.61 5.60 2.30 7.53 6.66 4.13 6.00 9.93
1.07 1.37 1.87 1.96 7.62 8.60 5.79 8.32 6.72 9.37
2.80 9.59 8.04 9.00 5.41 5.14 9.39 9.65 1.68 9.50
3.37 7.38 1.07 1.36 3.45 5.31 5.82 2.89 4.62 3.04
9.39 6.96 6.45 9.83 3.76 3.32 4.33 3.16 1.93 9.53
7.13 1.41 4.12 7.95 3.91 2.46 5.22 3.57 9.73 3.90
8.91 1.47 2.60 2.06 3.27 7.33 5.00 5.75 6.70 9.22
5.32 5.41 5.69 4.67 5.12 9.53 4.52 6.50 8.77 5.70
3.49 4.53 6.53 7.17 6.80 1.97 8.98 9.59 5.61 6.03
8.37 9.74 4.04 6.31 4.89 3.38 4.39 7.93 1.05 4.98
2.93 9.54 5.41 1.20 10.00 8.65 3.70 2.22 9.56 4.03
8.64 9.10 1.88 7.51 7.60 6.67 8.79 2.15 2.95 3.70
3.46 2.17 2.76 4.39 1.69 5.59 7.78 6.78 3.76 5.49
9.27 9.50 9.37 4.86 7.59 8.49 1.82 9.93 9.04 6.66
5.16 6.27 7.80 4.59 3.46 5.52 2.54 2.01 6.09 6.27
2.40 4.79 8.45 1.76 1.37 3.47 5.10 6.19 8.30 7.99
4.78 4.10 3.16 5.38 9.32 8.55 8.35 9.37 4.90 3.64
3.96 3.93 8.65 2.44 8.59 8.44 2.75 5.12 8.96 1.03
2.91 3.57 6.61 2.08 4.69 3.47 3.38 5.72 4.68 6.29
7.95 4.68 8.95 9.52 6.51 1.23 7.38 6.80 7.31 4.10
4.24 6.60 1.77 7.70 4.57 1.25 1.60 4.61 6.66 4.45
4.53 8.25 3.21 7.32 1.76 7.05 2.40 6.85 7.50 9.83
9.83 9.71 7.02 5.04 6.79 7.16 7.03 5.26 7.72 4.28
3.15 6.47 6.60 8.88 1.98 3.39 3.55 2.66 5.34 6.28
5.71 5.20 2.24 6.32 7.76 4.91 3.37 2.09 1.40 4.29
9.26 6.99 2.99 4.32 2.92 5.84 6.46 6.35 3.35 9.53
6.86 7.39 1.61 2.88 2.39 9.54 4.76 5.47 8.52 1.94
4.50 7.61 6.13 7.87 1.34 7.09 7.63 9.10 6.97 1.90
5.23 7.51 6.87 6.25 8.41 1.78 7.39 8.13 8.78 9.33
7.77 2.10 6.68 1.74 2.54 6.65 9.62 1.28 1.62 5.70
7.25 7.05 5.08 8.34 4.37 5.62 1.45 2.15 1.30 3.51
2.71 4.92 5.96 6.52 1.68 1.81 6.06 3.53 1.59 5.00
6.10 6.90 3.42 5.74 9.69 4.23 7.88 3.31 3.64 5.52
2.76 1.87 7.16 5.43 3.02 7.00 9.40 9.69 1.57 7.58
2.36 3.33 6.22 7.75 8.65 1.92 5.72 1.66 7.50 9.77
8.16 7.49 8.43 3.71 5.25 7.81 5.34 6.68 6.02 2.95
1.59 9.24 1.76 7.96 2.09 7.20 1.23 9.45 6.57 4.23
3.25 1.18 4.65 8.51 6.27 7.86 6.61 4.96 7.20 4.36
5.77 2.41 9.77 2.09 1.32 3.65 3.38 9.22 6.52 4.91
6.82 4.69 2.37 5.37 2.71 1.71 6.55 1.60 1.10 7.32
5.85 1.03 8.46 1.46 2.30 4.85 3.14 7.68 8.98 1.65
7.00 8.40 2.73 1.53 5.58 2.44 4.27 3.33 6.22 1.61
4.36 7.00 1.58 6.58 1.44 9.39 5.42 1.10 8.44 2.21
2.51 6.61 7.95 3.43 7.91 8.04 6.78 6.09 9.30 5.00
8.24 1.92 2.61 4.16 9.21 4.80 5.27 4.27 6.32 2.77
2.60 5.76 9.95 7.94 6.52 2.48 4.22 5.86 8.43 9.92
5.10 7.16 6.05 4.53 5.35 1.10 9.40 4.93 6.25 6.77
4.80 6.26 1.29 7.56 7.03 9.06 1.68 1.30 7.85 5.20
1.83 1.21 6.10 7.36 6.37 8.14 3.30 6.09 2.80 6.52
7.82 7.56 4.63 9.75 7.62 1.58 4.16 7.38 9.74 6.41
4.87 3.03 5.74 7.97 4.05 6.16 3.14 2.88 6.38 8.12
1.31 4.94 2.73 6.57 6.39 2.37 5.33 6.35 8.62 5.19
5.17 3.20 2.37 9.66 1.45 4.01 2.40 9.53 2.60 3.43
7.28 9.50 6.04 1.43 2.15 4.75 1.58 1.45 9.59 7.04
1.49 2.46 4.86 2.72 4.15 2.89 7.32 5.03 3.88 2.88
1.35 9.85 2.86 3.46 6.78 7.54 2.78 6.31 9.41 1.30
8.62 2.64 3.70 4.87 9.12 2.50 1.11 4.56 5.08 2.02
9.50 5.80 1.64 6.71 8.41 8.07 9.19 6.09 1.85 7.46
6.63 9.08 2.49 1.09 1.27 3.76 8.73 7.20 3.14 6.36
6.46 2.10 5.49 8.77 1.36 6.70 7.58 2.42 1.89 7.80
7.79 9.94 6.91 2.56 9.49 3.88 1.98 8.67 7.77 4.61
2.39 5.90 4.06 7.49 7.50 9.24 3.44 1.90 2.40 3.73
6.00 7.86 1.65 8.78 4.45 4.07 7.20 5.91 7.81 2.05
7.04 9.93 2.91 10.00 9.22 6.63 3.95 9.59 3.86 5.56
7.56 4.58 9.05 2.26 4.96 3.18 5.94 7.87 8.59 9.50
9.80 3.20 6.32 7.36 8.30 5.27 2.72 4.48 8.87 2.50
6.49 8.83 3.97 9.76 9.97 6.86 2.08 7.91 3.15 9.36
8.93 2.90 3.03 6.57 7.49 3.80 1.91 7.07 7.54 9.89
1.99 5.47 6.26 1.70 5.32 1.19 1.80 8.57 6.79 2.75
4.80 9.90 6.80 8.22 6.60 6.31 2.61 2.49 7.02 2.87
4.79 1.69 1.34 5.60 2.61 7.85 1.80 2.71 3.96 2.28
2.49 2.12 7.56 6.30 1.49 3.38 7.97 2.59 3.24 5.10
8.41 1.08 4.97 6.55 6.58 6.82 6.46 4.75 7.77 7.41
6.74 9.32 3.59 5.12 6.15 7.06 8.54 2.63 9.21 9.50
8.34 3.89 4.23 4.16 9.82 7.06 4.10 6.72 3.48 3.59
2.58 9.65 1.47 6.37 9.14 1.20 9.33 7.01 7.75 2.31
9.66 4.22 8.53 9.13 5.63 2.98 9.11 9.91 7.08 9.95
6.62 4.36 5.82 7.88 8.90 9.32 5.73 6.39 5.35 9.95
6.28 6.58 1.00 2.03 4.50 7.89 3.02 2.07 2.63 7.77
2.06 7.96 7.52 7.43 1.13 2.95 2.68 2.11 7.81 3.36
3.97 8.58 8.51 5.13 3.52 8.74 6.72 2.08 9.38 2.65
2.04 2.65 5.41 2.60 4.96 7.51 1.11 7.88 3.77 3.38
7.73 7.82 7.77 2.70 4.87 4.41 1.07 8.71 7.60 9.86
7.22 5.94 9.03 1.88 2.00 1.91 7.79 1.99 8.63 3.31
9.21 7.51 5.34 5.72 5.50 3.01 5.76 1.44 3.11 5.53
5.90 3.66 9.44 8.58 7.37 9.94 7.89 8.13 2.69 3.57
4.49 5.34 9.76 1.63 6.83 1.07 6.39 8.58 2.42 5.76
1.79 2.15 3.64 8.99 4.73 4.35 3.65 1.27 3.50 7.22
9.21 5.02 6.64 3.14 7.47 2.36 7.37 2.36 2.90 1.30
3.48 7.88 3.53 8.09 8.48 4.00 6.30 9.25 1.27 7.34
5.84 2.96 5.34 2.36 5.62 3.14 5.42 3.47 4.97 4.68
4.76 9.81 4.55 7.34 1.20 7.13 7.96 4.35 1.05 5.06
5.15 2.76 7.17 5.57 2.43 1.80 9.10 5.48 4.64 6.49
7.80 2.22 8.20 6.48 9.97 5.30 8.08 9.59 6.84 8.93
5.13 6.05 4.76 6.67 1.81 9.98 5.80 4.55 8.90 2.40
3.13 2.50 5.21 7.52 5.66 2.95 8.51 9.87 8.53 8.97
8.73 3.67 2.83 8.52 2.12 1.68 8.33 7.46 2.14 8.79
6.21 2.54 6.08 6.66 7.74 8.26 1.91 7.23 2.42 5.08
9.25 6.36 8.12 9.27 8.83 7.10 3.88 3.04 3.85 7.00
3.78 8.31 5.82 6.27 3.51 5.35 6.58 1.44 8.02 3.19
2.76 4.67 7.32 9.67 7.80 2.05 2.86 2.09 1.84 6.63
8.22 3.90 3.12 3.30 3.53 8.72 7.45 7.02 8.64 1.08
2.88 6.02 1.19 9.90 2.00 6.91 3.38 3.20 9.21 7.16
9.01 2.92 5.22 7.98 5.60 1.83 5.42 4.86 8.08 4.78
9.48 5.03 1.63 7.84 9.58 5.28 2.95 8.68 5.36 7.97
1.25 9.78 2.90 4.93 8.68 9.34 4.56 3.23 7.21 5.21
1.28 7.91 3.89 2.12 3.47 9.27 4.06 7.17 1.91 7.35
9.74 4.94 2.89 2.83 2.73 1.67 8.21 3.90 8.62 8.17
3.81 1.69 2.91 4.42 6.03 1.56 8.02 7.07 2.56 6.86
8.16 9.19 3.50 7.38 8.64 5.76 4.17 1.06 8.31 1.27
8.96 5.95 1.77 2.84 1.02 2.40 9.62 2.18 4.08 5.29
9.34 6.68 3.74 7.34 1.03 9.38 8.92 6.17 2.78 5.75
3.25 2.99 1.53 5.12 3.70 4.57 4.21 7.68 3.10 8.14
6.36 4.05 4.27 9.07 3.58 4.14 5.02 7.74 6.94 4.63
8.54 2.46 8.17 1.12 1.36 3.58 5.26 2.25 5.41 1.60
2.30 6.93 1.98 1.46 7.32 5.73 1.60 4.88 9.09 3.31
2.91 6.69 7.51 7.75 1.09 7.79 2.58 7.70 2.00 4.61
2.44 1.79 4.96 6.82 4.40 7.54 6.21 9.67 3.35 2.45
2.00 1.32 8.23 4.66 3.62 6.86 5.74 1.39 7.34 2.83
3.03 4.44 4.53 7.50 2.77 4.51 5.41 1.84 2.22 2.76
8.67 3.23 3.73 7.78 7.82 4.04 3.45 2.51 8.12 1.16
3.69 1.42 3.59 1.31 7.13 7.69 3.41 4.50 4.46 8.55
8.58 6.41 2.48 2.13 8.95 1.06 8.08 3.38 1.46 2.76
8.75 3.10 8.31 2.68 4.64 9.38 1.04 7.53 2.87 3.92
4.79 7.90 4.90 9.33 7.08 2.54 5.78 2.71 6.92 6.69
3.18 4.39 3.40 5.54 6.56 8.24 6.27 7.48 5.72 9.54
6.04 9.40 7.75 7.23 9.89 5.26 5.10 7.75 8.57 6.42
4.48 2.00 9.47 4.89 4.82 5.21 3.98 3.80 7.59 4.56
2.13 8.01 2.20 5.22 9.68 1.56 9.95 1.38 6.57 8.10
1.28 3.14 2.83 8.15 5.83 6.52 9.23 8.49 3.45 4.60
6.81 8.09 1.71 4.26 3.83 7.91 6.78 8.84 6.15 6.29
7.26 7.55 4.10 9.29 9.18 4.40 8.13 4.57 9.65 7.32
6.09 7.90 8.66 9.74 2.93 6.34 2.55 2.61 2.88 3.48
4.58 1.15 8.42 4.61 2.36 8.71 4.68 2.61 8.15 5.08
2.36 6.77 8.02 4.98 4.75 2.87 5.30 1.34 2.56 8.60
2.08 8.01 2.11 3.85 8.62 8.32 2.00 4.91 5.57 2.42
9.01 9.52 1.35 2.28 2.07 4.66 2.74 2.15 1.18 6.58
4.82 9.70 7.58 9.41 9.26 6.82 3.00 3.15 7.61 5.23
2.75 1.85 3.04 2.89 8.79 8.39 9.08 1.71 7.34 9.26
5.94 5.31 2.32 1.04 8.76 4.18 9.20 6.49 1.81 4.72
7.79 5.21 1.83 4.63 9.02 6.99 8.07 6.94 1.02 2.38
1.92 1.37 3.84 2.67 8.84 7.25 6.58 3.43 3.55 3.28
9.53 4.42 3.64 5.26 4.47 5.39 3.38 1.86 9.85 3.40
8.13 5.32 2.59 4.24 4.56 1.31 8.90 4.51 4.00 4.30
3.66 6.19 8.41 2.61 5.53 5.82 4.08 6.80 1.01 7.52
9.75 4.68 8.77 4.41 2.77 6.51 3.83 8.31 7.31 5.25
3.80 4.42 4.49 9.72 3.61 1.09 7.51 8.84 1.85 4.76
9.18 9.89 4.60 1.05 7.67 4.72 2.29 4.77 1.41 6.15
5.44 7.97 1.67 4.15 8.84 8.39 7.40 1.55 7.34 8.86
5.08 1.07 6.37 3.00 2.48 2.87 1.80 3.97 9.51 2.40
4.29 8.88 6.61 1.07 1.13 8.37 2.84 2.32 6.49 3.27
4.68 4.94 9.44 9.33 7.63 1.68 1.89 9.74 7.76 8.64
8.66 4.83 6.21 9.57 8.87 1.08 5.64 8.20 7.73 2.88
2.97 8.65 4.59 7.31 3.86 3.88 7.68 3.88 7.02 9.05
7.87 6.39 7.11 6.82 5.67 5.38 8.05 3.67 4.94 5.78
8.63 7.90 1.70 8.77 8.16 7.89 5.80 4.22 6.32 1.46
8.72 7.60 2.52 2.52 6.31 6.40 7.75 2.51 9.09 9.68
2.49 4.28 8.42 1.74 8.97 4.85 5.47 5.17 8.46 8.76
8.16 5.49 2.07 8.81 3.50 1.88 1.15 9.68 4.43 1.65
2.03 9.62 2.54 5.45 6.32 3.27 6.39 3.83 8.77 9.53
3.36 6.76 2.68 1.04 9.59 1.19 7.41 1.68 9.08 9.90
5.58 9.52 3.85 1.62 9.98 3.35 4.31 1.28 4.21 7.55
8.82 3.64 9.98 4.81 4.10 5.65 5.36 4.06 1.01 6.90
9.03 7.77 4.01 8.66 1.92 2.08 1.27 2.33 7.17 7.25
8.14 1.20 9.16 4.24 9.30 3.85 3.34 1.25 6.90 3.61
2.05 1.73 6.73 9.44 1.54 4.89 1.96 1.54 1.67 2.34
4.60 2.89 3.42 3.24 3.56 7.58 6.32 1.16 3.19 9.31
3.87 4.25 4.61 4.01 8.44 6.04 9.79 8.48 2.19 7.74
5.74 2.76 7.44 1.61 9.45 3.30 8.23 1.23 2.03 1.48
3.23 5.06 5.73 3.76 1.14 9.26 7.70 1.64 5.53 9.98
7.19 2.35 3.10 9.55 1.27 4.08 1.17 9.26 5.83 2.31
2.23 5.10 1.38 5.51 3.74 9.46 4.25 9.31 9.45 3.93
9.01 5.47 4.86 2.29 2.26 4.29 5.55 3.42 5.22 4.35
5.53 2.69 6.40 4.78 3.66 2.02 6.40 3.27 1.43 5.40
3.31 6.11 1.71 9.63 1.81 9.17 7.29 9.41 4.90 2.53
5.04 1.73 9.43 7.07 7.19 7.96 5.79 2.43 4.11 2.59
8.92 7.24 5.54 2.48 1.56 8.75 1.17 1.67 3.56 8.93
5.07 3.65 6.28 4.00 1.07 3.98 1.24 7.81 6.33 9.75
8.36 8.99 7.61 8.29 1.38 4.39 6.62 6.94 2.48 5.49
8.09 3.15 7.72 6.94 6.97 8.88 8.01 3.65 1.10 5.70
6.81 9.87 6.19 8.82 7.74 2.53 5.92 2.24 7.65 6.82
1.20 2.64 3.88 4.08 8.57 7.22 1.91 7.59 8.45 6.57
8.34 7.43 4.81 3.84 4.62 1.56 8.10 6.34 1.54 3.89
4.90 7.09 1.59 3.72 7.18 8.54 5.69 8.64 4.34 4.28
4.22 6.95 9.16 6.19 5.57 4.93 4.21 2.57 6.19 8.02
4.34 1.90 4.29 7.89 3.86 3.11 2.39 9.22 1.34 1.95
9.00 3.91 7.97 7.59 2.55 6.39 8.28 6.97 9.09 3.37
7.19 4.61 6.79 9.11 2.94 3.52 4.50 1.66 7.89 7.21
2.48 7.77 3.28 7.79 3.45 4.11 9.01 4.81 6.68 8.89
4.85 5.70 4.55 8.18 4.30 4.51 5.68 5.32 9.88 6.90
5.44 1.15 7.63 5.76 9.78 7.24 3.79 3.81 5.82 9.48
8.94 9.85 2.16 8.02 9.65 6.90 5.11 8.00 3.40 1.43
6.26 6.09 6.62 2.20 3.21 1.62 5.24 1.05 1.90 7.89
7.27 3.23 2.71 3.83 9.23 7.29 1.68 9.09 5.32 4.23
5.04 9.96 3.23 3.09 8.29 6.49 5.27 2.15 5.55 2.79
1.23 4.02 5.26 7.02 1.98 2.01 5.14 7.53 1.11 8.52
8.79 5.07 8.75 8.30 7.51 5.02 7.65 7.29 9.73 5.55
7.67 3.41 3.26 4.19 9.47 4.30 1.89 8.45 9.69 7.42
4.05 6.36 7.12 9.64 4.50 7.00 6.54 3.93 1.02 6.21
6.34 4.93 9.53 6.71 2.38 4.20 3.42 6.14 5.07 4.04
7.54 8.22 7.64 1.95 5.88 4.99 6.53 8.30 8.37 3.75
2.95 8.51 6.01 4.20 3.30 8.84 2.08 5.79 2.66 1.96
4.64 1.08 4.28 7.66 6.42 8.39 5.97 5.35 1.52 9.91
4.65 9.19 4.41 8.26 7.04 9.87 5.35 9.63 6.03 9.90
4.28 6.67 8.55 4.01 6.84 2.11 5.19 7.72 3.45 2.22
2.94 5.72 6.89 6.25 8.44 6.82 1.02 6.17 6.45 6.99
2.91 3.81 5.13 2.71 2.06 4.87 8.58 2.24 3.31 8.87
5.48 4.66 5.94 8.52 7.58 9.15 4.75 9.67 2.40 1.38
3.19 3.33 3.04 1.44 1.24 3.90 5.69 3.18 5.21 2.70
4.44 4.75 1.23 5.66 7.04 7.06 5.87 6.84 2.29 6.09
3.70 2.27 2.86 9.21 3.09 4.29 2.01 3.11 3.46 3.14
3.14 1.18 1.38 3.07 4.62 7.88 1.56 8.05 9.44 1.71
5.19 1.63 8.93 3.27 7.17 4.41 5.01 4.33 1.84 2.60
5.32 2.50 7.82 8.30 6.66 8.27 1.84 8.57 9.41 1.01
1.74 5.94 2.43 9.16 4.06 1.48 7.08 9.77 7.71 2.60
2.71 4.86 6.22 3.63 2.60 6.62 6.46 8.71 5.08 1.15
6.57 3.32 8.66 9.10 2.29 7.33 4.91 2.05 9.75 1.99
5.96 1.75 7.20 4.62 5.13 8.10 1.33 6.19 1.67 8.58
7.15 1.53 8.52 8.91 7.85 8.17 7.36 6.54 9.36 5.92
7.31 5.63 8.24 4.03 2.63 5.01 3.55 8.63 9.08 7.55
7.66 9.47 1.25 8.55 2.90 9.26 7.65 8.23 2.85 2.80
5.37 6.83 8.03 9.09 8.57 3.44 5.39 2.09 2.74 9.81
6.85 1.43 6.59 9.91 5.20 6.75 2.54 9.43 4.09 6.92
5.63 4.26 8.63 9.95 9.91 3.29 6.81 7.19 8.94 9.09
5.40 9.82 6.31 8.31 7.63 1.44 2.76 7.99 9.91 5.08
4.29 7.57 8.86 7.36 3.45 5.55 9.46 2.79 5.70 7.53
4.23 7.89 6.52 6.17 9.68 6.85 6.32 5.15 7.77 7.22
5.20 5.81 6.33 3.70 1.18 5.47 1.96 2.61 7.66 9.34
5.46 5.49 3.45 6.71 3.53 1.73 2.31 6.89 9.64 5.94
9.18 9.33 8.94 1.99 2.00 1.06 2.43 3.21 3.64 6.64
8.53 2.13 7.36 2.20 2.32 8.37 6.73 7.52 6.22 8.86
4.22 1.94 6.64 4.74 3.38 7.87 3.09 4.87 9.16 9.16
9.24 6.53 6.08 1.90 1.20 4.96 4.51 6.01 6.72 5.36
9.93 7.80 8.47 1.77 6.20 5.27 5.23 8.05 5.52 3.49
4.31 1.90 3.66 4.93 3.77 3.66 2.49 8.08 1.47 8.86
1.69 7.01 3.89 4.04 8.34 2.47 2.88 3.67 2.37 3.24
6.72 1.15 7.00 3.62 3.39 1.84 1.44 3.38 4.21 6.42
8.49 9.78 9.49 5.82 8.94 4.28 1.53 6.90 5.61 9.49
6.63 2.87 4.92 5.23 1.55 8.52 6.35 2.79 3.95 9.32
1.63 8.49 4.00 7.96 2.03 3.98 8.89 4.28 4.23 6.93
6.57 3.46 8.46 3.56 3.01 1.66 7.52 1.40 7.28 6.47
8.08 1.88 2.77 5.96 7.15 2.84 1.59 7.06 9.23 8.71
5.36 5.67 8.82 5.66 7.18 4.74 8.74 3.21 3.52 6.15
7.07 9.29 3.31 3.81 5.48 6.05 8.83 9.48 9.79 2.15
8.34 8.22 1.84 6.15 5.81 4.88 1.03 9.00 9.17 4.79
1.15 8.32 3.71 3.18 2.17 4.39 9.25 1.51 4.70 3.88
8.56 4.01 6.94 8.19 3.88 1.94 3.13 4.49 2.72 5.41
6.04 9.97 3.70 5.30 6.57 1.59 8.54 4.51 5.34 9.48
8.33 2.64 1.05 1.96 7.24 7.85 1.51 3.95 6.09 8.40
7.55 9.95 8.79 1.47 3.65 5.69 6.00 4.13 1.52 1.77
1.21 3.35 9.38 1.95 8.64 6.65 6.15 3.05 9.34 9.68
4.79 9.92 9.35 8.18 8.36 1.76 1.16 3.62 1.63 2.53
2.86 4.37 4.28 8.28 5.96 6.22 9.43 3.40 1.94 3.46
9.81 6.83 4.96 3.55 6.87 1.84 9.32 1.00 1.59 2.51
2.31 8.61 2.63 8.07 1.10 5.38 1.54 7.46 1.36 4.86
7.20 5.36 3.24 3.65 1.31 6.00 1.19 6.35 6.07 4.09
3.46 2.52 7.57 9.85 2.75 6.38 6.80 2.88 3.57 1.48
1.23 5.90 5.01 5.77 1.33 6.09 5.53 8.81 1.62 9.98
6.27 6.44 9.15 7.35 9.22 4.26 6.47 4.59 1.82 1.31
7.81 6.36 1.69 2.87 7.57 3.44 1.34 9.71 5.63 1.22
8.42 9.68 9.87 5.98 6.58 2.17 9.18 9.76 1.32 3.76
7.48 9.55 6.80 5.68 7.63 5.55 7.41 3.38 2.84 4.70
7.47 5.32 4.48 7.36 9.78 8.55 2.90 6.81 3.03 1.80
5.10 8.18 5.45 5.67 2.22 8.37 7.62 2.75 2.22 8.23
3.63 5.83 1.12 7.51 9.25 9.22 2.46 6.18 5.67 3.42
3.43 7.35 7.50 4.31 8.26 7.73 2.81 1.90 1.09 5.69
6.04 5.44 3.44 2.39 1.82 3.77 1.75 7.93 8.29 6.69
4.90 9.30 1.47 7.96 8.24 5.21 6.51 1.45 5.70 8.32
4.64 2.11 4.96 7.79 9.85 4.47 7.76 2.39 7.86 8.62
1.67 5.36 4.12 3.32 8.71 3.16 7.61 6.61 5.30 3.42
4.47 7.27 2.30 3.80 5.64 6.45 4.07 9.33 3.28 1.15
8.23 1.95 9.78 7.32 7.58 3.17 4.48 2.03 2.25 2.84
1.62 3.75 4.32 5.59 8.99 2.96 1.85 8.56 9.07 7.12
1.87 3.29 7.65 7.54 6.70 7.53 5.19 6.02 3.48 9.79
2.16 7.66 5.71 2.91 6.03 5.44 5.10 4.48 6.93 3.50
7.34 3.47 6.86 9.90 6.23 3.53 1.02 6.15 7.49 9.44
8.89 7.83 6.30 2.04 1.37 9.38 3.95 5.99 3.16 2.07
1.16 9.38 8.13 3.94 5.38 9.48 1.98 8.13 3.84 8.31
3.12 7.60 5.29 7.20 4.09 7.29 9.42 3.22 9.09 3.60
9.12 9.70 5.34 7.88 4.77 1.24 7.79 4.73 6.82 2.58
7.93 9.16 9.73 7.59 9.71 4.81 7.61 9.21 1.05 7.51
3.44 5.16 9.37 7.00 6.28 1.35 4.21 5.38 2.39 3.60
2.29 6.48 9.06 5.08 9.77 2.50 8.92 3.88 5.18 7.99
6.47 8.06 3.18 8.15 6.30 8.75 8.86 9.49 8.28 1.76
7.06 4.05 7.26 1.65 5.56 2.50 5.11 4.30 6.36 8.49
3.17 1.72 8.06 6.63 2.36 4.42 9.69 2.84 2.39 3.41
9.37 4.22 7.83 4.80 6.71 5.58 6.85 9.63 7.79 6.47
4.29 4.29 6.52 4.42 7.95 2.91 4.29 2.77 7.96 9.93
2.84 5.33 8.18 2.04 2.67 2.12 3.81 6.09 8.84 8.52
5.94 4.55 7.00 6.29 6.99 8.33 3.04 8.16 8.95 8.03
3.52 9.22 7.70 6.93 7.09 9.90 6.83 2.75 5.74 9.81
9.62 8.62 4.16 4.12 4.82 2.18 9.10 4.85 7.84 1.96
3.83 7.06 7.75 5.09 8.95 7.36 7.49 4.54 6.83 7.27
2.15 1.45 6.65 1.26 2.03 1.82 9.44 5.61 6.71 9.09
4.17 5.01 6.10 4.30 3.17 8.37 6.16 2.45 2.73 8.79
9.28 3.34 1.98 3.45 7.33 9.74 6.54 5.52 8.60 1.18
4.95 9.31 3.00 7.68 3.56 7.57 6.77 8.52 2.12 5.87
9.91 7.00 8.55 6.40 4.79 4.64 8.75 2.15 3.57 3.55
1.18 1.36 8.17 8.29 8.65 3.23 4.73 6.94 2.48 8.20
9.29 9.91 4.36 1.92 9.49 9.00 1.96 3.52 2.84 7.82
1.55 4.60 9.24 9.91 4.94 6.41 1.77 8.37 8.18 1.08
8.12 7.36 3.89 5.51 3.12 3.57 3.56 2.63 1.69 8.81
3.93 2.14 5.54 4.94 8.24 8.47 8.49 5.06 2.95 7.58
2.90 5.59 6.78 3.30 2.38 8.26 2.75 7.02 2.78 7.73
1.78 3.03 5.11 8.57 1.27 4.37 5.84 1.95 6.45 2.98
5.28 2.05 4.20 5.95 6.71 3.20 9.55 2.32 4.97 8.52
4.65 6.51 8.42 3.96 9.00 4.67 9.27 7.33 2.67 7.79
2.01 4.20 8.36 7.52 1.34 7.35 1.15 9.03 2.55 9.34
4.35 1.40 5.80 2.37 4.41 7.87 4.50 2.52 3.68 1.30
1.40 5.69 8.03 9.80 6.02 6.14 2.07 2.63 1.44 2.80
8.99 1.02 3.19 3.31 9.95 4.73 2.63 1.18 6.28 1.86
3.50 9.99 2.98 4.79 4.92 7.25 8.68 5.31 3.82 3.45
4.38 6.82 6.15 1.67 3.68 8.54 7.93 3.65 4.46 9.39
9.08 5.66 2.09 8.67 1.44 8.73 6.85 5.57 7.26 5.90
4.16 1.47 2.47 7.21 6.14 6.46 6.24 9.31 3.47 1.70
9.75 9.36 2.50 5.90 5.64 9.02 7.08 5.60 8.86 5.49
2.71 6.23 2.94 2.20 8.82 1.86 5.32 7.28 8.70 4.01
9.35 5.30 3.37 1.44 5.09 4.17 7.36 4.38 3.43 5.76
3.19 4.55 2.91 8.74 4.65 9.90 8.65 2.96 3.32 2.54
8.60 6.08 2.12 8.27 6.67 1.41 7.90 6.14 6.44 6.93
7.47 3.38 9.30 6.18 5.61 6.49 9.74 5.36 6.59 1.04
6.25 6.12 4.47 3.12 4.54 8.49 4.38 9.21 2.06 8.02
2.77 3.30 8.44 5.52 3.77 8.08 2.80 2.56 5.67 5.45
6.53 2.08 8.89 7.96 1.64 5.96 4.96 6.36 4.19 7.36
4.83 7.52 8.58 2.83 5.09 4.98 1.99 7.40 8.11 9.43
6.43 6.39 7.71 9.55 8.14 4.15 2.08 8.89 3.62 1.85
4.89 1.89 9.25 4.99 1.35 5.91 9.90 9.26 7.05 1.78
6.41 8.15 1.12 7.14 1.56 2.27 4.59 7.21 6.17 4.08
5.02 3.46 1.06 7.65 2.58 5.01 6.47 1.26 7.91 4.80
5.64 9.63 6.53 9.85 6.77 9.17 2.29 3.17 4.17 3.80
8.89 7.70 2.32 6.50 1.83 7.97 7.52 1.63 9.06 4.46
5.13 2.71 8.45 4.19 7.80 9.99 3.16 5.17 9.67 6.69
3.38 6.96 9.81 8.41 5.74 5.79 3.41 7.06 2.48 7.98
1.79 2.67 5.51 4.59 7.57 8.05 9.61 1.61 5.83 5.25
2.58 4.04 9.31 1.62 5.37 4.77 8.70 7.99 5.08 9.45
8.52 1.88 3.59 6.00 5.78 7.73 1.15 2.98 1.88 5.01
7.05 4.21 5.87 5.02 6.32 5.46 3.31 6.12 9.64 2.43
3.63 7.52 1.05 9.17 9.89 1.06 4.86 1.74 4.26 6.04
3.97 8.39 7.91 8.71 3.03 7.77 2.45 9.49 2.45 7.16
2.96 4.60 3.83 4.09 2.29 3.61 3.95 6.48 3.84 9.11
9.67 2.63 3.25 7.25 2.71 7.14 2.55 1.41 8.00 1.73
5.66 1.17 6.47 9.74 6.36 1.52 6.69 2.93 7.29 9.12
5.23 2.11 8.48 8.10 6.23 2.62 2.29 6.69 3.58 6.85
9.87 4.55 9.60 5.28 6.10 3.25 3.58 3.55 3.79 2.98
7.56 9.56 8.47 8.79 1.35 2.98 7.04 8.09 5.03 4.38
2.43 2.58 6.84 1.89 4.70 4.09 2.73 8.00 5.54 1.10
7.80 3.60 6.22 6.65 7.41 1.33 4.29 9.20 4.93 6.36
8.64 3.57 3.50 1.98 6.71 7.68 3.38 2.04 5.20 8.86
6.52 2.04 6.50 6.63 9.08 8.53 6.16 7.44 1.09 4.67
7.98 3.24 7.86 9.91 9.04 6.78 2.41 4.57 8.88 9.31
8.62 5.60 1.48 8.19 1.94 5.65 8.39 1.55 4.67 6.51
6.00 4.48 9.71 6.82 1.40 5.42 3.54 3.63 7.38 1.35
8.27 3.01 9.12 5.88 3.65 2.54 7.84 3.05 9.45 3.13
8.21 1.85 3.30 4.28 2.71 9.63 4.28 8.45 8.65 4.75
6.50 1.62 7.46 6.55 4.77 8.59 5.56 9.54 7.14 6.31
8.16 2.26 8.35 6.10 2.13 6.63 8.32 7.97 9.91 9.12
2.32 9.97 2.23 3.54 4.58 7.92 8.71 4.66 5.09 2.10
7.30 4.59 6.29 1.96 1.52 8.43 5.60 6.51 1.16 5.89

Demandas:
0 0 0 0 1 0
0 0 0 0 1 0
1 0 0 0 0 0
1 0 0 0 0 0
0 0 1 0 0 0
0 0 0 0 1 0
1 0 0 0 0 0
0 0 0 0 1 0
0 0 1 0 0 0
0 0 0 0 1 0
0 0 1 0 0 0
0 1 0 0 0 0
1 0 0 0 0 0
0 0 0 0 1 0
0 0 0 1 0 0
1 0 0 0 0 0
0 0 0 0 1 0
0 0 1 0 0 0
0 1 0 0 0 0
1 0 0 0 0 0
0 1 0 0 0 0
0 0 0 1 0 0
1 0 0 0 0 0
0 1 0 0 0 0
1 0 0 0 0 0
1 0 0 0 0 0
0 0 0 1 0 0
0 0 0 0 1 0
0 0 0 1 0 0
0 1 0 0 0 0
0 0 0 1 0 0
1 0 0 0 0 0
1 0 0 0 0 0
0 0 1 0 0 0
1 0 0 0 0 0
0 0 0 1 0 0
0 0 0 0 1 0
0 0 1 0 0 0
0 0 1 0 0 0
0 0 0 0 1 0
0 0 0 0 1 0
0 0 0 1 0 0
0 1 0 0 0 0
0 0 1 0 0 0
0 0 0 1 0 0
0 1 0 0 0 0
0 0 0 0 1 0
0 1 0 0 0 0
0 0 1 0 0 0
0 0 1 0 0 0
0 1 0 0 0 0
0 0 1 0 0 0
0 1 0 0 0 0
1 0 0 0 0 0
0 1 0 0 0 0
0 0 1 0 0 0
1 0 0 0 0 0
0 1 0 0 0 0
0 0 0 1 0 0
0 0 0 1 0 0
1 0 0 0 0 0
1 0 0 0 0 0
0 1 0 0 0 0
0 1 0 0 0 0
1 0 0 0 0 0
0 1 0 0 0 0
0 0 0 1 0 0
1 0 0 0 0 0
0 0 1 0 0 0
0 0 0 1 0 0
0 0 0 1 0 0
0 0 0 1 0 0
0 0 0 0 0 1
0 0 0 0 0 1
0 0 0 0 1 0
0 0 0 0 1 0
0 0 0 0 1 0
0 1 0 0 0 0
0 0 0 1 0 0
1 0 0 0 0 0
1 0 0 0 0 0
0 0 1 0 0 0
1 0 0 0 0 0
0 0 0 0 1 0
0 0 1 0 0 0
0 1 0 0 0 0
0 0 0 1 0 0
0 0 0 0 1 0
1 0 0 0 0 0
1 0 0 0 0 0
0 1 0 0 0 0
1 0 0 0 0 0
1 0 0 0 0 0
0 0 1 0 0 0
0 0 0 0 1 0
0 0 0 1 0 0
0 0 1 0 0 0
0 0 0 1 0 0
1 0 0 0 0 0
0 0 1 0 0 0
0 0 0 1 0 0
0 0 1 0 0 0
0 0 0 1 0 0
0 1 0 0 0 0
0 1 0 0 0 0
0 0 1 0 0 0
0 0 1 0 0 0
0 0 0 1 0 0
0 1 0 0 0 0
1 0 0 0 0 0
0 0 0 0 0 1
0 0 0 0 1 0
0 1 0 0 0 0
1 0 0 0 0 0
0 0 0 0 0 1
0 0 0 0 1 0
0 0 0 1 0 0
0 0 0 1 0 0
0 0 0 1 0 0
0 0 0 1 0 0
0 0 0 0 1 0
0 0 0 1 0 0
0 1 0 0 0 0
0 0 0 0 1 0
0 0 0 0 1 0
0 0 0 0 0 1
0 0 0 0 1 0
0 1 0 0 0 0
0 1 0 0 0 0
0 0 0 0 1 0
0 1 0 0 0 0
0 0 0 0 1 0
0 0 0 0 1 0
0 1 0 0 0 0
0 0 1 0 0 0
1 0 0 0 0 0
0 0 0 0 0 1
0 0 0 0 1 0
0 0 0 1 0 0
0 0 1 0 0 0
0 1 0 0 0 0
0 0 1 0 0 0
0 0 0 1 0 0
0 1 0 0 0 0
0 0 0 1 0 0
1 0 0 0 0 0
0 0 0 0 1 0
0 0 0 1 0 0
0 0 0 0 0 1
0 0 0 0 0 1
0 0 1 0 0 0
0 0 0 0 1 0
0 0 0 1 0 0
0 0 0 1 0 0
0 0 0 0 1 0
0 0 1 0 0 0
1 0 0 0 0 0
0 0 1 0 0 0
0 0 0 1 0 0
1 0 0 0 0 0
0 0 0 0 0 1
0 0 0 0 1 0
0 0 1 0 0 0
0 0 0 0 0 1
0 1 0 0 0 0
0 0 0 1 0 0
0 0 0 0 1 0
1 0 0 0 0 0
0 0 0 1 0 0
0 1 0 0 0 0
1 0 0 0 0 0
0 1 0 0 0 0
0 0 0 1 0 0
0 1 0 0 0 0
0 0 0 0 0 1
0 1 0 0 0 0
0 0 0 1 0 0
0 0 0 0 1 0
0 0 0 0 0 1
0 0 0 0 1 0
0 0 0 0 0 1
0 1 0 0 0 0
0 1 0 0 0 0
1 0 0 0 0 0
1 0 0 0 0 0
0 0 0 1 0 0
1 0 0 0 0 0
1 0 0 0 0 0
0 0 1 0 0 0
0 0 0 0 0 1
0 0 1 0 0 0
0 0 0 1 0 0
0 1 0 0 0 0
0 1 0 0 0 0
0 0 0 0 0 1
0 1 0 0 0 0
0 0 1 0 0 0
0 0 0 1 0 0
0 1 0 0 0 0
0 1 0 0 0 0
0 0 0 1 0 0
1 0 0 0 0 0
0 0 0 0 1 0
0 1 0 0 0 0
0 0 0 0 0 1
0 1 0 0 0 0
0 1 0 0 0 0
0 0 0 1 0 0
1 0 0 0 0 0
0 0 1 0 0 0
0 0 1 0 0 0
0 0 0 1 0 0
0 0 0 0 0 1
0 0 0 1 0 0
0 0 0 0 1 0
0 0 0 0 0 1
0 0 0 1 0 0
0 1 0 0 0 0
0 0 0 0 1 0
0 0 0 1 0 0
0 1 0 0 0 0
1 0 0 0 0 0
0 1 0 0 0 0
0 0 0 1 0 0
0 1 0 0 0 0
0 0 0 0 1 0
0 1 0 0 0 0
0 1 0 0 0 0
1 0 0 0 0 0
0 0 1 0 0 0
0 0 0 0 0 1
0 0 1 0 0 0
0 0 1 0 0 0
1 0 0 0 0 0
0 0 0 1 0 0
0 0 1 0 0 0
0 0 1 0 0 0
0 0 0 0 0 1
0 0 1 0 0 0
0 1 0 0 0 0
0 0 0 1 0 0
0 1 0 0 0 0
0 0 0 1 0 0
0 0 0 0 1 0
0 0 1 0 0 0
0 0 0 0 0 1
1 0 0 0 0 0
0 0 0 0 0 1
0 1 0 0 0 0
0 0 0 1 0 0
1 0 0 0 0 0
0 0 1 0 0 0
0 0 0 0 1 0
0 0 0 0 1 0
0 0 0 0 0 1
0 1 0 0 0 0
0 0 1 0 0 0
0 0 0 1 0 0
0 0 0 0 1 0
0 0 0 0 1 0
1 0 0 0 0 0
1 0 0 0 0 0
0 0 0 0 1 0
0 0 0 0 0 1
0 1 0 0 0 0
0 1 0 0 0 0
0 0 0 1 0 0
0 0 0 0 0 1
1 0 0 0 0 0
0 1 0 0 0 0
0 0 1 0 0 0
0 0 0 0 1 0
0 0 1 0 0 0
0 0 0 0 0 1
1 0 0 0 0 0
0 1 0 0 0 0
0 0 0 0 0 1
0 0 0 1 0 0
0 0 0 1 0 0
1 0 0 0 0 0
0 0 0 0 0 1
0 0 0 1 0 0
0 0 0 0 0 1
0 0 0 0 1 0
0 0 1 0 0 0
1 0 0 0 0 0
1 0 0 0 0 0
0 0 0 1 0 0
1 0 0 0 0 0
0 0 0 1 0 0
0 0 0 0 0 1
0 0 0 0 1 0
0 0 0 0 1 0
0 0 0 0 0 1
0 0 0 1 0 0
0 0 0 1 0 0
0 0 1 0 0 0
0 1 0 0 0 0
0 0 0 1 0 0
0 0 1 0 0 0
0 0 0 1 0 0
0 0 0 0 0 1
0 0 0 0 0 1
0 0 0 0 0 1
0 0 1 0 0 0
0 1 0 0 0 0
0 1 0 0 0 0
0 0 0 0 1 0
0 0 0 0 0 1
0 1 0 0 0 0
1 0 0 0 0 0
0 0 0 1 0 0
1 0 0 0 0 0
0 0 1 0 0 0
0 0 0 0 0 1
0 0 0 0 0 1
1 0 0 0 0 0
0 1 0 0 0 0
0 0 0 0 1 0
0 0 1 0 0 0
0 0 0 0 1 0
1 0 0 0 0 0
0 1 0 0 0 0
0 1 0 0 0 0
0 0 0 0 0 1
0 1 0 0 0 0
1 0 0 0 0 0
0 0 0 1 0 0
0 0 0 0 1 0
0 1 0 0 0 0
0 1 0 0 0 0
1 0 0 0 0 0
0 0 0 0 0 1
0 1 0 0 0 0
0 1 0 0 0 0
0 0 0 0 1 0
0 0 1 0 0 0
0 0 0 0 1 0
0 0 1 0 0 0
0 1 0 0 0 0
0 0 0 1 0 0
1 0 0 0 0 0
0 0 1 0 0 0
0 1 0 0 0 0
1 0 0 0 0 0
0 0 0 0 1 0
0 1 0 0 0 0
0 0 0 1 0 0
1 0 0 0 0 0
0 0 0 0 1 0
0 0 0 1 0 0
0 0 0 1 0 0
1 0 0 0 0 0
0 0 0 0 1 0
0 0 1 0 0 0
0 0 0 1 0 0
1 0 0 0 0 0
1 0 0 0 0 0
0 0 1 0 0 0
0 0 0 0 1 0
0 1 0 0 0 0
0 0 1 0 0 0
0 0 0 0 1 0
0 0 0 0 1 0
0 0 0 0 0 1
1 0 0 0 0 0
1 0 0 0 0 0
0 0 0 1 0 0
1 0 0 0 0 0
0 0 0 1 0 0
0 0 0 0 0 1
0 0 0 1 0 0
0 0 0 0 1 0
0 0 0 1 0 0
1 0 0 0 0 0
0 0 0 0 0 1
0 0 0 0 0 1
0 0 0 1 0 0
1 0 0 0 0 0
0 1 0 0 0 0
1 0 0 0 0 0
0 0 1 0 0 0
0 0 0 0 1 0
0 0 0 0 1 0
0 0 0 1 0 0
1 0 0 0 0 0
1 0 0 0 0 0
0 0 0 0 1 0
0 0 0 0 0 1
0 0 1 0 0 0
0 0 0 0 1 0
0 0 0 0 0 1
0 0 1 0 0 0
1 0 0 0 0 0
0 0 0 0 1 0
0 0 0 1 0 0
1 0 0 0 0 0
0 0 1 0 0 0
0 0 1 0 0 0
0 1 0 0 0 0
0 0 0 0 1 0
0 1 0 0 0 0
0 0 0 1 0 0
0 1 0 0 0 0
0 0 0 1 0 0
0 0 0 0 1 0
0 0 1 0 0 0
0 0 0 1 0 0
0 0 0 0 1 0
0 0 1 0 0 0
0 0 0 1 0 0
0 0 0 0 1 0
1 0 0 0 0 0
0 0 1 0 0 0
0 0 0 1 0 0
0 0 0 0 0 1
0 0 0 0 0 1
0 0 0 0 0 1
0 0 0 0 1 0
0 0 0 0 1 0
0 0 1 0 0 0
0 1 0 0 0 0
0 0 0 0 1 0
0 0 0 0 0 1
1 0 0 0 0 0
0 1 0 0 0 0
0 0 0 1 0 0
0 0 0 0 0 1
0 0 0 0 0 1
0 0 0 0 1 0
0 0 1 0 0 0
0 0 0 0 1 0
0 0 0 0 1 0
0 0 0 1 0 0
0 0 0 0 1 0
0 0 1 0 0 0
0 0 0 0 1 0
0 0 1 0 0 0
0 0 0 0 0 1
0 0 1 0 0 0
1 0 0 0 0 0
0 1 0 0 0 0
0 0 0 0 0 1
0 0 0 0 0 1
0 0 0 0 1 0
0 0 0 0 1 0
1 0 0 0 0 0
0 0 0 0 1 0
0 0 0 0 0 1
0 0 1 0 0 0
0 0 0 0 0 1
0 0 1 0 0 0
1 0 0 0 0 0
0 0 0 0 0 1
1 0 0 0 0 0
0 0 0 1 0 0
0 0 0 1 0 0
0 1 0 0 0 0
0 1 0 0 0 0
0 0 1 0 0 0
0 0 0 0 1 0
1 0 0 0 0 0
1 0 0 0 0 0
0 1 0 0 0 0
0 0 0 0 0 1
0 0 0 1 0 0
0 0 0 0 0 1
0 0 0 0 0 1
0 1 0 0 0 0
0 0 0 0 0 1
0 0 1 0 0 0
0 0 0 1 0 0
0 0 0 0 0 1
1 0 0 0 0 0
0 0 0 1 0 0
0 0 1 0 0 0
0 0 0 0 1 0
0 0 0 1 0 0
1 0 0 0 0 0
0 0 0 0 0 1
0 0 0 0 0 1
1 0 0 0 0 0
0 0 0 0 1 0
0 0 0 0 1 0
0 0 0 1 0 0
0 1 0 0 0 0
0 0 1 0 0 0
0 0 0 0 0 1
0 0 0 0 1 0
0 1 0 0 0 0
0 0 0 1 0 0
0 0 0 0 1 0
0 0 1 0 0 0
0 0 0 0 0 1
0 0 0 0 1 0
0 0 1 0 0 0
1 0 0 0 0 0
0 0 0 1 0 0
0 0 1 0 0 0
1 0 0 0 0 0
0 0 1 0 0 0
0 0 0 0 0 1
0 0 1 0 0 0
0 0 0 0 0 1
0 0 0 0 0 1
0 1 0 0 0 0
0 0 0 0 1 0
0 1 0 0 0 0
0 0 0 1 0 0
0 1 0 0 0 0
0 0 0 0 1 0
0 0 0 0 1 0
0 1 0 0 0 0
0 0 0 1 0 0
0 0 0 1 0 0
0 0 1 0 0 0
0 0 0 0 1 0
1 0 0 0 0 0
0 0 0 1 0 0
0 0 0 1 0 0
1 0 0 0 0 0
0 1 0 0 0 0
0 0 0 0 1 0
0 0 0 0 0 1
0 0 0 1 0 0
0 0 0 0 1 0
0 0 1 0 0 0
0 1 0 0 0 0
1 0 0 0 0 0
1 0 0 0 0 0
0 0 0 0 1 0
1 0 0 0 0 0
0 0 0 0 1 0
0 0 0 0 0 1
0 0 0 1 0 0
1 0 0 0 0 0
0 1 0 0 0 0
0 0 0 1 0 0
0 0 0 0 0 1
0 0 1 0 0 0
0 0 0 0 0 1
0 0 1 0 0 0
0 0 0 1 0 0
0 1 0 0 0 0
0 0 1 0 0 0
0 0 0 0 1 0
0 0 0 1 0 0
1 0 0 0 0 0
0 0 0 0 1 0
0 0 0 0 0 1
0 0 0 0 0 1
0 1 0 0 0 0
0 0 0 1 0 0
0 0 0 1 0 0
0 0 1 0 0 0
0 0 0 0 0 1
0 1 0 0 0 0
0 0 0 0 0 1
0 0 0 0 1 0
0 0 0 0 1 0
0 0 0 0 1 0
0 0 1 0 0 0
0 0 0 0 0 1
0 0 1 0 0 0
0 0 0 1 0 0
1 0 0 0 0 0
0 0 1 0 0 0
1 0 0 0 0 0
0 0 0 0 0 1
0 0 0 1 0 0
0 0 0 0 0 1
0 0 0 0 1 0
0 1 0 0 0 0
1 0 0 0 0 0
0 0 0 0 1 0
0 1 0 0 0 0
0 0 0 0 1 0
0 0 0 0 1 0
0 0 0 0 0 1
0 0 0 0 0 1
0 1 0 0 0 0
1 0 0 0 0 0
1 0 0 0 0 0
0 0 0 0 0 1
0 0 0 1 0 0
1 0 0 0 0 0
0 0 0 1 0 0
1 0 0 0 0 0
0 0 0 1 0 0
0 0 1 0 0 0
0 0 0 1 0 0
0 0 0 0 1 0
0 0 0 1 0 0
0 0 0 1 0 0
0 0 0 0 1 0
0 0 0 0 0 1
0 1 0 0 0 0
0 0 0 0 1 0
0 1 0 0 0 0
0 0 1 0 0 0
0 0 0 0 1 0
1 0 0 0 0 0
0 0 0 1 0 0
0 0 0 0 0 1
0 0 1 0 0 0
0 0 0 1 0 0
1 0 0 0 0 0
0 1 0 0 0 0
0 0 0 0 0 1
0 1 0 0 0 0
0 1 0 0 0 0
1 0 0 0 0 0
0 0 0 0 0 1
1 0 0 0 0 0
0 1 0 0 0 0
1 0 0 0 0 0
0 1 0 0 0 0
0 0 0 0 1 0
0 0 1 0 0 0
1 0 0 0 0 0
0 0 1 0 0 0
1 0 0 0 0 0
0 0 1 0 0 0
0 0 0 0 0 1
0 0 0 1 0 0
1 0 0 0 0 0
0 1 0 0 0 0
0 0 0 1 0 0
0 0 0 0 1 0
0 0 0 0 0 1
0 0 0 0 0 1
1 0 0 0 0 0
0 0 1 0 0 0
0 0 0 0 0 1
0 1 0 0 0 0
0 0 1 0 0 0
1 0 0 0 0 0
0 1 0 0 0 0
0 1 0 0 0 0
1 0 0 0 0 0
0 1 0 0 0 0
0 0 0 0 1 0
0 0 1 0 0 0
0 0 0 0 1 0
1 0 0 0 0 0
0 0 0 0 0 1
1 0 0 0 0 0
0 0 0 0 1 0
0 0 0 0 1 0
1 0 0 0 0 0
0 0 1 0 0 0
0 0 0 1 0 0
0 0 0 0 1 0
0 0 0 0 1 0
0 0 0 1 0 0
1 0 0 0 0 0
1 0 0 0 0 0
0 0 1 0 0 0
0 0 1 0 0 0
0 0 1 0 0 0
0 0 0 1 0 0
0 1 0 0 0 0
0 1 0 0 0 0
0 0 0 1 0 0
0 0 0 0 0 1
0 0 0 1 0 0
0 0 0 0 1 0
0 0 0 1 0 0
0 0 1 0 0 0
0 0 0 0 0 1
0 0 0 0 1 0
1 0 0 0 0 0
0 0 0 0 1 0
1 0 0 0 0 0
0 1 0 0 0 0
0 0 1 0 0 0
0 0 0 0 1 0
0 0 0 1 0 0
0 0 0 0 0 1
0 0 0 0 1 0
0 0 0 0 1 0
0 0 0 0 0 1
0 0 1 0 0 0
0 0 0 0 0 1
0 0 0 0 0 1
0 0 0 0 1 0
0 0 0 0 1 0
0 1 0 0 0 0
0 0 0 0 0 1
0 0 0 1 0 0
0 0 0 1 0 0
0 0 0 0 0 1
0 1 0 0 0 0
0 0 0 0 0 1
0 0 1 0 0 0
0 1 0 0 0 0
1 0 0 0 0 0
0 0 0 0 0 1
0 0 1 0 0 0
0 0 0 0 0 1
0 0 0 0 1 0
0 1 0 0 0 0
0 1 0 0 0 0
0 0 0 0 1 0
0 0 1 0 0 0
0 1 0 0 0 0
0 0 1 0 0 0
0 0 0 1 0 0
0 0 0 1 0 0
0 0 0 0 0 1
0 0 0 0 1 0
0 0 0 0 0 1
0 1 0 0 0 0
1 0 0 0 0 0
0 0 1 0 0 0
0 0 0 0 1 0
0 0 0 1 0 0
0 0 0 1 0 0
0 0 0 0 0 1
0 1 0 0 0 0
0 0 0 1 0 0
0 0 0 0 0 1
0 0 1 0 0 0
0 0 0 0 1 0
0 0 0 0 0 1
1 0 0 0 0 0
0 0 1 0 0 0
0 0 1 0 0 0
0 1 0 0 0 0
0 1 0 0 0 0
0 0 0 0 0 1
0 0 0 0 0 1
0 0 0 0 0 1
1 0 0 0 0 0
0 1 0 0 0 0
0 0 0 0 1 0
1 0 0 0 0 0
0 0 0 0 1 0
0 0 0 0 1 0
0 0 0 1 0 0
0 0 1 0 0 0
0 1 0 0 0 0
0 0 0 0 1 0
1 0 0 0 0 0
0 0 0 0 1 0
0 0 0 0 0 1
0 0 0 1 0 0
0 1 0 0 0 0
0 1 0 0 0 0
1 0 0 0 0 0
0 0 0 1 0 0
0 0 0 0 1 0
0 0 0 0 1 0
0 0 1 0 0 0
0 0 1 0 0 0
0 1 0 0 0 0
0 0 0 0 0 1
0 0 1 0 0 0
0 0 1 0 0 0
0 0 0 0 0 1
0 0 0 1 0 0
1 0 0 0 0 0
0 0 0 1 0 0
0 0 1 0 0 0
0 0 0 1 0 0
0 0 0 0 1 0
0 0 1 0 0 0
0 1 0 0 0 0
0 0 1 0 0 0
0 0 0 1 0 0
0 0 1 0 0 0
0 0 1 0 0 0
0 0 1 0 0 0
0 1 0 0 0 0
0 0 0 0 1 0
0 0 0 0 1 0
1 0 0 0 0 0
1 0 0 0 0 0
1 0 0 0 0 0
0 0 0 0 1 0
0 0 1 0 0 0
0 1 0 0 0 0
1 0 0 0 0 0
0 1 0 0 0 0
0 0 0 0 1 0
1 0 0 0 0 0
0 0 1 0 0 0
0 1 0 0 0 0
0 0 0 0 0 1
0 0 0 1 0 0
0 0 0 0 1 0
0 0 1 0 0 0
0 1 0 0 0 0
0 0 0 0 0 1
0 0 1 0 0 0
0 0 1 0 0 0
1 0 0 0 0 0
0 0 0 0 1 0
0 0 0 0 1 0
0 1 0 0 0 0
0 0 0 1 0 0
1 0 0 0 0 0
0 0 1 0 0 0
0 0 0 0 0 1
0 0 1 0 0 0
0 1 0 0 0 0
0 0 1 0 0 0
0 0 0 1 0 0
0 1 0 0 0 0
0 0 0 0 0 1
1 0 0 0 0 0
1 0 0 0 0 0
0 0 1 0 0 0
1 0 0 0 0 0
0 0 0 0 1 0
1 0 0 0 0 0
1 0 0 0 0 0
0 0 0 1 0 0
1 0 0 0 0 0
0 0 0 0 0 1
0 0 1 0 0 0
0 0 0 0 0 1
0 0 0 1 0 0
0 0 1 0 0 0
0 0 0 0 0 1
1 0 0 0 0 0
0 0 0 0 0 1
0 0 0 0 0 1
0 0 0 0 1 0
0 1 0 0 0 0
0 0 0 0 1 0
0 0 0 0 0 1
0 0 0 0 0 1
0 1 0 0 0 0
0 0 0 0 0 1
0 0 0 1 0 0
0 0 1 0 0 0
0 0 0 0 0 1
0 0 0 0 1 0
0 0 0 1 0 0
1 0 0 0 0 0
1 0 0 0 0 0
0 0 0 0 0 1
0 0 0 0 0 1
0 0 1 0 0 0
0 0 0 1 0 0
0 0 0 0 1 0
1 0 0 0 0 0
0 0 0 1 0 0
0 0 1 0 0 0
0 0 0 0 1 0
0 0 0 0 1 0
0 0 0 1 0 0
0 0 0 1 0 0
0 0 0 0 1 0
0 0 0 1 0 0
0 0 0 1 0 0
1 0 0 0 0 0
0 0 0 0 1 0
0 0 0 0 0 1
0 0 0 1 0 0
0 0 0 0 0 1
1 0 0 0 0 0
0 0 0 1 0 0
0 1 0 0 0 0
0 0 1 0 0 0
0 0 0 0 0 1
0 0 0 0 0 1
1 0 0 0 0 0
0 0 1 0 0 0
1 0 0 0 0 0
1 0 0 0 0 0
0 0 0 0 0 1
0 1 0 0 0 0
0 0 1 0 0 0
0 0 0 0 0 1
0 0 1 0 0 0
0 1 0 0 0 0
0 0 0 0 0 1
0 0 0 1 0 0
0 0 0 0 0 1
0 1 0 0 0 0
0 0 0 0 1 0
0 0 1 0 0 0
0 0 1 0 0 0
0 0 0 0 1 0
0 0 1 0 0 0
0 0 0 0 0 1
0 0 0 0 0 1
0 0 0 0 0 1
0 0 1 0 0 0
0 0 0 1 0 0
0 1 0 0 0 0
0 0 0 0 1 0
0 0 0 1 0 0
0 0 0 0 0 1
0 0 0 1 0 0
0 0 0 1 0 0
0 0 0 0 0 1
0 0 0 1 0 0
0 0 0 0 0 1
0 0 0 0 0 1
0 0 0 0 1 0
0 0 0 0 1 0
0 0 0 0 0 1
0 0 0 1 0 0
0 0 0 0 1 0
0 0 0 0 0 1
1 0 0 0 0 0
0 0 0 0 0 1
0 0 0 1 0 0
0 0 0 1 0 0
0 0 1 0 0 0
0 0 0 0 0 1
0 1 0 0 0 0
0 0 0 0 0 1
0 0 0 0 0 1
0 0 0 1 0 0
0 0 1 0 0 0
1 0 0 0 0 0
0 0 0 1 0 0
0 0 0 0 1 0
0 0 0 1 0 0
0 0 0 0 0 1
0 0 0 0 1 0
0 0 0 0 1 0
0 0 0 0 0 1
0 0 0 1 0 0
0 0 1 0 0 0
0 0 0 1 0 0
0 1 0 0 0 0
0 0 0 1 0 0
0 0 1 0 0 0
1 0 0 0 0 0
0 0 0 0 0 1
0 0 1 0 0 0
0 1 0 0 0 0
0 1 0 0 0 0
0 0 0 0 1 0
0 0 0 0 0 1
0 0 0 0 1 0
0 0 0 1 0 0
0 1 0 0 0 0
0 0 0 0 1 0
0 0 0 1 0 0
1 0 0 0 0 0
0 1 0 0 0 0
0 0 1 0 0 0
1 0 0 0 0 0
0 0 0 0 0 1
0 0 1 0 0 0
0 0 0 0 1 0
1 0 0 0 0 0
1 0 0 0 0 0
0 0 0 0 1 0
0 0 1 0 0 0
1 0 0 0 0 0
0 1 0 0 0 0
0 0 1 0 0 0
0 0 0 0 1 0
1 0 0 0 0 0
0 0 0 1 0 0
0 0 0 0 0 1
0 0 1 0 0 0
1 0 0 0 0 0
0 0 0 0 1 0
0 0 0 0 0 1
0 0 0 0 0 1
0 0 0 1 0 0
0 1 0 0 0 0
0 0 0 0 0 1
1 0 0 0 0 0
0 0 0 1 0 0
0 0 1 0 0 0
0 0 1 0 0 0
0 0 0 0 0 1
0 0 0 1 0 0
0 0 0 1 0 0
0 0 0 0 0 1
0 0 0 1 0 0
1 0 0 0 0 0
0 1 0 0 0 0
0 1 0 0 0 0
0 0 0 0 0 1
0 0 0 1 0 0
0 0 0 1 0 0
0 1 0 0 0 0
0 0 1 0 0 0
0 1 0 0 0 0
0 1 0 0 0 0
0 1 0 0 0 0
1 0 0 0 0 0
1 0 0 0 0 0
0 0 1 0 0 0
0 0 0 1 0 0
0 1 0 0 0 0
0 0 0 1 0 0
1 0 0 0 0 0
0 0 0 0 1 0
1 0 0 0 0 0

Capacidades:
44 25 41 32 31 0
45 38 26 38 53 50
31 23 47 53 0 48
0 20 48 31 57 43
35 22 23 56 46 28
52 24 21 46 30 39
21 31 43 22 55 53
40 55 55 0 36 43
38 21 23 33 0 50
0 43 45 58 37 41
