m: 1000
n: 10
p: 7

Distancias:
9.20 3.84 8.97 4.32 1.87 6.58 1.03 5.40 7.14 2.77
8.69 5.86 8.83 9.71 9.48 4.60 1.70 7.35 2.25 1.49
5.34 3.57 2.57 7.13 7.70 2.74 2.54 8.10 4.87 4.65
9.86 8.24 7.26 7.43 2.57 7.09 7.78 9.11 5.87 8.18
5.44 2.90 1.12 6.37 5.36 8.07 3.96 2.61 3.94 4.89
4.43 2.59 2.50 1.40 2.24 4.63 7.24 8.11 2.33 1.65
3.78 1.77 6.35 7.85 2.73 5.79 9.83 9.37 7.95 4.19
5.77 8.35 8.75 5.79 5.84 1.06 3.59 7.16 2.37 5.59
8.50 2.78 9.46 8.16 6.60 6.53 7.52 8.27 3.96 7.68
9.03 7.99 3.70 2.44 3.84 6.23 4.32 4.78 4.45 2.96
1.49 6.06 9.54 6.57 8.29 2.36 9.13 9.41 8.51 9.54
6.76 6.82 6.13 9.10 6.96 8.68 8.53 2.58 4.14 5.57
3.80 7.73 7.55 1.60 9.43 9.79 6.57 9.60 2.33 1.09
4.06 9.64 4.42 2.03 5.72 9.45 5.32 6.72 3.20 8.85
3.81 6.37 1.80 2.97 3.90 8.05 5.26 5.75 1.28 6.85
4.57 10.00 6.11 8.49 5.70 7.59 1.87 9.06 9.86 8.30
8.48 3.46 3.72 8.34 8.93 6.69 6.37 5.18 8.21 3.15
7.79 8.33 1.46 9.53 7.32 2.83 3.71 3.54 2.74 7.35
8.68 4.64 8.32 9.60 8.21 1.68 4.10 8.07 3.04 1.40
3.13 8.18 9.58 2.13 5.48 6.34 2.99 7.79 4.27 6.01
7.99 3.38 6.86 7.18 1.86 8.70 8.78 8.63 2.31 1.53
7.91 2.05 5.39 3.28 8.27 7.61 3.89 4.67 5.36 3.94
5.98 4.03 3.91 1.19 7.48 8.54 8.43 4.74 2.91 5.95
2.91 7.76 9.54 4.41 3.82 3.34 6.60 5.49 5.57 3.87
9.92 7.64 8.29 9.06 8.62 7.21 8.61 5.33 7.93 5.98
1.70 5.51 3.98 7.40 7.83 3.84 3.62 1.07 2.42 4.19
8.44 1.91 4.12 3.66 9.47 4.69 4.31 1.48 3.17 5.51
9.21 5.75 8.27 6.98 1.80 6.87 7.69 2.27 5.70 3.05
5.95 5.16 7.28 1.49 5.98 4.82 1.85 2.05 3.27 6.38
9.90 8.37 2.80 5.62 3.74 3.07 7.04 8.12 7.89 6.70
1.14 1.18 8.83 2.00 8.13 9.21 5.76 3.53 4.64 7.79
3.11 3.32 9.67 6.99 5.33 8.35 2.16 4.96 4.03 8.33
2.97 9.01 7.11 6.89 6.45 3.41 6.92 7.08 6.58 3.19
7.35 6.09 1.35 5.66 5.03 4.75 2.36 2.80 5.42 8.33
3.40 3.67 9.18 3.68 5.26 9.08 6.00 3.26 3.39 2.45
5.74 4.37 5.81 5.10 6.80 4.11 3.98 4.06 2.88 9.15
3.16 2.55 4.69 5.75 6.28 6.22 5.72 8.16 2.46 4.65
3.15 5.00 1.83 3.65 3.56 7.52 2.96 1.84 1.36 6.28
2.78 4.35 3.63 9.71 2.95 3.14 5.45 1.28 4.43 1.16
5.90 1.79 6.59 8.33 9.03 2.84 7.77 6.90 3.07 9.22
4.34 4.79 6.99 5.34 4.74 4.53 3.07 3.77 4.29 1.72
6.85 6.58 4.15 7.50 8.30 9.87 9.82 9.09 9.04 7.92
5.66 4.39 2.09 3.22 8.65 5.73 4.04 1.21 9.15 4.56
7.34 7.44 5.84 4.73 3.66 3.16 3.05 5.54 1.19 4.83
5.08 1.98 5.98 9.84 3.23 4.61 6.61 4.86 1.72 4.97
9.36 1.18 8.84 1.58 3.80 5.19 4.24 1.92 8.95 3.92
3.32 7.11 9.50 2.79 3.13 4.24 7.05 6.61 8.26 7.62
7.55 1.22 9.82 3.45 1.61 2.58 5.08 4.75 9.81 1.20
6.19 8.37 5.73 8.75 7.28 5.76 7.01 8.73 1.20 9.28
7.56 9.89 9.59 2.36 4.51 6.45 4.94 7.87 1.45 5.06
2.30 9.70 3.52 4.38 9.04 7.01 9.99 8.32 6.17 2.87
4.38 1.07 7.82 7.98 5.84 2.93 4.70 9.68 1.52 4.81
6.22 9.54 3.04 9.39 5.41 1.23 6.98 4.42 5.49 7.40
1.95 3.31 7.14 5.89 9.37 1.72 8.69 3.21 3.37 4.82
5.39 1.02 1.76 1.93 5.52 5.77 2.10 3.25 2.29 7.25
1.07 3.51 3.34 5.54 1.55 7.38 4.33 2.75 1.69 2.78
8.10 4.84 1.05 7.65 2.89 8.35 2.65 7.86 7.39 7.02
9.08 6.95 8.56 1.40 2.55 3.89 3.45 4.54 6.74 9.10
6.60 5.37 1.50 2.65 1.30 5.06 8.29 3.29 5.17 9.34
8.77 1.05 4.41 1.71 2.75 9.61 3.55 8.55 3.86 8.39
7.95 9.32 9.52 6.33 9.92 7.37 5.44 1.98 1.64 5.82
3.72 4.03 1.17 1.52 9.44 6.51 4.20 8.53 9.33 7.39
6.67 2.37 4.99 7.51 7.85 9.88 8.22 6.20 8.97 9.73
9.24 5.32 1.26 1.94 6.30 6.02 4.92 6.70 3.10 6.40
9.20 7.62 2.21 6.32 4.28 9.83 5.65 2.48 5.92 8.65
1.93 2.94 2.88 6.62 3.99 8.95 9.06 7.88 7.78 5.82
3.99 5.47 5.11 6.23 2.81 6.72 6.93 7.65 9.79 9.13
6.26 7.19 9.18 1.18 2.83 7.33 8.95 5.35 3.22 6.15
1.50 4.60 5.68 7.04 5.24 5.51 5.59 6.74 2.18 4.23
6.00 8.34 3.94 7.66 7.53 2.47 6.89 8.69 7.39 8.37
7.93 4.21 4.52 1.69 1.73 3.20 7.19 5.12 6.79 5.71
7.26 1.61 4.44 4.43 9.12 9.67 1.31 7.53 7.10 5.76
9.28 2.29 1.37 8.55 8.05 5.19 2.40 8.10 4.22 7.70
9.94 4.12 8.73 6.62 8.53 9.22 8.10 4.67 9.24 3.39
3.09 9.70 8.24 4.60 4.46 3.04 8.53 8.14 5.08 5.50
5.59 1.99 6.49 1.53 1.71 7.57 3.21 7.40 7.12 3.44
7.62 8.55 6.48 4.12 2.08 2.26 2.80 5.49 8.33 4.74
2.29 6.90 6.53 7.62 2.40 1.89 5.29 6.92 1.08 3.05
8.22 6.85 3.40 9.52 2.95 9.67 2.81 5.81 8.32 6.58
2.17 1.17 9.07 8.33 7.85 4.69 8.27 6.65 3.33 4.86
1.37 7.66 9.60 2.48 2.18 1.63 2.11 7.49 2.30 9.53
5.63 1.43 8.31 6.42 6.00 8.19 6.99 1.35 4.28 2.04
3.04 3.11 7.90 1.58 1.58 7.59 1.76 6.99 9.37 6.64
7.84 4.29 6.00 7.14 4.51 1.37 3.76 3.35 7.88 2.88
7.41 1.09 4.60 6.20 5.41 4.32 1.19 8.64 9.61 1.47
4.79 2.80 3.30 4.09 9.72 8.00 1.86 8.42 6.16 8.92
2.41 6.13 2.69 2.43 8.76 1.07 8.90 5.42 8.29 6.87
2.92 3.77 3.75 7.23 8.79 5.56 7.52 5.03 8.45 8.32
8.18 5.44 3.81 1.84 9.30 8.78 1.21 6.45 8.11 8.87
6.61 8.66 7.79 2.58 9.95 7.93 8.38 9.28 9.12 7.91
6.97 5.39 2.42 5.30 3.27 2.86 5.83 3.69 1.21 6.55
8.71 8.76 2.94 3.45 8.87 3.87 8.31 6.95 2.18 3.21
2.66 9.92 4.56 1.77 6.44 4.09 3.65 5.40 3.28 8.92
2.62 8.79 3.26 8.97 1.01 2.16 8.71 4.83 8.91 9.74
6.37 9.38 7.80 4.67 8.06 7.04 6.65 2.46 2.26 3.21
9.84 9.22 9.62 5.24 3.11 2.08 7.64 9.43 9.74 5.97
2.42 2.11 7.17 5.68 7.99 9.53 5.24 9.98 3.71 1.32
2.78 4.82 3.07 2.99 6.77 3.38 4.30 7.20 4.01 1.76
6.90 5.44 3.74 9.27 2.81 7.13 8.75 4.20 9.69 1.15
1.63 7.80 9.53 6.38 6.59 2.73 1.02 8.52 4.88 5.92
1.99 9.83 7.97 6.65 2.33 1.07 1.48 6.95 1.60 7.21
2.53 8.85 1.21 6.17 6.66 7.53 2.91 1.97 5.09 7.65
8.86 3.86 1.12 2.00 4.83 2.20 8.30 2.12 9.54 6.42
4.80 4.97 6.14 7.59 4.82 1.90 9.34 6.26 4.84 2.53
5.81 1.13 9.86 7.89 1.09 3.99 9.54 9.61 1.61 4.89
2.51 8.15 2.49 8.82 9.43 9.09 7.16 5.64 3.49 7.42
4.75 7.46 5.38 2.83 9.59 6.90 8.25 2.51 7.65 3.14
7.13 8.18 1.50 9.79 7.67 6.32 9.38 1.66 4.33 7.91
6.38 9.45 8.36 6.44 3.80 1.12 6.55 8.00 6.47 7.74
2.73 8.36 7.47 2.16 9.40 1.30 8.23 8.89 6.48 9.67
8.11 1.21 5.74 6.80 1.66 9.45 1.48 8.76 6.55 5.56
4.45 7.58 8.77 4.90 9.85 8.16 5.23 8.38 5.43 9.38
1.57 5.46 3.62 8.12 8.86 6.85 6.05 9.18 2.26 3.53
2.24 8.26 9.53 8.66 3.87 2.23 6.75 8.09 8.59 4.54
4.24 3.58 3.56 2.07 5.89 7.30 5.07 3.16 7.46 1.17
7.94 4.95 4.01 6.28 9.75 8.10 1.45 8.29 6.95 1.47
9.06 3.53 7.97 5.15 3.49 6.75 1.55 2.45 1.48 8.30
5.71 8.33 9.99 1.54 7.29 2.87 7.54 9.87 7.46 7.92
2.86 1.82 1.26 5.30 6.67 2.27 4.38 9.35 2.62 1.90
9.14 4.93 2.82 2.77 2.78 9.93 1.70 9.05 6.07 4.05
8.13 5.33 7.45 9.37 1.02 8.09 4.27 9.71 9.70 4.42
9.81 2.88 9.87 9.91 1.22 9.43 1.97 2.68 1.07 2.66
8.38 6.55 5.62 3.11 2.58 5.65 9.64 2.66 9.31 5.94
5.67 2.26 6.95 6.32 3.13 4.15 5.21 6.73 6.73 1.06
2.40 5.08 7.92 4.88 7.07 3.67 3.75 2.26 8.93 4.64
3.04 4.91 4.18 9.82 3.60 4.16 6.91 4.36 9.62 5.03
1.55 5.59 8.63 4.37 3.31 8.91 4.75 8.03 7.93 7.00
4.21 4.06 6.73 7.33 9.70 6.84 2.01 1.65 5.40 9.02
3.86 8.38 9.89 7.61 4.40 7.41 1.62 3.71 7.32 6.14
9.08 2.77 4.30 2.05 1.24 9.08 3.66 5.40 6.41 7.91
4.56 4.84 2.47 2.14 5.57 6.92 9.59 2.20 1.80 4.33
8.46 9.88 8.64 6.62 8.81 3.09 4.87 5.70 5.41 2.55
6.71 9.57 7.59 8.55 3.98 5.86 7.94 1.78 1.20 6.10
2.38 3.42 4.08 3.68 2.99 6.03 6.94 5.48 4.49 9.31
4.85 1.31 5.85 9.05 5.82 5.38 8.01 2.71 3.97 5.65
9.44 8.53 4.82 4.42 1.07 2.33 3.73 2.73 4.20 4.75
9.88 9.62 4.79 2.27 6.08 4.49 8.63 5.34 9.03 3.52
9.01 6.57 1.09 2.71 1.37 8.49 2.15 1.18 9.96 3.99
1.68 2.75 3.55 5.43 9.44 4.91 4.00 2.84 4.29 7.33
9.24 5.52 6.05 9.80 4.04 2.07 9.86 2.01 6.71 4.62
5.81 5.58 2.80 9.45 8.66 5.30 6.19 5.09 6.58 3.07
8.76 5.30 8.04 2.53 6.27 6.51 7.51 7.84 9.17 2.88
9.42 5.38 8.71 1.32 9.86 8.44 8.08 5.10 1.84 6.98
5.19 6.37 2.26 7.77 9.57 3.83 5.27 1.18 3.52 8.41
9.40 8.05 9.71 5.44 2.21 9.36 6.61 5.02 7.27 9.83
2.44 3.52 3.66 5.93 2.68 9.66 7.96 2.61 8.98 6.46
1.13 4.46 9.10 7.49 2.84 6.26 2.79 7.20 8.62 1.57
4.81 5.34 7.21 9.84 7.70 5.95 6.38 3.66 3.79 3.18
9.41 7.67 7.20 2.96 1.12 8.07 8.16 5.71 1.64 2.23
3.15 6.96 2.49 9.43 6.45 8.46 9.91 5.18 7.07 7.90
6.04 2.95 2.13 8.49 2.08 1.89 2.13 4.12 4.56 6.45
2.19 1.75 5.12 4.38 3.71 5.35 5.39 8.11 6.70 4.59
6.11 4.81 2.56 6.97 8.31 5.19 2.22 5.44 6.19 8.23
2.38 9.17 5.03 1.19 2.15 5.67 6.39 7.27 9.49 4.29
1.01 5.24 4.87 2.81 5.29 8.15 2.26 1.38 5.11 5.55
4.74 3.23 4.44 9.37 4.40 5.10 8.37 9.48 7.82 6.61
1.64 5.78 1.69 3.56 3.34 1.31 6.47 4.00 3.28 4.77
8.54 8.96 3.11 7.59 9.16 8.35 1.95 7.03 3.23 5.80
6.41 6.94 7.84 2.62 3.80 2.49 9.04 6.27 5.04 1.25
1.92 6.79 5.14 8.34 7.20 8.55 2.45 9.83 8.33 8.64
9.86 5.51 6.81 6.88 5.32 1.88 5.01 5.21 6.49 9.97
3.93 5.08 2.61 1.76 1.53 4.40 9.48 3.02 9.96 8.55
8.49 7.72 6.75 5.65 8.23 7.28 5.91 5.44 2.76 8.87
3.17 3.74 7.95 6.90 4.99 6.39 2.64 6.37 7.72 7.72
5.01 3.19 2.80 4.85 5.00 3.28 2.77 4.79 1.15 4.30
4.76 7.89 9.44 7.69 5.59 9.85 6.02 3.11 1.88 7.90
6.55 3.99 1.39 9.65 6.67 9.43 6.83 4.34 3.23 1.35
6.77 2.39 7.04 4.69 1.25 1.72 8.72 8.45 2.15 3.45
4.54 5.42 3.14 4.35 4.37 7.05 5.44 4.56 2.24 5.49
4.30 1.45 4.52 7.08 6.95 5.83 3.88 1.94 5.90 2.28
8.92 4.79 7.32 7.26 3.51 7.39 8.76 8.55 4.36 7.90
2.99 9.88 6.72 3.31 5.40 9.30 8.83 6.99 8.68 5.26
1.63 5.39 8.69 3.37 8.17 5.05 2.95 8.28 8.53 2.05
6.18 6.59 4.67 8.60 1.79 1.46 5.84 7.46 5.63 7.11
1.52 2.84 3.55 3.56 5.17 7.33 1.94 9.14 9.04 2.80
9.49 3.82 6.23 6.12 7.72 8.26 5.47 4.44 1.94 6.29
7.18 2.32 2.69 3.49 2.01 3.35 8.38 3.48 3.63 5.68
3.97 7.90 7.20 4.35 9.57 4.26 7.70 6.27 2.90 1.69
7.95 5.83 7.89 9.75 8.94 4.17 5.85 9.68 6.16 3.31
7.33 5.53 4.98 3.77 3.74 2.01 9.53 4.45 5.91 5.67
8.74 5.86 4.37 4.91 5.90 4.63 2.63 4.50 9.48 3.78
9.46 4.82 2.25 7.10 1.05 5.40 7.81 2.45 4.07 6.81
2.00 6.43 6.80 3.44 9.99 6.70 6.35 5.48 3.03 8.36
6.12 5.44 5.07 1.98 1.66 9.58 3.77 7.39 7.44 8.83
6.28 3.07 8.38 2.72 4.41 3.89 5.20 9.36 5.61 1.22
8.16 4.37 9.34 3.47 2.46 2.75 6.09 8.29 5.60 1.99
3.74 1.91 3.20 5.35 7.64 3.04 4.85 10.00 2.28 4.94
8.01 5.97 6.71 1.73 9.16 4.06 8.11 5.49 8.23 3.60
3.72 2.74 4.74 7.68 4.56 7.82 3.38 5.57 2.05 8.88
2.92 9.44 6.43 2.04 4.62 2.76 7.86 2.62 2.35 7.82
6.71 9.51 3.68 7.37 5.97 7.19 6.45 8.53 2.45 5.83
6.77 1.04 7.71 1.82 5.04 7.08 5.01 7.73 8.43 6.86
7.70 5.82 3.55 9.66 6.41 1.99 8.85 6.39 5.32 6.19
1.02 9.73 3.69 2.97 4.67 3.54 3.89 7.91 9.17 6.35
3.25 5.08 3.34 9.29 7.35 5.69 4.95 3.36 5.86 5.72
2.67 3.31 5.29 4.88 3.17 5.83 8.02 2.64 2.50 6.75
2.57 2.27 6.75 9.61 3.38 5.01 4.78 5.77 8.14 3.15
5.09 9.09 1.25 8.76 1.24 8.10 8.81 9.64 2.06 7.02
1.60 4.54 2.17 1.02 8.90 7.61 6.65 4.68 9.96 5.75
3.86 4.63 5.10 7.64 6.98 5.94 1.60 4.62 3.81 5.44
9.75 8.93 3.58 7.20 9.35 5.64 6.78 5.31 5.80 4.82
8.23 9.90 7.18 3.45 9.54 2.58 7.59 3.52 4.86 5.05
6.26 5.66 7.26 8.64 3.65 6.18 3.52 9.46 9.67 2.23
5.83 8.28 4.02 9.31 5.07 5.84 8.98 9.97 9.70 5.22
2.07 6.22 9.12 9.46 3.12 9.65 6.05 3.36 9.94 9.04
3.04 1.96 3.50 1.41 6.61 9.97 1.98 2.13 6.98 6.86
4.25 3.92 2.97 7.57 9.26 3.51 2.01 7.42 9.68 7.80
4.30 9.06 3.86 9.13 1.40 8.44 6.12 7.05 9.24 1.05
9.83 3.78 8.14 6.58 2.30 3.95 4.16 4.71 8.95 4.88
4.21 8.68 4.54 7.05 4.42 6.46 6.73 4.82 5.34 5.00
9.76 6.64 2.02 8.96 7.99 2.87 7.65 3.75 6.45 6.34
7.21 4.70 7.77 3.35 5.59 1.80 7.02 9.84 2.73 1.00
8.66 7.31 4.18 6.47 6.77 3.14 5.07 9.34 6.60 3.09
9.83 1.72 3.71 8.75 4.92 6.91 4.93 9.89 9.99 1.29
6.00 8.35 6.30 8.90 3.12 5.71 4.77 6.03 6.94 7.04
1.38 6.90 2.58 6.66 3.93 4.60 3.98 6.13 2.28 9.38
9.31 5.92 1.92 7.50 5.49 9.74 7.19 4.93 7.75 4.50
9.73 2.06 1.61 4.81 9.79 1.44 3.41 6.99 4.70 9.24
8.93 1.21 1.68 4.66 7.13 1.53 2.33 8.41 6.97 5.18
6.25 6.87 4.01 8.24 6.19 4.63 8.68 6.00 8.49 9.77
8.64 3.83 9.29 8.18 7.98 4.56 1.54 2.83 2.24 1.83
6.38 9.67 6.00 8.31 6.32 3.19 2.91 7.12 1.83 4.93
9.96 1.76 6.93 1.63 8.86 2.29 1.49 3.50 9.29 3.81
8.05 4.14 1.37 8.27 9.48 6.94 6.71 6.10 5.51 7.54
7.87 1.62 8.66 1.03 4.48 5.35 3.63 8.44 7.90 7.83
6.83 2.89 1.86 9.11 2.40 8.85 5.96 9.09 5.43 4.22
7.51 4.60 3.71 3.15 7.59 1.69 9.27 2.11 5.69 7.72
2.80 3.51 4.79 4.15 9.43 7.21 3.54 7.57 5.94 9.00
7.42 3.24 5.26 2.09 7.54 9.85 1.80 7.66 7.57 9.24
9.36 7.17 4.99 7.37 9.42 1.16 2.97 7.61 9.71 2.28
5.73 3.19 6.29 2.05 3.36 9.71 6.07 7.10 5.51 5.53
6.98 6.13 5.61 7.83 2.72 7.51 2.84 8.12 4.39 2.28
7.29 8.84 5.23 9.70 1.78 3.50 6.93 9.95 4.13 2.62
7.34 2.84 3.00 6.55 5.46 3.85 9.73 8.57 6.98 7.13
1.03 2.09 9.52 5.89 9.39 7.87 8.02 6.32 2.36 2.85
9.47 4.27 6.80 3.35 1.76 8.26 2.86 1.35 3.10 4.66
5.28 2.99 2.28 8.40 4.66 8.60 9.29 8.71 1.97 7.28
7.07 5.26 8.51 5.53 3.50 7.49 9.32 4.16 1.10 1.99
4.53 5.06 2.27 7.12 5.25 6.51 9.69 9.00 8.35 6.26
8.92 4.97 7.40 9.60 8.00 1.89 8.12 4.81 6.20 2.67
1.88 4.16 6.15 8.00 5.55 8.40 8.86 5.45 9.43 2.09
1.20 1.00 1.22 8.49 8.00 9.09 6.61 2.71 8.50 5.99
2.62 9.35 5.86 7.97 6.24 1.80 2.55 1.99 2.69 4.92
8.24 2.95 7.87 3.00 9.52 8.43 4.19 8.90 4.94 7.98
4.57 9.76 4.40 5.58 6.61 5.92 6.30 4.12 1.52 4.26
3.06 9.87 3.62 9.65 1.96 7.83 4.19 4.93 4.91 8.61
4.61 5.44 1.10 6.64 1.96 7.50 3.02 8.88 4.55 3.71
6.94 9.78 5.47 7.15 1.77 7.48 6.56 5.88 6.91 4.29
4.98 9.25 7.30 2.96 6.22 5.65 7.29 5.08 5.45 1.04
6.62 1.01 7.41 6.69 7.97 7.87 2.42 3.30 5.45 6.91
7.12 1.70 3.08 3.12 3.32 2.71 6.46 5.68 1.00 1.34
9.35 1.45 2.01 2.03 1.52 3.60 6.09 9.40 6.35 3.09
7.08 8.66 7.60 6.02 7.22 6.53 8.12 7.32 6.37 2.68
9.53 8.58 1.70 5.88 5.39 4.15 2.49 9.24 3.26 8.92
7.83 4.16 5.39 5.30 1.44 2.71 9.02 7.78 3.18 7.57
1.54 2.28 2.55 3.62 3.51 4.12 9.54 2.62 2.70 7.48
9.57 7.66 4.69 6.48 1.27 7.31 5.08 4.06 8.95 5.03
3.76 3.56 6.58 7.31 2.59 6.25 3.24 8.87 2.33 2.52
6.70 5.80 7.66 1.63 9.77 5.04 4.08 1.33 6.38 4.24
8.55 7.30 9.03 9.79 9.09 2.44 8.53 4.23 2.97 3.90
5.38 4.48 4.35 1.23 4.52 3.55 7.22 7.51 3.46 8.10
8.19 3.09 5.41 4.70 5.87 7.38 7.48 5.01 8.75 8.32
9.12 1.46 5.12 6.62 9.67 9.58 4.51 7.96 9.28 4.60
4.88 8.70 7.54 6.94 6.96 9.97 7.14 4.97 4.85 1.51
6.18 6.99 4.03 1.47 2.55 4.91 9.24 3.55 5.30 5.68
2.71 2.13 2.74 7.63 5.50 2.60 8.40 2.55 6.68 9.64
1.45 8.28 7.47 9.35 6.96 4.09 7.68 7.58 2.37 8.88
3.70 2.30 6.70 6.68 3.36 5.15 7.18 9.18 4.99 8.72
1.24 6.46 1.66 5.76 4.40 5.05 1.05 1.57 6.58 6.03
9.93 6.83 9.54 4.25 7.97 7.19 8.79 7.28 2.25 6.64
2.99 1.57 5.99 8.89 1.49 4.37 7.74 4.77 6.76 5.42
8.66 2.38 9.05 3.20 3.45 7.12 7.83 6.77 9.54 5.82
4.08 9.04 3.60 5.01 8.80 1.12 6.52 7.23 4.47 6.25
3.40 3.99 4.40 4.70 9.10 4.73 4.38 9.56 3.12 2.94
7.24 5.94 2.88 6.45 9.33 2.18 2.31 3.32 3.78 5.11
4.72 8.01 9.00 5.42 6.72 8.62 1.07 8.64 2.80 5.91
5.69 4.09 2.49 9.01 9.16 7.70 4.06 7.14 2.36 3.27
7.28 1.77 4.08 6.56 8.53 9.12 4.31 6.72 8.05 1.79
1.67 6.82 7.83 5.89 2.18 5.81 4.70 2.13 9.12 4.62
8.60 8.52 7.43 5.35 7.94 3.51 7.62 1.01 2.53 5.68
6.17 3.33 9.66 9.64 5.02 6.89 8.34 1.23 9.58 8.14
4.37 4.71 8.16 7.02 6.15 9.53 3.00 3.96 5.44 9.81
5.32 8.59 7.06 3.08 5.46 5.17 6.27 3.36 1.25 8.71
4.88 8.32 8.71 1.63 2.99 2.81 9.52 1.40 4.40 4.39
8.30 5.26 4.87 1.62 3.73 6.99 8.02 7.06 2.77 6.82
7.51 8.37 6.22 7.56 3.54 2.86 3.28 3.37 6.52 2.72
3.56 5.64 5.92 6.97 7.57 8.93 2.69 9.75 8.58 5.72
9.35 3.57 2.70 3.75 8.49 2.63 6.47 4.74 3.46 5.93
9.15 1.53 9.42 4.49 7.27 1.64 8.58 4.47 3.05 2.27
7.15 6.61 8.39 8.38 6.01 2.40 6.60 7.13 5.69 1.31
6.29 7.22 3.38 6.05 8.05 5.36 5.28 4.69 5.85 5.16
8.37 1.32 9.39 6.60 9.68 5.17 9.83 5.82 6.75 3.20
1.68 6.79 3.37 9.87 4.30 6.13 1.34 9.70 3.17 6.03
1.95 2.90 9.53 6.50 8.27 5.87 8.53 9.98 6.09 1.09
9.73 5.84 6.30 3.90 1.08 6.19 7.76 1.32 4.63 9.76
9.83 7.78 4.22 1.25 2.40 6.43 5.99 3.26 8.61 6.15
5.91 1.15 9.86 8.58 6.37 3.14 5.49 5.55 6.43 6.24
6.99 7.66 6.62 9.56 8.84 6.70 9.85 7.64 8.98 4.62
2.97 1.41 8.98 9.42 7.72 4.83 8.35 7.61 2.95 6.21
8.51 3.29 3.51 3.05 1.65 5.21 7.33 1.83 2.16 6.60
5.12 4.87 4.30 7.39 3.04 9.67 9.39 9.66 9.71 7.07
2.11 6.02 8.78 1.83 7.79 4.44 3.04 1.16 3.69 6.49
6.97 6.99 2.91 8.78 1.34 5.95 5.52 1.55 1.99 8.68
7.17 2.43 2.99 6.90 5.28 9.07 4.14 5.51 8.48 5.58
3.75 4.84 5.21 6.92 2.14 5.02 1.65 7.32 5.38 1.57
7.82 1.31 5.12 9.81 1.91 2.14 4.76 4.86 9.21 4.50
3.52 8.73 3.38 3.03 7.74 4.24 8.05 5.65 8.12 6.29
4.42 2.95 8.79 2.57 8.19 7.93 3.03 7.33 6.69 1.59
7.05 3.58 3.05 8.17 4.75 7.74 4.39 4.57 1.39 2.16
8.59 8.29 8.92 8.42 9.73 5.14 2.37 4.76 5.19 4.26
5.39 2.41 6.65 2.87 2.40 6.77 1.37 4.14 4.28 8.33
8.42 6.38 1.80 4.31 8.21 1.52 5.52 2.92 3.05 2.99
5.54 5.53 2.74 6.35 5.19 7.82 7.73 1.75 9.64 2.60
2.85 7.96 5.07 8.82 3.70 1.59 7.05 2.92 2.03 7.74
6.68 9.17 9.33 7.16 5.23 1.22 8.65 4.34 8.23 6.84
6.21 4.20 5.10 2.55 3.68 2.09 7.54 1.06 5.32 5.17
3.17 3.38 7.82 9.79 9.15 4.86 1.26 2.98 1.50 7.45
5.83 9.13 1.98 2.39 8.69 9.56 4.84 5.52 2.11 7.91
4.75 6.03 6.71 8.19 4.41 9.66 1.41 1.49 3.14 8.37
6.47 2.75 6.54 5.99 1.19 6.17 3.75 5.97 2.25 3.45
6.49 1.35 5.95 3.61 8.57 3.66 4.23 1.45 8.95 7.74
2.22 1.11 8.33 3.74 8.57 4.37 2.94 9.06 8.16 3.00
8.48 7.37 8.98 5.03 9.96 9.21 5.94 1.55 6.39 1.66
2.80 2.43 9.04 2.18 7.28 9.48 7.51 4.05 3.20 8.95
2.25 7.90 8.27 7.53 4.41 8.74 2.84 2.63 7.90 4.04
3.73 6.50 2.64 4.34 5.24 1.07 4.96 1.45 9.06 2.89
6.43 9.44 6.16 9.09 4.93 2.13 8.80 3.32 5.89 9.24
9.73 7.23 8.99 3.08 8.65 9.49 5.92 6.10 9.02 9.31
5.61 4.22 9.97 5.93 5.29 1.62 4.92 7.60 5.65 1.75
1.59 4.44 8.30 7.63 4.24 7.75 2.33 3.57 3.53 7.18
9.73 2.94 7.35 5.97 4.71 6.59 7.39 6.09 5.05 7.43
7.49 4.62 2.62 4.80 7.06 5.90 5.39 3.67 5.40 7.03
2.73 6.89 1.64 5.93 8.34 8.44 3.20 1.26 2.65 4.17
6.67 4.13 7.95 4.66 3.81 7.53 5.31 8.48 5.95 6.39
2.28 9.86 3.26 6.90 3.13 7.01 4.41 3.63 4.14 8.95
7.12 4.34 2.69 1.46 2.23 2.52 6.13 9.81 7.95 6.28
8.11 4.25 3.13 3.73 3.52 5.20 8.34 1.85 5.20 3.84
4.68 8.99 3.67 5.78 9.15 5.98 6.21 1.93 8.76 9.53
1.72 2.96 6.95 6.79 1.89 6.96 9.28 9.02 9.94 1.16
6.68 4.76 4.51 8.35 2.16 7.37 5.61 7.11 3.84 7.55
7.30 2.23 6.83 5.11 8.17 6.54 5.82 9.60 6.40 2.31
7.06 2.58 4.64 1.85 1.23 1.16 5.00 7.35 2.47 1.21
7.89 3.39 3.05 4.79 4.09 2.52 7.76 6.87 1.30 1.99
2.10 5.67 1.59 9.70 6.71 7.48 1.70 5.69 5.49 3.14
6.90 3.59 9.15 2.89 5.45 6.75 8.26 4.43 2.89 5.82
1.76 6.30 5.20 1.25 4.01 4.91 2.43 4.86 3.65 3.67
8.56 7.49 2.53 2.69 4.62 7.58 4.25 7.96 8.18 7.54
9.60 8.60 9.85 9.68 6.00 8.52 2.27 2.59 8.27 1.60
6.56 3.56 5.50 4.41 3.38 1.43 1.98 1.12 1.07 2.45
6.36 4.66 4.10 2.94 9.01 1.53 3.46 2.32 7.92 6.42
4.60 7.69 7.36 5.10 2.51 9.01 1.67 9.11 7.36 5.98
8.18 1.08 9.39 5.50 2.90 7.13 3.19 6.62 2.09 1.83
4.83 7.64 7.86 3.81 7.71 4.81 5.56 8.41 6.52 4.26
3.05 7.90 6.36 9.52 3.16 1.49 4.82 7.85 2.12 2.22
4.80 4.09 7.72 7.61 4.60 5.04 7.88 3.38 9.67 4.60
9.80 9.68 8.88 6.21 9.10 7.90 8.70 1.31 6.98 2.91
9.12 6.01 2.83 1.27 1.94 2.26 5.66 4.71 2.63 8.15
7.97 7.83 1.24 9.32 2.24 1.83 8.58 5.56 2.30 6.67
1.99 2.18 8.03 6.21 7.97 5.49 2.38 3.05 5.94 3.81
6.12 2.46 3.55 7.83 3.78 5.71 4.30 3.48 1.38 3.61
8.75 1.73 1.03 2.75 1.59 3.33 3.81 2.80 5.44 3.32
2.79 6.54 3.19 6.34 1.93 9.29 7.46 1.12 8.70 6.31
9.76 2.69 8.37 3.08 1.29 8.63 9.70 4.21 5.83 5.04
6.02 2.07 2.04 5.74 3.72 1.29 6.86 2.08 6.80 9.59
4.87 6.65 5.19 7.26 4.21 9.44 9.46 6.58 9.85 8.16
4.09 8.50 1.44 7.61 6.32 8.73 1.19 2.32 2.20 7.91
9.73 9.82 3.67 1.32 8.17 7.65 4.19 6.32 6.88 6.90
9.00 9.33 5.97 7.11 4.84 3.95 5.75 2.27 5.71 3.74
6.43 8.36 4.77 7.36 8.00 9.81 4.33 1.93 7.76 4.22
2.29 7.81 4.56 3.52 9.25 8.97 6.04 9.02 7.61 5.10
1.09 3.98 1.91 1.38 3.47 1.40 4.98 8.24 8.10 4.13
7.53 3.05 7.42 6.58 9.65 7.15 2.77 1.48 5.45 1.11
9.69 8.17 1.98 6.08 2.70 5.95 3.06 4.10 3.29 2.36
7.59 4.88 2.44 1.48 4.96 5.62 5.56 8.75 2.98 5.30
5.28 3.91 1.66 4.87 8.30 4.51 3.57 2.34 1.99 1.36
3.42 3.45 9.23 6.11 7.21 6.94 3.64 3.36 4.31 6.03
3.20 2.97 1.30 3.52 2.76 1.06 9.33 4.73 5.74 4.45
1.14 2.49 8.08 8.57 8.99 9.86 3.08 8.79 9.25 9.18
3.99 1.95 8.27 8.88 6.81 9.98 9.92 6.36 1.58 9.88
6.80 6.59 8.85 3.72 7.63 1.62 2.68 8.65 9.77 7.06
1.22 2.76 1.95 3.04 3.35 2.12 9.54 5.04 3.74 1.41
6.96 8.54 9.88 8.36 7.78 7.28 6.97 6.86 1.17 4.12
1.05 3.32 2.87 5.19 3.81 5.07 6.14 2.47 4.04 9.71
2.89 3.40 7.16 5.45 1.56 2.80 5.67 5.82 5.16 7.47
1.54 4.17 7.87 6.64 3.53 1.68 7.09 7.10 1.08 9.83
1.77 7.27 4.61 3.08 2.78 9.26 5.19 1.76 5.99 9.67
6.35 7.64 2.87 1.99 6.88 6.94 9.28 5.04 2.03 5.45
7.57 7.37 3.05 6.63 8.89 5.75 8.79 5.81 7.06 4.16
7.03 4.48 1.20 9.67 6.63 8.29 3.13 5.12 8.33 2.04
8.58 2.59 8.45 1.69 7.54 3.87 6.40 8.66 3.27 7.98
2.34 2.73 5.79 6.13 3.53 1.06 5.80 3.64 6.49 1.75
2.03 9.71 1.96 7.22 3.47 9.52 3.68 5.10 6.22 2.94
1.25 7.73 8.55 8.38 2.36 9.18 3.50 1.47 8.80 8.42
3.40 9.43 2.66 6.57 2.17 1.66 2.44 2.31 2.81 1.38
8.16 2.62 7.48 9.02 5.69 1.07 5.34 1.66 7.76 4.72
5.96 9.49 6.33 6.20 1.75 1.03 7.89 6.63 2.56 4.75
8.06 6.21 4.95 9.89 2.76 1.31 5.86 6.63 8.45 7.52
7.18 3.83 6.34 3.85 4.85 8.95 7.95 7.29 1.16 3.51
8.72 7.40 2.03 8.47 1.96 8.69 8.52 9.77 1.03 1.37
7.95 8.06 4.03 7.30 1.70 7.50 3.54 5.73 2.15 3.04
6.68 4.33 7.10 9.75 3.54 2.84 6.34 4.95 9.30 9.91
7.15 2.87 2.65 1.17 3.58 7.95 3.27 2.43 4.89 7.21
3.73 4.82 7.20 7.06 1.10 8.15 3.63 9.94 9.53 3.68
5.41 9.14 5.09 1.63 5.24 5.07 7.43 3.14 9.16 2.50
8.05 4.87 9.61 2.88 3.42 4.39 2.25 6.12 1.87 1.41
4.88 8.06 5.51 1.44 2.46 3.41 9.40 6.10 2.07 7.44
1.45 6.07 9.21 6.51 1.74 5.18 1.75 9.51 3.65 4.62
3.64 4.19 4.54 4.25 1.85 1.35 6.12 8.61 3.10 1.40
1.87 8.19 4.95 2.00 9.35 8.99 1.53 7.73 1.23 6.45
6.38 9.01 7.12 5.12 4.49 9.10 5.66 3.62 5.10 6.96
9.96 2.32 8.09 9.03 9.93 4.46 8.00 7.14 5.93 7.61
5.47 3.94 1.97 1.75 7.33 7.44 7.31 4.58 4.90 8.04
9.33 4.09 9.00 2.44 8.34 1.53 7.59 6.88 7.55 7.87
3.60 8.81 5.49 5.43 7.86 5.69 7.99 7.97 8.11 8.29
9.69 1.12 4.91 7.26 3.80 5.06 3.33 9.52 6.05 7.91
6.57 7.00 7.12 1.18 5.15 9.91 2.20 2.42 3.97 1.72
9.36 2.51 4.20 8.38 6.30 6.12 7.51 7.77 6.77 4.28
2.69 8.86 5.71 5.11 8.40 6.64 3.22 4.85 3.29 2.16
2.58 5.91 4.33 6.61 3.46 7.83 2.00 2.29 4.77 9.22
7.75 9.05 9.30 4.81 8.50 4.40 2.85 3.88 3.54 5.91
3.03 7.46 3.26 6.92 6.37 7.26 2.54 2.40 1.73 8.58
6.15 4.65 2.51 8.85 3.27 3.29 5.30 3.76 2.31 7.76
6.28 3.45 9.18 9.78 3.68 2.52 5.35 9.50 6.36 7.99
6.90 8.30 2.99 8.22 9.94 9.66 7.26 8.47 6.21 4.45
5.64 9.25 8.81 5.41 8.65 1.42 4.72 7.08 4.14 5.76
3.12 9.21 3.40 9.48 6.80 3.67 3.31 7.69 9.97 4.54
4.03 3.39 7.25 5.03 3.79 6.63 5.99 4.89 8.96 1.95
5.09 6.24 2.90 4.47 5.17 3.39 5.48 6.23 2.17 5.45
3.35 4.39 5.50 8.24 8.67 1.22 7.09 9.01 5.57 9.14
9.37 8.96 2.12 8.30 6.59 1.13 8.93 2.60 8.15 7.64
7.87 6.27 8.48 9.70 8.11 1.36 4.10 9.41 2.13 1.84
1.49 9.62 6.24 8.00 8.97 4.16 7.10 6.81 3.11 5.06
2.90 7.79 3.17 7.36 1.12 2.76 3.11 1.80 9.66 5.11
2.66 3.23 7.55 8.10 9.92 4.21 9.73 2.31 9.57 2.94
1.42 1.58 2.10 2.96 6.85 1.40 8.88 6.83 6.75 5.05
9.09 9.46 6.28 2.66 1.30 4.87 1.59 9.88 4.84 2.80
8.76 9.52 7.34 3.00 2.84 6.72 9.70 5.45 5.32 7.82
6.41 1.84 8.11 9.86 1.08 9.64 7.94 3.16 2.81 1.18
8.22 8.47 9.23 4.99 3.87 5.76 8.52 5.15 6.59 2.31
5.91 9.56 1.18 3.58 8.48 4.07 1.57 8.10 4.99 1.52
5.15 1.33 1.63 4.94 9.87 7.80 4.78 3.58 2.16 5.76
3.83 5.67 3.91 1.77 2.59 9.38 6.57 8.21 3.57 2.91
9.94 3.21 9.10 3.10 7.11 2.31 4.18 6.07 7.31 9.52
7.38 8.29 1.07 3.37 8.98 6.92 4.38 2.55 4.09 3.70
9.21 9.29 9.13 8.78 2.93 5.00 7.17 8.01 4.65 9.99
4.58 6.09 1.88 9.22 6.01 5.87 9.09 7.55 3.66 8.80
1.69 5.22 9.02 2.37 2.84 7.99 1.93 4.77 5.61 2.32
6.93 1.10 3.96 8.05 6.33 1.14 8.40 3.56 2.89 4.11
4.50 8.44 9.87 3.49 4.17 2.62 6.80 8.48 1.98 2.22
2.25 3.26 1.92 9.20 9.82 1.29 4.14 8.74 1.17 6.48
8.56 3.19 1.32 8.02 6.85 3.88 7.38 9.93 3.24 8.33
6.60 2.66 7.17 1.51 7.62 6.39 3.41 1.38 4.52 1.22
3.78 9.06 4.99 6.68 1.90 6.73 2.10 4.97 8.20 9.50
2.03 8.45 5.23 2.48 2.57 7.09 9.98 4.63 8.41 3.43
1.54 8.24 8.32 5.78 6.30 2.23 7.47 5.15 2.08 7.65
1.58 2.77 3.05 9.93 6.14 6.23 1.97 7.40 9.20 6.28
2.46 1.11 6.72 6.15 1.08 9.46 3.20 4.83 7.94 6.22
3.70 9.51 7.82 4.24 9.49 9.79 1.81 2.66 7.01 1.31
7.38 5.62 8.24 7.60 6.40 6.98 9.10 4.59 3.53 5.79
8.95 4.92 4.31 9.71 5.08 6.71 6.44 2.13 7.10 1.77
6.02 7.01 7.09 2.73 5.00 7.20 1.08 3.18 1.70 8.28
3.24 1.98 4.19 3.16 3.11 8.44 7.84 1.51 2.29 2.18
1.45 1.97 2.69 1.92 4.42 3.27 7.15 6.15 6.65 9.31
2.22 4.20 7.50 1.23 5.56 4.01 2.85 8.88 8.31 7.66
6.72 9.80 1.27 1.34 7.37 2.94 9.17 9.71 7.45 3.61
3.68 6.73 7.88 2.99 9.37 4.57 4.55 7.32 7.91 6.75
7.55 7.46 8.96 3.83 8.73 3.36 3.47 7.58 8.45 1.96
9.77 6.74 3.18 3.61 2.05 6.99 7.27 7.60 8.69 8.11
8.78 5.46 1.74 1.85 1.39 5.63 6.91 6.46 3.08 3.99
5.97 1.30 5.18 8.97 8.00 9.62 2.94 5.27 2.27 5.72
6.54 3.62 8.59 8.38 1.28 2.03 1.75 3.52 3.57 8.33
3.39 5.38 3.83 4.18 6.43 2.60 7.27 5.04 7.77 4.97
9.65 6.62 9.40 1.76 3.43 5.80 6.42 2.11 7.67 7.96
1.25 5.31 2.78 1.85 5.51 9.37 4.37 7.45 4.83 1.93
4.47 6.68 7.27 8.49 8.19 1.09 3.71 2.00 9.20 1.06
6.10 6.30 3.74 2.28 2.12 8.59 7.48 5.59 6.17 6.48
1.70 4.19 3.34 1.22 1.93 9.01 1.49 6.95 5.61 3.00
7.98 3.33 6.34 5.99 7.00 1.40 7.03 8.52 4.14 5.38
2.33 3.51 6.13 1.36 4.27 8.41 6.22 5.88 9.80 7.11
7.83 5.83 7.74 1.36 8.48 3.75 9.47 8.99 3.65 9.45
9.88 3.04 2.51 2.42 8.05 6.66 5.54 9.34 5.61 2.02
7.40 3.75 8.51 1.56 7.34 6.06 8.41 3.85 7.50 5.08
2.13 7.25 5.40 4.40 8.93 9.67 3.57 9.54 4.88 3.56
6.09 2.32 6.35 5.95 1.61 2.36 9.42 5.30 6.52 9.27
6.55 9.01 2.22 4.31 2.71 5.84 5.32 3.94 3.71 5.60
2.99 4.65 4.18 4.87 9.43 1.78 2.37 3.81 2.96 5.12
2.63 2.42 8.66 1.42 6.72 2.38 7.45 5.63 1.92 5.64
2.95 1.61 6.57 2.27 6.66 2.41 8.32 3.45 7.83 7.24
5.20 1.60 2.03 5.78 9.03 8.21 6.18 8.57 3.32 8.82
8.51 2.43 8.25 9.23 8.72 4.02 1.53 6.72 8.03 6.71
9.67 5.55 9.30 9.61 3.95 9.19 2.69 6.43 1.99 2.58
1.86 1.23 8.55 9.62 7.55 3.91 7.99 6.49 6.55 7.91
5.13 1.27 8.38 1.46 9.59 5.48 5.20 6.05 4.24 9.80
8.96 8.74 9.65 5.17 3.07 3.00 4.77 6.44 8.73 2.07
5.58 3.07 9.69 6.95 7.40 1.29 4.81 1.56 4.24 1.95
4.87 9.38 9.88 9.26 6.79 7.49 3.30 5.43 7.09 2.91
7.76 9.37 6.57 9.34 8.24 4.83 8.16 1.70 9.87 5.44
6.93 2.07 5.21 1.16 2.05 5.14 9.51 1.34 5.69 9.45
5.22 8.32 3.79 2.02 3.79 8.73 3.87 9.01 4.18 4.28
3.13 1.23 1.22 2.43 5.70 3.64 9.84 6.56 4.28 9.30
2.26 3.28 5.42 5.13 1.23 6.59 2.92 4.77 9.41 7.87
6.25 2.72 4.25 2.96 5.09 6.26 1.16 9.12 8.13 1.98
6.44 3.80 4.07 6.64 7.40 1.39 8.80 6.96 5.62 7.92
7.16 2.62 6.37 4.17 5.14 1.82 4.29 7.48 6.94 7.67
2.00 4.55 8.93 9.47 5.16 2.73 6.47 4.82 9.57 2.52
7.75 1.12 3.29 9.77 9.57 1.98 5.94 5.53 2.12 4.87
4.78 7.11 2.60 8.95 2.63 6.44 7.21 1.78 9.52 7.93
5.05 2.27 1.47 9.67 5.83 8.38 5.96 7.75 8.87 1.11
4.47 3.62 6.64 5.32 7.16 5.05 4.58 6.33 4.27 8.96
7.63 1.34 9.77 9.52 4.69 9.71 3.19 1.20 3.08 9.35
2.15 1.33 1.16 2.27 3.45 2.07 4.96 1.57 9.77 7.30
5.95 9.64 3.13 4.75 4.41 9.59 8.43 6.30 5.04 9.61
8.28 2.19 2.92 5.05 8.04 4.77 2.33 2.19 1.36 1.75
8.67 1.78 2.82 6.94 8.64 7.21 2.33 9.51 2.79 7.64
2.94 4.12 2.45 4.21 7.54 1.02 6.67 1.18 6.15 9.17
9.59 6.80 9.31 8.59 6.91 2.71 7.66 7.72 6.29 2.72
1.83 2.41 5.03 6.25 1.42 4.28 1.42 5.64 2.35 8.89
8.30 3.54 3.61 1.22 2.60 6.44 8.79 1.18 7.81 5.57
1.43 6.64 3.83 2.92 3.24 6.45 4.71 5.71 2.27 2.86
4.20 4.19 7.40 7.15 2.88 6.98 6.34 8.40 2.44 4.50
1.08 8.17 7.62 6.37 7.85 9.42 5.75 5.79 7.12 7.74
2.70 9.02 1.05 3.55 6.84 9.79 5.11 5.32 1.02 3.73
4.18 5.89 9.81 7.97 3.22 3.13 9.89 2.21 7.15 3.36
2.98 5.43 8.94 3.30 2.85 2.37 8.57 8.79 2.80 8.91
8.75 1.96 4.90 3.48 3.73 7.04 5.59 5.70 1.92 5.05
2.20 9.10 7.71 5.73 1.79 5.97 9.58 9.09 5.15 4.71
9.48 5.59 3.21 2.88 7.52 3.60 8.75 7.04 5.29 6.11
2.81 7.40 5.66 9.86 8.81 4.21 4.14 7.34 1.76 3.51
8.93 2.86 5.79 2.58 8.81 7.51 4.29 7.69 5.50 4.51
4.86 8.94 3.19 4.41 5.72 1.95 4.72 5.15 5.10 9.65
9.85 3.54 5.42 9.11 2.90 5.20 1.40 5.84 6.72 3.82
2.71 1.58 4.74 7.12 7.53 2.32 4.12 4.00 9.76 6.95
9.47 1.72 3.10 4.53 3.09 5.86 5.65 7.14 9.50 3.56
7.16 7.31 2.35 2.51 1.29 8.85 5.95 1.16 9.49 4.82
3.33 6.15 1.31 6.45 4.42 7.00 9.71 1.17 3.46 6.88
8.23 1.99 4.27 3.28 9.84 8.52 8.47 2.84 4.04 1.04
7.60 9.37 6.97 4.91 6.86 2.81 5.98 5.14 9.23 9.38
5.34 6.98 4.35 4.47 5.19 7.30 9.72 8.53 1.91 9.40
3.41 7.34 2.53 1.73 8.97 8.14 3.58 1.14 2.58 5.55
2.16 4.42 4.65 2.30 1.52 1.03 3.65 8.95 2.86 1.35
6.24 6.43 9.98 6.91 2.05 8.34 1.57 9.26 5.64 8.47
7.67 7.21 4.68 7.27 1.93 7.67 4.16 3.96 6.29 2.72
1.09 1.88 2.33 1.54 4.82 5.50 4.04 3.44 6.89 8.46
4.93 5.47 6.55 1.76 3.99 8.80 3.30 8.61 7.56 7.03
5.32 1.34 2.81 7.88 4.28 1.09 7.30 2.99 5.44 7.56
6.33 1.98 2.09 2.68 2.99 1.36 9.79 6.59 5.26 9.67
1.65 3.52 3.35 1.33 6.96 4.31 2.06 3.32 6.69 4.71
5.46 7.86 7.49 4.88 8.74 7.50 1.98 5.35 4.39 6.87
2.96 5.71 1.69 3.02 9.06 7.46 7.01 8.16 7.58 4.57
7.50 2.27 5.71 9.48 7.52 2.16 5.77 9.09 3.18 5.60
9.17 9.59 7.96 5.68 5.07 1.67 6.57 9.56 3.88 1.68
6.11 6.30 3.36 6.26 6.22 8.78 6.64 7.79 4.37 5.30
5.66 5.02 4.17 7.21 7.14 4.84 7.23 4.66 5.30 8.60
7.04 8.01 1.98 8.01 8.80 2.73 4.75 5.35 1.80 3.13
6.38 6.35 6.86 1.53 2.37 9.75 3.24 6.33 7.32 2.44
3.14 6.72 9.67 3.56 4.07 1.43 8.64 1.24 9.77 8.08
5.56 8.71 8.68 8.93 1.27 8.73 8.93 9.94 5.37 5.93
4.37 9.25 6.51 7.86 9.80 5.41 8.54 1.03 2.65 7.20
5.81 3.17 4.08 6.86 8.65 1.48 1.25 2.83 9.39 5.36
7.19 9.40 6.04 6.16 5.71 4.74 6.36 2.33 7.97 5.01
4.35 8.20 9.42 4.33 6.14 7.36 6.05 9.59 4.28 7.41
6.02 7.44 4.62 7.22 2.67 7.57 2.22 3.57 2.51 9.22
9.09 7.95 7.03 7.33 5.01 9.90 2.44 6.50 7.33 3.67
1.26 1.90 7.64 3.99 8.17 2.19 9.42 8.49 3.36 2.08
6.66 1.94 7.93 1.68 6.57 7.05 3.87 9.66 5.03 8.72
4.22 2.80 3.27 2.31 7.37 6.34 1.13 9.36 4.82 5.69
4.78 4.27 6.34 6.10 2.44 3.10 1.40 9.46 4.38 2.18
9.00 1.79 4.00 6.69 3.66 2.37 3.65 9.66 2.86 1.53
3.82 2.81 6.62 3.60 2.07 9.27 5.50 6.26 3.01 4.92
1.42 1.47 4.15 6.06 7.11 5.55 3.42 6.07 2.69 4.91
2.31 9.83 3.14 4.66 5.84 3.69 1.62 2.29 2.10 1.59
9.41 3.13 4.77 6.08 1.14 6.08 4.38 8.57 1.43 1.32
6.29 4.92 7.25 6.12 7.13 2.25 2.28 7.53 1.65 5.51
3.20 1.72 6.78 7.82 2.55 7.17 7.27 6.46 4.67 5.29
5.84 7.08 3.60 6.10 6.00 7.83 3.10 5.92 3.94 4.95
3.24 9.51 4.90 9.51 9.24 1.82 8.74 6.18 7.28 3.13
1.30 2.11 3.31 6.80 3.09 4.74 8.16 7.93 4.73 8.88
6.45 3.89 9.65 9.20 4.38 5.54 9.07 7.73 2.42 9.90
1.41 1.24 8.73 2.60 8.01 4.90 7.40 2.90 4.00 3.40
5.13 6.49 4.05 3.00 4.99 8.81 1.97 5.92 1.17 9.42
2.69 8.52 7.43 1.24 9.47 9.25 6.85 4.77 5.43 3.49
9.08 1.91 6.65 6.23 7.62 7.55 7.13 7.14 5.77 7.89
8.27 4.18 7.64 8.01 1.15 8.92 5.74 9.41 8.96 5.85
9.50 4.58 8.83 8.34 1.14 4.51 9.30 4.53 2.25 8.13
3.72 3.59 9.76 3.19 6.44 6.48 7.20 1.01 6.38 1.33
8.45 6.70 2.99 8.79 6.19 9.45 7.82 8.12 1.41 9.91
1.15 6.73 1.51 5.33 8.26 9.39 5.00 4.79 6.48 1.47
7.17 1.37 6.75 7.58 2.45 6.66 7.03 5.38 8.96 6.88
5.39 4.22 1.58 8.04 4.66 5.11 8.32 4.00 2.46 4.23
6.50 9.54 6.82 9.36 4.32 2.95 1.49 5.14 8.79 1.08
9.36 6.40 5.86 3.96 1.50 6.78 5.11 8.62 2.54 5.95
2.95 9.87 1.38 6.19 5.97 4.07 3.44 2.65 5.44 3.49
4.28 1.13 9.25 7.14 1.96 3.50 8.42 5.99 1.23 2.26
7.58 6.02 7.99 8.93 6.16 2.08 4.36 7.23 8.06 2.41
5.56 6.17 3.44 9.99 7.29 6.60 1.19 3.38 6.07 6.39
7.86 8.80 8.41 8.64 8.89 2.21 8.34 2.18 8.77 8.12
8.60 3.60 9.09 1.89 3.36 3.38 7.17 7.14 6.83 2.91
3.02 3.61 4.77 7.83 5.57 6.78 6.75 9.78 8.22 5.00
5.87 4.11 8.54 5.91 7.59 9.34 2.56 7.32 7.08 3.95
8.75 6.78 6.33 6.70 9.32 4.53 5.49 2.00 8.80 7.93
5.91 9.24 7.84 3.87 9.83 4.20 8.70 3.33 4.62 7.03
6.49 9.16 3.05 3.61 5.10 9.56 3.16 6.15 9.71 4.63
5.13 2.15 8.85 2.58 4.25 1.55 8.97 1.42 7.82 8.03
9.92 1.99 5.95 7.83 8.83 9.73 2.89 7.23 5.15 6.58
8.17 5.83 2.56 9.72 1.01 5.27 9.92 6.00 7.37 1.57
5.92 2.56 9.51 2.24 8.86 3.42 9.66 5.83 7.64 2.41
7.34 9.99 8.43 4.97 1.99 3.64 4.54 4.24 6.67 6.80
2.83 9.59 7.69 9.21 6.65 2.84 6.97 6.42 4.00 8.36
4.66 1.67 1.06 4.05 7.27 9.71 5.81 8.65 3.78 6.31
3.50 7.64 8.58 9.86 8.47 9.03 6.26 9.21 5.32 3.23
4.36 1.76 7.04 7.81 7.58 5.06 8.40 8.60 7.82 7.03
4.74 2.06 7.94 1.66 2.54 6.59 3.41 6.95 2.61 2.64
9.77 6.34 2.58 6.16 5.11 4.70 8.36 9.71 2.97 5.02
3.51 8.57 4.24 7.38 8.87 6.24 4.07 2.62 5.82 4.78
6.19 5.33 4.72 6.52 4.93 8.84 5.57 5.76 1.65 4.59
8.41 3.34 2.00 4.37 6.00 1.67 3.17 1.84 3.12 5.61
3.69 1.94 1.75 8.33 5.30 1.89 3.46 4.35 2.34 2.16
1.68 6.87 6.78 6.36 9.59 9.41 4.23 6.18 4.09 7.52
6.15 1.03 1.90 9.41 9.82 8.90 2.66 3.68 3.38 1.47
9.45 7.28 5.99 9.24 6.56 5.56 6.51 9.82 3.50 8.92
3.18 6.86 3.75 5.86 8.94 8.40 8.42 2.22 7.03 1.30
6.40 6.56 2.69 2.54 4.86 8.39 7.19 6.85 6.70 4.78
3.92 3.91 5.45 8.60 5.61 4.90 3.95 8.61 8.52 5.00
7.63 4.71 3.73 6.44 3.87 9.88 7.77 7.36 9.24 5.76
6.52 4.66 1.14 1.90 1.73 2.21 6.12 4.00 7.71 1.42
8.22 1.06 7.06 5.59 6.31 8.69 5.07 6.02 2.40 1.59
6.92 3.82 4.90 7.20 5.28 8.42 2.63 7.67 3.68 7.09
3.90 5.09 5.98 9.80 3.00 5.09 4.48 9.01 7.87 7.37
7.50 4.99 7.32 6.51 7.95 6.70 2.92 1.79 2.86 1.66
7.83 5.21 3.35 8.71 7.84 6.98 8.79 2.27 9.46 9.59
10.00 9.98 9.08 5.33 2.83 5.34 6.41 7.88 4.47 3.03
8.90 5.14 7.06 8.97 1.10 4.03 8.80 3.43 3.82 8.20
2.98 2.26 8.24 2.13 6.76 1.49 3.10 7.63 8.21 1.96
5.27 4.33 5.81 1.95 5.42 1.04 8.00 7.13 9.70 6.01
4.73 1.12 9.82 9.86 6.87 5.78 4.39 7.30 4.05 4.92
8.80 2.30 2.28 5.78 2.90 3.50 8.60 5.33 6.37 7.45
9.85 5.65 5.39 4.53 7.96 6.88 5.69 8.93 6.02 4.07
7.09 4.22 8.80 4.69 5.72 2.26 3.68 9.10 4.35 7.22
1.80 5.96 9.18 9.35 7.46 1.40 9.29 6.78 4.13 7.92
9.63 7.95 2.58 5.68 9.26 9.53 7.50 7.99 3.94 6.74
3.17 9.29 9.67 2.76 6.37 2.85 6.29 1.54 2.00 4.91
8.35 9.85 7.44 7.97 1.96 5.62 1.08 4.27 2.23 2.96
1.10 5.14 8.64 1.90 4.43 7.55 8.99 8.47 7.07 9.67
4.57 9.01 4.08 8.56 3.15 9.97 4.66 6.78 5.10 7.70
9.46 6.19 4.16 8.14 1.87 8.38 4.81 8.63 9.39 9.37
1.21 6.80 8.93 4.61 5.04 2.51 4.92 7.43 5.50 9.72
8.98 2.99 4.56 4.46 3.32 9.81 6.05 8.84 1.85 9.89
4.42 5.31 5.15 6.33 7.33 6.04 1.98 3.22 7.51 1.00
1.24 8.53 3.84 2.94 8.01 4.84 1.84 5.51 4.64 5.74
6.86 4.53 8.52 6.05 3.65 2.53 7.86 4.87 3.19 6.23
1.92 4.12 6.63 1.63 7.59 2.47 1.38 6.34 5.27 8.89
2.93 2.87 2.84 1.08 7.77 8.02 6.52 3.72 9.92 8.49
8.19 8.44 6.20 3.21 7.94 4.37 4.57 3.48 2.37 2.05
3.77 6.30 2.23 1.24 9.02 7.81 6.13 4.22 5.81 1.75
6.52 6.39 5.23 1.27 5.96 6.30 3.59 4.10 7.61 5.62
8.79 4.34 8.79 6.58 7.66 8.94 1.30 8.90 4.84 5.80
8.49 9.81 6.05 4.03 6.08 3.22 6.40 3.83 8.20 8.03
8.83 3.58 7.82 5.76 3.80 9.43 8.65 1.88 3.67 6.66
1.59 7.29 4.60 5.16 1.37 2.82 8.36 9.66 8.16 1.22
1.08 8.68 6.13 5.06 9.09 8.46 6.29 6.49 5.23 4.88
5.74 8.93 5.24 9.03 3.47 6.78 8.57 6.98 5.15 9.57
6.85 5.76 4.60 2.07 6.11 6.31 2.50 6.47 4.50 3.52
6.86 1.26 6.78 3.22 9.53 5.44 5.17 9.76 3.10 5.70
4.96 1.16 7.02 6.12 3.67 3.50 9.68 2.71 8.59 8.11
3.33 2.18 4.73 8.00 2.34 5.13 4.73 4.19 7.10 2.78
6.22 1.25 5.32 1.90 6.42 9.38 5.00 8.28 6.40 9.90
3.60 9.42 5.93 4.97 7.57 5.28 2.33 1.48 7.88 8.59
6.27 5.25 5.37 9.89 8.26 5.54 3.26 9.86 9.85 1.17
3.92 7.75 5.09 5.56 7.03 2.36 1.50 4.69 4.74 7.85
3.32 7.85 7.12 4.65 4.10 9.00 7.15 8.35 2.37 9.93
8.84 1.82 9.85 3.67 5.84 2.40 1.58 9.84 9.16 2.80
1.32 5.32 4.69 7.67 1.80 8.52 6.68 7.30 7.92 1.05
7.50 7.80 2.70 1.08 2.83 6.91 6.20 9.36 9.00 1.32
1.59 3.53 9.58 9.96 5.26 3.61 9.90 1.48 5.76 6.29
8.89 3.09 4.69 7.39 5.18 8.95 5.52 3.90 9.21 3.16
6.90 3.48 9.66 3.11 2.39 1.16 1.04 2.75 1.86 5.93
3.66 9.66 5.72 9.40 9.32 9.20 4.17 7.01 5.62 6.01
6.04 4.06 8.67 9.93 3.96 5.67 2.62 9.60 9.70 6.84
7.84 3.92 3.98 2.67 9.38 9.58 5.68 8.54 1.86 7.02
3.32 3.74 3.60 9.95 5.77 6.01 1.37 1.68 9.22 7.96
7.18 7.76 3.64 4.65 8.34 5.69 6.42 5.49 4.36 4.22
2.48 7.58 7.85 8.27 5.68 5.19 3.28 4.79 2.12 3.65
2.68 4.88 5.40 3.36 8.56 4.03 5.94 6.71 5.83 9.26
5.26 3.15 8.41 4.03 9.78 2.47 7.64 4.98 2.46 7.96
9.98 3.64 1.49 4.10 1.85 2.07 8.05 4.75 6.79 4.32
1.37 7.21 7.27 2.05 1.21 3.20 7.50 1.71 4.07 4.08
7.52 1.16 4.60 8.63 2.85 1.03 7.19 3.29 3.47 7.86
8.90 8.19 7.41 2.08 4.36 4.84 5.64 3.65 4.50 7.81
2.92 6.95 7.42 5.35 1.03 2.05 9.08 9.01 2.68 2.27
5.12 3.87 9.62 3.46 6.92 2.60 3.02 7.99 2.27 4.09
3.08 4.97 4.73 2.50 5.52 9.53 7.75 7.62 1.30 4.46
6.09 7.29 6.47 6.41 4.29 1.96 9.82 3.01 2.68 5.00
3.63 7.92 9.28 6.60 5.74 1.99 7.07 7.75 9.81 6.80
6.42 8.42 2.22 4.19 4.47 9.52 9.95 7.81 9.83 7.63
7.03 4.62 2.19 3.61 1.27 4.24 7.91 1.61 8.04 5.37
5.75 5.04 1.93 7.66 2.40 7.07 3.30 2.85 2.15 6.58
6.60 8.34 9.02 2.32 3.92 5.20 3.58 7.17 3.17 2.78
1.64 4.02 9.06 8.09 3.32 3.49 4.97 8.00 8.53 5.33
1.02 1.80 8.33 3.17 5.96 8.67 5.54 8.67 7.96 9.23
9.74 3.04 7.43 1.72 9.61 9.25 6.90 6.75 9.66 9.29
9.31 1.22 6.07 2.02 1.57 5.87 3.34 1.78 4.61 3.57
5.57 5.04 2.67 7.43 8.98 4.67 6.59 5.13 4.11 9.48
7.52 6.05 3.82 6.52 3.10 7.69 2.61 4.16 5.83 2.10
6.93 7.69 6.10 3.15 8.33 4.70 5.87 5.66 5.10 2.21
7.56 1.19 9.62 7.48 8.18 2.64 8.98 2.50 4.67 8.95
6.89 1.05 9.73 8.54 4.68 1.92 3.46 9.54 7.41 5.46
5.69 5.36 7.27 9.97 5.53 9.22 3.22 1.19 8.80 5.44
8.71 2.15 3.79 6.48 2.01 3.47 1.97 3.94 9.89 3.85
7.56 4.47 2.57 8.96 8.56 9.32 6.98 7.61 8.89 9.15
4.34 4.73 4.54 7.16 2.93 3.72 5.04 4.51 5.77 8.40
8.67 6.04 3.68 2.89 2.12 9.17 4.14 7.21 2.62 5.09
8.41 9.43 7.25 9.85 7.94 7.97 9.27 8.73 7.67 4.98
2.38 6.44 2.47 3.78 8.00 1.83 5.90 3.03 3.94 8.58
7.92 1.29 3.92 6.76 9.90 7.55 5.39 7.24 4.05 1.56
4.60 6.48 9.48 8.27 6.92 3.73 7.10 8.44 1.26 2.11
7.30 1.41 8.86 4.42 9.62 7.33 4.05 5.96 4.97 4.31
9.32 9.90 7.01 2.47 2.98 5.42 6.21 7.45 4.76 1.00
2.25 5.98 9.41 7.13 1.39 2.54 9.17 7.98 2.81 5.92
2.40 5.16 4.11 9.13 8.64 3.29 6.78 9.17 9.24 7.16
2.82 2.79 8.92 2.32 2.05 4.86 2.40 7.07 2.64 1.23
6.88 7.09 1.90 1.85 8.50 3.87 2.04 2.11 7.08 7.65
3.21 7.02 2.59 6.42 9.84 6.29 6.18 1.10 5.71 8.70
8.95 5.09 8.78 4.80 3.71 1.90 4.46 7.64 3.23 2.90
5.74 4.59 2.23 8.72 5.06 6.09 6.33 9.24 8.15 8.48
1.84 3.97 1.58 8.32 4.78 3.71 5.85 5.04 4.99 9.92
8.39 5.82 9.32 7.24 2.33 2.42 6.30 1.02 6.09 4.88
7.67 2.25 8.95 8.71 9.42 3.20 2.02 1.79 7.91 3.80
5.72 1.47 9.67 1.63 6.00 8.41 8.62 5.27 9.34 3.99
4.21 1.99 3.71 4.91 5.08 4.61 9.23 3.93 5.70 1.08
5.28 1.54 5.87 6.23 5.44 1.51 7.91 6.92 1.46 8.77
4.62 9.45 2.33 9.86 5.01 4.67 7.73 5.95 7.27 6.14
3.19 4.53 5.50 4.91 9.58 1.50 5.25 7.49 9.73 1.32
5.44 7.87 9.91 3.37 8.51 9.57 5.14 9.03 3.17 1.55
7.49 5.86 9.87 8.42 5.39 5.35 5.69 2.43 9.81 4.12
7.31 5.36 3.63 3.13 9.02 5.65 7.37 1.30 3.76 5.85
1.12 3.97 6.14 1.25 9.52 7.58 8.53 2.63 6.97 2.34
4.16 7.23 2.80 1.44 7.45 5.67 9.83 9.97 2.63 5.26
8.51 2.45 5.56 9.13 8.33 1.25 5.60 5.38 6.66 9.37
2.02 8.10 1.00 6.38 4.05 7.79 6.21 1.88 8.20 2.60
3.38 7.46 6.78 6.74 3.91 1.05 4.51 4.69 3.35 9.89
7.25 5.61 2.89 5.54 5.58 6.49 3.76 3.48 3.67 8.31
1.74 1.56 6.43 3.64 7.81 6.08 2.93 8.32 1.13 7.33
1.72 9.61 7.60 2.22 1.48 2.41 3.29 7.94 9.25 3.36
7.95 5.60 1.37 6.19 8.10 9.81 8.18 9.91 6.37 8.32
5.68 8.60 2.43 4.19 8.75 1.19 7.77 9.50 8.83 5.10
8.17 9.35 2.46 6.17 8.25 6.33 3.21 1.23 5.90 4.44
6.79 5.82 5.87 2.26 1.05 9.73 6.30 6.58 5.33 9.60
6.67 5.53 2.70 9.71 6.99 5.40 5.99 7.10 8.38 4.49
6.03 9.11 4.41 1.30 7.70 6.92 8.92 1.96 2.09 4.69
8.25 1.94 1.54 1.88 2.91 2.01 8.76 3.47 1.90 1.31
8.72 9.00 3.99 6.15 3.89 4.00 5.26 8.17 4.20 7.64
5.72 7.34 4.46 4.34 4.12 9.37 8.54 7.48 4.96 6.34
5.13 4.51 4.23 9.59 8.66 4.06 9.76 5.37 8.66 8.77
7.83 1.93 5.38 7.75 8.98 6.06 9.73 9.93 8.59 5.25
7.41 8.09 5.15 8.62 2.27 3.04 1.12 7.04 3.17 9.43
8.05 9.93 4.68 8.98 2.13 6.81 3.48 4.20 2.48 9.36
6.69 6.18 4.15 9.66 8.54 3.27 5.56 7.07 4.08 3.68
8.55 4.16 2.62 4.98 7.82 2.76 4.33 4.56 3.50 2.27
3.07 2.59 3.93 6.77 7.96 9.90 7.08 4.19 8.03 5.85
2.70 3.40 6.39 9.68 1.10 9.75 9.63 6.46 9.14 5.00
1.27 8.49 4.99 7.56 8.76 7.67 1.33 6.33 6.74 2.14
1.10 4.64 2.17 8.17 9.14 4.19 6.10 2.47 3.87 6.77
2.41 2.69 4.97 2.57 9.07 9.40 2.69 5.63 7.25 3.06
8.00 7.78 9.78 8.26 8.38 5.04 9.24 5.14 1.68 4.35
7.67 5.75 9.27 4.21 1.22 3.54 8.44 8.29 4.92 7.65
6.71 4.80 6.62 3.00 2.86 2.05 2.32 7.58 7.84 7.80
4.61 3.33 5.94 1.54 8.18 8.67 2.31 6.92 1.74 1.26
7.59 8.62 9.32 8.25 2.74 1.27 3.37 2.25 9.40 5.01
2.31 7.26 1.29 5.21 9.82 7.42 8.41 1.75 5.87 6.04
9.92 4.96 4.54 5.25 3.16 5.23 5.12 1.57 3.64 9.95
2.80 8.16 6.68 2.71 6.50 5.31 9.23 3.88 7.47 8.68
5.84 9.92 8.48 2.50 7.38 3.94 4.99 2.02 8.39 2.88
7.25 8.45 7.56 4.68 6.84 3.72 9.15 1.77 6.83 3.99
9.52 6.41 1.15 1.92 9.77 1.85 9.98 7.95 7.57 3.37
2.23 8.61 8.93 8.89 6.11 6.60 2.43 4.82 4.05 1.07
7.57 3.26 7.14 5.07 1.49 1.37 7.68 4.18 2.38 5.33
2.31 9.30 9.64 4.41 7.95 9.09 3.91 9.61 4.45 5.71
8.07 3.05 3.69 9.15 3.06 3.24 8.66 2.54 7.36 1.30
1.79 3.29 4.08 8.56 9.16 7.38 4.72 8.13 4.13 4.13
1.71 1.88 7.05 8.13 3.17 7.21 9.33 3.60 1.29 9.52
1.42 4.35 9.10 7.66 7.36 5.58 7.39 5.62 3.12 2.50
1.17 3.22 5.61 6.51 1.87 1.29 9.78 2.74 6.95 8.46
1.70 3.23 4.78 6.16 2.62 6.98 8.73 2.57 1.56 4.29
2.83 8.88 7.63 2.36 1.82 3.33 6.09 8.52 8.16 5.82
7.47 9.22 3.01 8.55 5.26 4.42 7.54 1.61 2.18 1.31
4.76 9.63 4.58 6.10 3.77 7.51 9.63 5.88 5.14 8.70
6.87 6.61 8.82 7.60 1.83 8.55 2.49 5.68 9.54 7.69
4.18 1.81 3.35 8.58 7.56 2.87 5.11 5.20 7.85 9.64
10.00 6.04 8.71 8.90 2.39 9.39 7.32 7.25 6.11 5.45
7.22 8.04 2.02 8.80 4.80 6.29 3.09 4.66 2.23 1.92
7.47 7.85 6.72 4.51 6.17 7.19 1.63 1.62 2.27 3.11
1.39 5.74 8.59 3.08 7.84 4.01 9.94 8.98 1.17 9.96
7.41 7.31 3.46 1.04 2.26 1.76 5.67 8.30 9.45 9.07
5.74 9.84 6.09 2.14 2.60 3.27 4.34 5.59 7.21 1.92
4.32 5.05 7.71 9.76 5.05 6.36 8.51 2.91 9.65 3.63
4.79 3.39 1.74 9.20 9.25 5.45 9.47 7.57 4.46 5.36
6.95 3.84 1.38 1.52 2.46 2.44 6.50 3.35 4.80 9.32
1.23 7.38 2.00 7.37 5.25 2.04 6.01 1.45 7.11 6.53
1.68 4.12 6.85 6.26 4.38 6.94 4.38 3.17 3.76 6.01
7.75 7.11 7.69 3.89 4.66 3.82 9.63 8.63 1.32 1.24
7.75 4.74 2.07 4.74 9.12 6.16 5.82 7.29 4.79 5.24
8.11 2.24 2.93 2.11 9.99 5.58 3.12 3.47 3.70 5.45
3.17 3.18 9.68 3.35 1.27 6.21 4.94 2.50 8.66 4.52
5.48 9.12 3.89 5.32 7.51 2.15 1.86 8.93 9.09 7.74
6.36 9.00 4.77 6.28 3.18 7.20 1.20 1.58 8.74 6.42
2.23 7.46 2.57 9.84 1.22 3.38 6.93 7.60 5.88 1.69
5.04 3.50 2.63 3.38 2.60 8.65 2.77 8.67 7.36 8.92
7.54 5.67 9.48 5.63 3.37 8.77 8.79 2.80 1.98 2.95
5.92 6.92 8.34 2.12 5.26 3.64 7.15 5.49 1.75 9.55
4.77 7.03 1.54 8.01 2.44 6.59 5.06 5.25 5.16 1.75
6.93 6.26 4.11 3.94 6.48 5.92 5.84 4.27 5.59 8.48
5.47 2.75 3.26 2.44 6.15 7.95 3.50 4.31 7.55 1.99
6.71 9.87 6.96 1.88 1.63 9.22 3.10 7.54 3.17 5.99
1.21 8.53 1.85 6.78 9.82 4.48 5.02 3.70 2.87 3.27
7.60 7.36 2.88 8.84 7.81 6.15 9.72 9.09 2.99 3.01
2.26 2.53 8.11 3.44 2.12 2.31 5.38 9.57 1.06 2.17
2.63 5.43 7.57 8.98 7.36 2.34 8.68 3.57 3.71 3.58
9.38 4.29 1.33 6.82 3.99 4.34 5.71 3.14 6.73 5.24
8.95 9.82 5.97 2.94 7.31 1.77 8.36 5.65 1.83 5.54
3.41 8.82 4.59 7.96 6.99 1.16 7.71 7.88 8.99 7.04
4.31 7.73 2.77 5.96 3.07 3.61 3.87 9.83 2.33 1.35
4.13 3.13 8.18 2.25 1.54 7.84 9.78 9.40 3.49 9.60
5.49 2.17 5.01 9.58 7.19 1.86 2.01 4.61 5.72 2.21
4.05 3.88 9.55 8.63 5.86 3.82 9.42 7.46 3.00 5.09
2.67 1.77 7.77 8.54 8.26 3.86 5.86 3.60 4.38 7.60
2.44 1.93 7.48 1.23 7.41 8.92 6.26 9.58 2.12 2.44
7.85 5.26 7.98 3.10 5.81 9.06 4.22 6.63 9.95 6.65
3.72 9.02 7.61 7.23 5.58 6.37 6.02 4.32 1.83 2.86
8.36 1.15 5.49 3.60 1.21 6.80 3.09 6.10 4.65 5.54
2.98 1.68 8.34 1.72 8.37 5.73 7.08 2.43 1.79 4.19
9.35 6.34 5.38 7.01 3.75 4.25 2.61 7.03 6.14 7.09
4.62 2.75 5.79 1.53 1.55 6.65 1.47 6.97 7.33 7.35
7.57 2.62 7.75 1.26 9.23 9.36 1.79 7.34 6.99 2.60
9.78 2.64 1.57 9.58 3.76 8.17 5.14 4.29 9.71 4.72
3.48 4.96 6.56 1.31 1.90 5.64 9.56 2.99 5.67 4.62
3.52 3.17 8.03 2.82 3.05 7.54 2.68 5.38 4.60 3.29
6.99 4.85 4.49 6.86 3.52 1.24 4.57 3.57 6.47 6.10
8.71 2.03 2.28 6.27 4.77 1.01 5.66 8.83 9.64 8.78
1.10 6.54 7.46 8.13 5.99 2.79 2.27 8.08 7.79 1.82
1.45 1.09 3.45 6.27 3.07 2.32 3.71 8.91 7.35 4.17
3.08 4.06 4.00 2.57 7.48 1.46 2.69 2.00 5.02 8.78
7.04 6.93 3.49 3.89 2.18 6.72 3.85 3.58 5.66 1.10
4.42 5.69 2.87 3.00 1.79 9.82 2.61 3.49 7.86 2.34
5.85 9.99 2.65 7.06 5.93 4.17 8.10 9.73 2.36 9.16
1.35 4.51 2.00 3.57 7.86 4.51 3.62 5.55 1.31 7.50
8.59 8.15 8.12 7.48 6.89 1.77 7.48 6.78 3.65 1.13
7.95 7.68 4.89 7.89 2.93 9.04 8.77 2.42 2.32 5.73
8.25 7.37 1.95 8.13 7.77 2.36 7.18 3.33 9.77 4.61
3.28 8.33 9.72 6.65 6.59 6.59 1.48 4.99 5.46 8.24
4.90 4.85 4.54 6.81 1.78 8.24 5.05 9.17 8.27 4.64
7.08 9.80 6.51 9.31 4.05 8.39 5.32 9.95 2.81 8.43
5.86 8.97 3.09 4.99 4.62 2.75 6.87 5.78 1.36 2.05
3.22 2.07 3.20 9.39 2.57 2.74 5.29 2.09 5.36 8.30
3.91 9.78 1.29 7.82 7.51 6.48 9.94 9.16 5.55 2.15
7.43 3.96 7.31 4.36 7.51 3.08 5.69 2.06 5.88 2.93
7.32 4.00 3.23 7.49 5.10 9.85 1.30 5.00 5.04 6.33
4.35 7.34 5.91 2.72 6.93 3.84 9.90 7.88 5.14 4.37
2.34 6.07 9.69 9.07 2.41 8.30 4.51 9.32 4.64 3.40
4.96 6.27 9.98 4.01 8.89 2.76 5.09 4.94 4.27 3.50
1.60 1.16 7.84 6.14 3.53 8.78 7.29 4.34 4.18 1.48
6.47 7.01 7.49 7.78 1.98 8.66 3.04 1.12 8.58 5.90
5.68 7.15 4.83 1.92 7.69 6.98 5.73 5.65 6.58 6.34
5.77 1.69 3.79 1.76 4.90 2.62 9.21 2.98 7.84 5.50
4.37 9.73 7.03 3.93 4.20 5.00 5.56 6.62 8.45 5.74
4.16 3.86 5.12 7.53 1.27 4.45 8.87 6.28 2.27 1.38
4.30 9.01 6.17 2.90 2.75 3.33 2.11 9.40 1.82 4.93
3.86 3.50 8.24 1.78 9.44 7.74 1.89 9.95 9.74 8.71
7.93 4.18 1.41 6.00 4.53 1.36 6.85 8.46 1.38 1.90
9.57 3.02 5.51 3.46 6.48 7.26 2.66 1.69 7.74 2.33
2.85 3.26 9.48 3.78 3.06 8.48 9.61 3.63 3.23 6.42
1.95 7.04 7.50 3.87 6.83 8.84 3.55 5.22 8.23 5.25
8.03 8.07 6.86 2.04 6.74 5.96 4.35 5.88 2.47 4.11
2.34 9.31 8.10 8.17 6.16 6.94 4.99 4.38 9.56 8.75
7.21 4.24 1.68 3.88 1.61 9.44 8.82 8.28 3.51 6.61
7.64 3.46 8.91 3.83 5.57 3.92 4.14 1.74 4.60 3.85
4.04 2.44 8.53 7.01 2.28 4.57 3.66 6.20 1.85 6.25
4.41 4.53 1.80 2.72 6.93 2.24 8.63 3.35 4.46 6.95
7.93 8.78 4.83 7.42 4.19 4.01 9.18 6.98 4.22 2.48
1.03 2.96 6.12 3.28 3.82 4.00 4.81 2.24 1.11 3.49
6.10 1.23 5.41 7.88 1.65 9.88 4.49 3.13 3.60 8.29
5.14 2.16 9.40 9.66 3.40 1.21 5.08 3.89 6.68 1.56
2.19 9.14 9.99 3.47 2.56 7.61 4.27 8.91 8.13 4.92
5.29 9.59 4.97 7.48 9.86 2.17 2.30 4.44 9.19 7.52
5.51 1.39 3.79 8.22 2.19 6.48 5.91 2.87 6.68 5.16
8.10 5.08 8.73 3.05 9.88 6.11 4.86 1.56 2.74 7.76
5.69 5.68 9.52 6.26 7.67 7.17 7.36 6.96 2.57 5.87
1.82 8.80 2.63 9.54 2.01 7.05 4.76 9.93 6.70 1.37
7.38 7.76 4.22 5.63 1.97 5.27 4.02 3.37 3.58 9.80
9.44 9.80 3.43 5.07 2.17 4.05 9.90 2.58 3.64 1.33
3.45 7.29 5.27 8.67 2.74 9.38 6.53 6.19 1.39 3.79
8.12 9.17 7.64 5.66 4.89 5.91 7.06 1.85 9.37 3.32
6.34 8.07 4.88 3.80 9.21 4.85 9.00 6.46 6.55 8.82
4.18 6.46 3.30 2.98 1.01 5.02 5.65 6.68 7.72 6.78
8.22 3.05 2.80 4.59 4.83 8.15 2.04 4.68 2.49 3.65
5.93 5.29 6.45 2.33 2.93 7.99 4.74 9.86 7.48 7.26
6.27 3.83 2.76 9.01 5.20 8.44 3.88 3.47 7.99 6.42
5.23 3.03 4.72 2.88 8.32 1.11 5.15 8.77 7.62 2.37
2.98 6.50 3.47 3.00 4.77 2.19 6.55 4.04 8.11 5.55
3.10 2.52 9.80 2.31 5.43 7.72 1.38 3.04 4.86 3.12
8.61 2.23 6.43 2.11 8.76 2.43 4.34 6.94 5.92 2.01
1.06 3.14 1.02 1.29 3.06 8.40 9.70 9.30 9.10 3.84
3.83 7.03 2.84 5.85 5.03 1.56 4.95 6.52 9.94 3.95
1.44 3.75 8.77 2.92 7.66 9.13 5.54 8.75 8.33 2.32
6.99 4.79 2.02 4.32 6.09 6.78 1.17 4.46 1.14 2.52
3.68 2.10 2.67 4.48 5.26 2.30 4.31 6.64 6.94 2.72
7.26 6.34 6.83 1.26 4.18 1.59 8.06 3.73 8.58 9.38
5.31 3.99 6.31 8.81 1.11 4.42 7.46 4.69 6.84 9.31
3.87 4.20 8.27 1.11 2.99 1.74 4.74 6.26 9.94 5.72
2.05 8.54 5.55 1.28 9.32 5.25 9.17 5.74 5.44 6.57
5.96 6.77 3.05 3.13 4.15 4.27 1.70 5.76 5.92 10.00
5.86 7.38 3.23 1.84 7.61 3.92 1.82 7.40 4.33 4.57
2.45 2.55 7.54 1.54 6.02 6.38 6.79 4.68 4.08 1.85
6.96 1.28 7.25 4.88 8.98 8.35 4.49 2.36 5.77 4.31
5.02 3.30 5.61 1.05 5.27 8.68 2.67 6.62 9.90 5.72
8.48 2.25 9.95 5.89 7.43 2.15 8.01 9.72 9.87 6.14
9.54 8.18 1.50 1.82 1.45 8.68 8.06 4.25 2.52 9.84
7.45 7.84 4.46 9.37 2.85 9.41 7.82 5.22 2.61 2.93
3.47 8.67 5.35 3.69 4.04 6.48 7.54 7.44 4.75 1.17
8.96 6.03 4.65 5.85 2.98 4.71 1.80 7.77 7.61 4.56
1.78 6.65 7.81 2.96 3.47 6.12 4.95 9.95 6.68 5.25
6.66 4.40 8.78 2.47 2.27 8.32 3.36 9.50 8.18 7.08
2.38 2.81 8.39 6.38 2.74 6.01 5.71 3.08 2.73 6.36
5.29 7.08 5.81 2.23 7.76 1.18 3.69 4.01 1.32 1.02
6.94 4.68 5.60 1.17 9.53 6.01 2.01 9.22 5.20 8.47
8.39 1.15 6.24 9.62 6.45 3.19 1.88 6.47 8.54 7.17
7.19 4.59 8.71 9.37 1.29 9.38 2.37 5.90 2.86 3.72
4.14 7.16 8.66 7.12 3.03 8.00 9.96 9.57 6.65 6.22
7.70 5.61 8.68 1.25 1.25 3.74 3.11 4.69 1.76 8.40
5.42 5.96 4.92 8.26 8.28 2.22 9.97 1.43 4.13 9.51
9.03 9.18 8.43 3.43 6.75 8.39 8.36 6.91 1.52 9.57
4.39 4.41 8.70 9.48 4.39 7.19 5.80 2.64 7.04 2.75
9.61 9.24 3.40 7.70 3.86 8.03 8.26 2.71 2.03 7.53
8.62 2.78 6.26 2.13 5.04 8.48 9.08 5.67 4.30 9.38
9.24 6.61 1.70 5.83 2.04 4.32 4.88 7.56 7.42 9.79
8.75 5.55 1.04 1.12 7.06 7.92 2.33 1.79 4.52 9.95
1.51 2.09 8.52 7.91 7.53 3.31 6.27 5.85 7.49 5.40
1.39 2.38 1.41 7.99 4.37 7.52 1.28 9.73 5.50 5.72
6.40 4.61 4.88 9.02 6.19 5.86 9.24 6.92 7.43 4.17
3.71 8.83 6.04 7.57 2.19 7.40 8.12 7.55 3.64 7.58
3.53 9.47 7.02 9.16 5.37 9.91 9.42 5.73 7.04 1.00
7.61 4.85 5.63 1.02 6.45 8.00 3.96 8.51 5.37 4.36
7.17 2.98 8.99 2.68 8.45 9.08 6.83 3.80 7.01 7.40
1.52 1.14 1.34 3.39 4.89 6.35 1.14 8.83 1.37 4.50
8.17 9.43 6.90 5.82 9.19 9.37 9.71 8.22 1.73 1.96
8.49 1.21 3.67 8.35 1.80 3.33 6.12 7.12 2.86 8.95
2.87 3.69 3.54 9.51 3.93 6.21 5.13 4.52 7.99 3.05
2.31 9.68 4.14 5.74 8.94 9.55 5.52 7.35 8.60 5.12
2.48 3.24 6.91 7.50 4.71 3.58 2.22 6.08 5.50 8.60
2.20 5.09 3.30 7.61 6.49 3.10 7.89 5.63 8.92 6.77
9.69 9.07 9.04 6.07 1.75 9.33 7.68 9.07 9.73 6.34
8.37 2.94 7.04 2.46 6.26 1.38 1.81 6.19 9.89 9.71
6.58 6.36 6.78 4.02 3.74 2.54 3.17 6.48 1.92 5.21
8.81 6.64 9.40 4.28 2.48 2.76 6.50 9.73 9.84 4.02
9.06 5.62 7.01 3.13 8.76 8.37 5.64 3.97 6.66 9.10
8.23 3.58 3.64 8.21 8.04 6.31 5.62 5.47 8.18 7.67
5.43 3.32 1.07 2.52 3.95 1.62 9.55 8.07 1.35 6.23
2.75 1.43 2.05 8.58 7.76 4.55 9.40 6.06 8.89 5.67
8.25 4.98 6.46 3.58 6.32 2.01 6.94 5.29 9.17 9.06
9.67 7.22 8.45 3.28 7.85 9.40 9.08 2.73 6.26 8.79
9.77 7.64 9.03 1.47 4.45 9.65 2.69 7.91 7.38 9.04
5.25 6.67 4.40 6.95 3.21 4.03 4.46 5.85 8.95 8.77
7.19 6.11 4.83 6.13 6.85 3.59 9.16 5.34 5.38 8.98
8.39 1.98 9.40 6.85 1.43 1.60 7.01 5.43 1.94 6.42
9.66 9.93 4.25 7.38 2.53 7.93 4.05 5.05 9.44 2.12
5.19 4.00 9.04 5.95 4.12 8.98 1.36 9.31 3.08 6.65
2.21 9.18 5.09 1.36 9.65 5.09 5.54 3.24 4.37 5.67
3.02 5.28 1.01 4.19 1.36 1.87 1.29 5.62 7.22 3.75
2.34 7.97 7.35 7.28 2.51 9.09 7.58 9.27 7.10 2.44
5.28 5.51 8.77 8.73 8.46 8.39 1.45 5.93 6.59 9.84
9.47 6.44 5.82 8.13 5.59 5.07 1.09 4.15 8.76 3.88
3.51 5.48 2.06 3.33 9.11 1.46 2.07 3.19 5.78 4.96
3.36 4.93 3.72 2.23 7.70 7.50 6.72 3.21 6.41 5.93
9.30 9.19 9.02 2.45 8.28 3.24 1.07 8.55 1.37 2.44
9.13 4.90 7.35 4.35 2.11 5.08 5.29 1.53 7.18 3.94
5.15 9.18 7.73 3.44 4.07 6.87 2.62 5.11 3.27 7.88
1.22 2.20 7.73 4.17 8.12 4.18 5.63 7.12 1.30 1.66
7.03 7.73 1.27 6.94 6.74 4.60 4.00 2.30 1.66 5.57
5.69 6.51 5.77 8.33 7.19 5.87 5.59 8.50 3.86 7.10
6.56 1.85 5.33 2.94 8.16 2.51 1.62 7.15 7.68 5.40
9.96 8.33 7.49 9.18 3.68 3.69 1.27 5.44 6.10 6.47
8.01 1.90 3.98 9.21 7.73 8.08 3.62 2.89 7.80 9.02
2.52 6.72 5.37 2.38 2.80 2.11 3.29 8.43 5.71 9.24
8.31 6.02 7.34 1.76 4.26 6.93 8.18 5.72 6.70 7.08
3.88 7.83 8.78 7.71 3.03 8.41 4.81 3.19 6.93 6.07
9.52 7.96 2.75 2.97 2.17 7.10 6.44 9.80 6.39 8.76
5.49 3.43 6.95 6.43 6.17 6.16 9.56 4.45 3.62 2.11
8.55 9.56 1.27 7.78 3.34 1.55 3.79 4.93 7.57 2.71
7.46 2.62 3.13 4.59 9.72 8.17 5.04 5.36 1.95 8.94
1.25 9.64 4.87 3.04 3.33 7.59 2.00 2.46 8.56 5.67
8.90 3.28 6.39 9.52 9.04 2.79 6.24 9.03 8.75 4.00
2.11 7.57 9.11 1.25 6.15 4.77 7.02 8.78 5.81 1.18
8.49 8.55 3.88 6.54 6.25 8.89 9.79 4.94 5.27 5.22
9.23 9.44 5.58 4.75 8.58 3.09 2.84 9.62 9.73 3.84
3.38 2.73 4.92 2.34 8.01 6.77 2.64 5.86 7.70 1.54
5.72 5.76 4.45 6.32 9.63 4.20 4.12 7.70 1.35 9.75
2.02 8.98 1.02 2.10 8.69 1.37 8.84 9.07 4.01 5.95
6.44 5.94 1.35 7.00 6.30 8.35 8.15 7.87 1.73 3.41
5.41 5.28 1.10 4.67 4.48 2.90 7.86 4.35 1.85 5.62
5.88 9.58 6.03 1.37 6.69 5.73 7.90 2.68 8.34 9.11
6.60 9.28 2.30 1.79 7.70 4.77 4.88 6.34 7.56 2.68

Demandas:
1 0 0 0 0 0 0
0 0 0 0 0 1 0
0 0 0 0 0 0 1
0 0 1 0 0 0 0
1 0 0 0 0 0 0
0 0 1 0 0 0 0
1 0 0 0 0 0 0
0 0 0 0 1 0 0
0 0 0 0 0 0 1
0 0 0 0 0 1 0
1 0 0 0 0 0 0
0 0 0 0 0 1 0
0 0 0 1 0 0 0
0 0 0 0 0 1 0
1 0 0 0 0 0 0
0 0 0 0 0 1 0
0 0 0 0 0 0 1
0 1 0 0 0 0 0
0 0 1 0 0 0 0
0 0 0 0 0 1 0
1 0 0 0 0 0 0
0 0 0 0 0 1 0
0 0 0 0 0 0 1
0 0 0 0 0 0 1
0 0 0 0 0 1 0
0 0 0 1 0 0 0
0 0 0 0 0 1 0
0 0 0 0 0 0 1
0 0 0 1 0 0 0
0 0 0 0 0 1 0
0 0 0 0 1 0 0
1 0 0 0 0 0 0
0 1 0 0 0 0 0
0 0 0 0 0 0 1
0 0 1 0 0 0 0
0 0 0 0 0 1 0
0 0 0 0 0 1 0
1 0 0 0 0 0 0
0 0 0 1 0 0 0
1 0 0 0 0 0 0
0 1 0 0 0 0 0
0 0 0 0 0 0 1
0 0 0 1 0 0 0
0 0 0 0 0 0 1
0 0 1 0 0 0 0
0 1 0 0 0 0 0
0 1 0 0 0 0 0
0 0 1 0 0 0 0
1 0 0 0 0 0 0
0 0 1 0 0 0 0
0 1 0 0 0 0 0
0 0 0 0 0 0 1
0 0 1 0 0 0 0
1 0 0 0 0 0 0
0 0 0 0 0 1 0
0 0 0 0 0 1 0
0 1 0 0 0 0 0
0 0 0 0 0 0 1
0 0 0 0 0 1 0
0 0 0 0 1 0 0
0 0 0 1 0 0 0
0 0 0 0 0 1 0
1 0 0 0 0 0 0
0 0 1 0 0 0 0
0 0 1 0 0 0 0
0 0 0 0 1 0 0
0 0 0 0 0 0 1
0 1 0 0 0 0 0
0 1 0 0 0 0 0
0 0 0 0 0 1 0
0 0 0 1 0 0 0
0 0 0 0 1 0 0
0 0 0 1 0 0 0
0 0 0 1 0 0 0
0 0 1 0 0 0 0
0 0 0 0 0 1 0
1 0 0 0 0 0 0
0 1 0 0 0 0 0
1 0 0 0 0 0 0
0 0 0 0 1 0 0
0 0 0 1 0 0 0
0 0 0 0 1 0 0
0 0 1 0 0 0 0
0 1 0 0 0 0 0
0 0 1 0 0 0 0
0 0 0 1 0 0 0
1 0 0 0 0 0 0
0 0 1 0 0 0 0
0 0 0 0 0 1 0
0 0 0 1 0 0 0
0 0 0 0 1 0 0
0 0 1 0 0 0 0
0 0 0 0 0 0 1
0 1 0 0 0 0 0
0 1 0 0 0 0 0
0 0 1 0 0 0 0
0 0 0 0 0 0 1
1 0 0 0 0 0 0
1 0 0 0 0 0 0
0 0 0 1 0 0 0
0 0 0 0 0 1 0
0 1 0 0 0 0 0
0 0 0 0 0 0 1
0 0 0 1 0 0 0
0 1 0 0 0 0 0
0 0 0 1 0 0 0
0 1 0 0 0 0 0
0 0 0 1 0 0 0
0 0 0 0 1 0 0
0 0 0 0 1 0 0
1 0 0 0 0 0 0
0 1 0 0 0 0 0
0 0 1 0 0 0 0
0 0 1 0 0 0 0
0 0 0 0 1 0 0
0 0 0 0 0 1 0
1 0 0 0 0 0 0
0 0 0 0 0 0 1
0 0 0 0 0 0 1
0 0 0 1 0 0 0
0 0 0 1 0 0 0
0 0 0 0 0 1 0
0 0 1 0 0 0 0
0 1 0 0 0 0 0
0 0 0 0 0 0 1
0 0 0 0 1 0 0
1 0 0 0 0 0 0
0 0 0 0 0 1 0
0 0 1 0 0 0 0
0 0 0 0 1 0 0
0 0 1 0 0 0 0
0 0 0 0 0 0 1
0 0 0 0 0 1 0
0 1 0 0 0 0 0
0 0 1 0 0 0 0
1 0 0 0 0 0 0
1 0 0 0 0 0 0
1 0 0 0 0 0 0
0 0 0 0 0 1 0
0 0 1 0 0 0 0
0 0 0 0 1 0 0
0 1 0 0 0 0 0
0 0 0 0 0 0 1
0 0 0 0 0 1 0
0 1 0 0 0 0 0
0 0 0 0 0 0 1
0 0 0 0 0 0 1
0 0 0 0 0 1 0
0 0 0 0 0 0 1
0 0 0 0 0 0 1
0 0 0 1 0 0 0
1 0 0 0 0 0 0
0 0 0 0 0 0 1
0 0 0 0 0 1 0
1 0 0 0 0 0 0
1 0 0 0 0 0 0
0 0 1 0 0 0 0
0 0 1 0 0 0 0
0 1 0 0 0 0 0
0 0 0 1 0 0 0
0 0 1 0 0 0 0
0 0 0 0 1 0 0
0 0 0 0 1 0 0
0 1 0 0 0 0 0
0 0 0 0 0 1 0
1 0 0 0 0 0 0
1 0 0 0 0 0 0
0 1 0 0 0 0 0
0 0 0 1 0 0 0
0 1 0 0 0 0 0
0 0 0 0 0 0 1
0 0 1 0 0 0 0
1 0 0 0 0 0 0
0 1 0 0 0 0 0
0 0 1 0 0 0 0
1 0 0 0 0 0 0
0 0 0 0 0 0 1
0 0 0 0 0 0 1
0 0 1 0 0 0 0
0 0 0 0 0 0 1
0 0 0 0 1 0 0
0 0 0 0 1 0 0
0 0 0 0 0 0 1
0 0 1 0 0 0 0
0 0 0 0 0 0 1
0 0 0 0 1 0 0
0 0 0 0 0 0 1
0 0 0 0 0 1 0
0 0 0 1 0 0 0
0 0 0 0 1 0 0
0 0 0 1 0 0 0
0 0 0 0 0 1 0
0 0 0 0 1 0 0
0 1 0 0 0 0 0
1 0 0 0 0 0 0
0 0 0 0 0 1 0
0 1 0 0 0 0 0
0 0 0 1 0 0 0
0 1 0 0 0 0 0
0 0 1 0 0 0 0
0 0 1 0 0 0 0
0 0 0 0 0 1 0
0 0 0 0 0 0 1
0 0 0 1 0 0 0
1 0 0 0 0 0 0
0 0 0 0 0 0 1
0 0 0 1 0 0 0
0 0 0 0 0 0 1
0 0 0 0 0 0 1
1 0 0 0 0 0 0
1 0 0 0 0 0 0
0 0 0 0 1 0 0
0 0 0 1 0 0 0
0 0 0 0 1 0 0
0 1 0 0 0 0 0
0 0 0 1 0 0 0
0 1 0 0 0 0 0
1 0 0 0 0 0 0
1 0 0 0 0 0 0
0 0 0 1 0 0 0
0 0 0 0 1 0 0
0 0 1 0 0 0 0
0 0 1 0 0 0 0
1 0 0 0 0 0 0
0 0 1 0 0 0 0
0 1 0 0 0 0 0
0 0 0 1 0 0 0
1 0 0 0 0 0 0
0 0 0 0 0 0 1
0 0 0 0 0 1 0
1 0 0 0 0 0 0
0 0 0 0 0 0 1
0 1 0 0 0 0 0
0 1 0 0 0 0 0
1 0 0 0 0 0 0
0 1 0 0 0 0 0
0 0 0 0 1 0 0
0 0 0 1 0 0 0
0 0 0 1 0 0 0
0 0 0 0 0 1 0
0 1 0 0 0 0 0
0 1 0 0 0 0 0
1 0 0 0 0 0 0
0 0 1 0 0 0 0
0 0 0 0 0 0 1
0 1 0 0 0 0 0
0 0 0 1 0 0 0
1 0 0 0 0 0 0
0 0 1 0 0 0 0
0 0 0 1 0 0 0
0 0 0 0 0 0 1
0 1 0 0 0 0 0
0 0 0 1 0 0 0
1 0 0 0 0 0 0
0 1 0 0 0 0 0
0 0 0 1 0 0 0
0 1 0 0 0 0 0
0 0 0 1 0 0 0
0 0 1 0 0 0 0
1 0 0 0 0 0 0
0 1 0 0 0 0 0
0 0 0 0 0 0 1
0 0 0 0 1 0 0
0 0 0 0 0 1 0
0 0 1 0 0 0 0
1 0 0 0 0 0 0
0 1 0 0 0 0 0
0 1 0 0 0 0 0
0 1 0 0 0 0 0
0 0 1 0 0 0 0
0 0 0 0 0 0 1
0 0 0 0 1 0 0
0 1 0 0 0 0 0
1 0 0 0 0 0 0
0 0 0 0 0 1 0
1 0 0 0 0 0 0
0 0 0 0 0 1 0
0 1 0 0 0 0 0
0 0 0 1 0 0 0
0 0 1 0 0 0 0
0 0 0 0 0 1 0
0 0 0 0 0 1 0
0 0 0 0 0 1 0
0 0 0 0 1 0 0
0 0 0 0 0 0 1
0 0 0 0 0 0 1
0 0 1 0 0 0 0
0 1 0 0 0 0 0
0 0 0 0 0 1 0
0 0 0 0 0 1 0
1 0 0 0 0 0 0
0 0 0 0 1 0 0
0 0 1 0 0 0 0
0 0 1 0 0 0 0
0 0 1 0 0 0 0
0 0 0 0 0 1 0
0 0 1 0 0 0 0
0 0 0 0 1 0 0
0 0 0 1 0 0 0
0 0 1 0 0 0 0
0 0 0 0 0 1 0
0 0 0 0 0 0 1
0 1 0 0 0 0 0
0 1 0 0 0 0 0
0 0 0 0 0 0 1
0 0 0 1 0 0 0
1 0 0 0 0 0 0
0 0 1 0 0 0 0
0 0 1 0 0 0 0
0 0 1 0 0 0 0
0 0 0 0 0 1 0
0 0 0 0 0 0 1
0 0 0 1 0 0 0
0 0 1 0 0 0 0
0 0 0 0 0 0 1
0 0 0 0 1 0 0
0 0 0 0 0 1 0
0 0 0 1 0 0 0
0 0 0 0 0 1 0
0 0 0 1 0 0 0
0 0 0 0 1 0 0
0 1 0 0 0 0 0
0 0 0 1 0 0 0
0 1 0 0 0 0 0
0 1 0 0 0 0 0
0 0 0 0 1 0 0
0 0 0 0 0 1 0
0 0 0 0 0 1 0
0 0 0 0 0 1 0
0 0 0 0 0 0 1
0 0 0 0 0 1 0
0 0 0 0 0 0 1
0 0 0 1 0 0 0
1 0 0 0 0 0 0
1 0 0 0 0 0 0
0 1 0 0 0 0 0
0 0 0 1 0 0 0
0 0 0 0 0 0 1
0 0 0 0 0 1 0
0 0 0 0 0 0 1
0 0 0 0 1 0 0
0 1 0 0 0 0 0
0 1 0 0 0 0 0
0 0 0 1 0 0 0
0 0 0 0 0 1 0
0 0 0 1 0 0 0
0 0 0 0 0 1 0
0 1 0 0 0 0 0
0 0 0 0 0 0 1
0 1 0 0 0 0 0
1 0 0 0 0 0 0
0 1 0 0 0 0 0
0 1 0 0 0 0 0
0 0 0 0 1 0 0
0 0 0 0 1 0 0
0 0 0 0 1 0 0
0 0 0 0 0 1 0
0 1 0 0 0 0 0
1 0 0 0 0 0 0
0 0 1 0 0 0 0
0 0 0 0 1 0 0
0 0 0 0 0 1 0
0 0 0 0 1 0 0
1 0 0 0 0 0 0
0 0 0 0 0 1 0
1 0 0 0 0 0 0
0 0 0 0 1 0 0
1 0 0 0 0 0 0
0 0 0 0 1 0 0
0 0 0 0 0 0 1
0 1 0 0 0 0 0
0 0 0 1 0 0 0
0 1 0 0 0 0 0
0 0 0 0 0 1 0
0 0 0 0 0 0 1
0 0 0 1 0 0 0
0 0 0 0 0 1 0
0 0 0 1 0 0 0
0 0 0 0 1 0 0
0 0 1 0 0 0 0
0 0 0 0 1 0 0
1 0 0 0 0 0 0
1 0 0 0 0 0 0
0 0 0 0 0 1 0
0 0 0 0 0 0 1
1 0 0 0 0 0 0
0 0 0 1 0 0 0
0 1 0 0 0 0 0
0 1 0 0 0 0 0
0 1 0 0 0 0 0
0 0 0 0 1 0 0
0 1 0 0 0 0 0
0 0 0 0 0 1 0
0 0 0 0 1 0 0
1 0 0 0 0 0 0
0 0 0 1 0 0 0
0 0 0 0 1 0 0
0 0 1 0 0 0 0
0 0 0 0 0 0 1
0 0 1 0 0 0 0
0 0 1 0 0 0 0
0 1 0 0 0 0 0
0 1 0 0 0 0 0
1 0 0 0 0 0 0
0 0 0 0 0 1 0
0 0 1 0 0 0 0
0 0 1 0 0 0 0
0 0 1 0 0 0 0
0 0 0 0 0 1 0
1 0 0 0 0 0 0
0 1 0 0 0 0 0
1 0 0 0 0 0 0
0 0 0 0 1 0 0
0 0 0 0 1 0 0
1 0 0 0 0 0 0
0 0 0 0 0 1 0
0 0 0 0 0 1 0
0 1 0 0 0 0 0
0 0 1 0 0 0 0
0 1 0 0 0 0 0
0 0 1 0 0 0 0
1 0 0 0 0 0 0
0 0 0 0 0 1 0
0 0 0 0 1 0 0
0 0 0 1 0 0 0
0 0 0 0 0 1 0
0 0 0 0 1 0 0
0 0 0 0 0 1 0
0 0 0 1 0 0 0
0 0 0 1 0 0 0
1 0 0 0 0 0 0
0 1 0 0 0 0 0
0 0 1 0 0 0 0
0 0 0 0 1 0 0
0 0 0 1 0 0 0
0 0 0 0 1 0 0
0 0 0 0 1 0 0
0 0 1 0 0 0 0
0 0 1 0 0 0 0
0 0 0 0 1 0 0
0 0 1 0 0 0 0
0 0 0 0 1 0 0
0 0 1 0 0 0 0
0 0 0 1 0 0 0
0 0 0 0 0 1 0
0 0 0 1 0 0 0
0 0 0 0 0 0 1
0 0 0 0 0 1 0
0 0 0 0 0 1 0
1 0 0 0 0 0 0
0 0 0 0 1 0 0
0 0 0 1 0 0 0
0 0 1 0 0 0 0
1 0 0 0 0 0 0
0 0 0 0 0 0 1
0 0 1 0 0 0 0
0 0 0 0 0 0 1
0 0 0 0 1 0 0
0 0 0 1 0 0 0
0 0 0 1 0 0 0
0 0 0 0 0 1 0
0 1 0 0 0 0 0
0 0 0 0 0 1 0
0 0 0 0 1 0 0
0 0 0 0 0 0 1
0 0 0 1 0 0 0
0 0 0 0 1 0 0
0 1 0 0 0 0 0
0 0 0 0 0 1 0
0 0 0 0 1 0 0
0 0 0 1 0 0 0
0 0 1 0 0 0 0
0 0 1 0 0 0 0
0 0 0 0 0 0 1
0 0 0 1 0 0 0
0 0 0 0 0 1 0
0 1 0 0 0 0 0
0 0 0 0 0 0 1
0 0 0 1 0 0 0
1 0 0 0 0 0 0
0 0 0 0 0 1 0
0 1 0 0 0 0 0
0 0 0 1 0 0 0
0 1 0 0 0 0 0
0 0 0 0 0 0 1
0 0 0 0 0 1 0
1 0 0 0 0 0 0
0 0 0 1 0 0 0
0 1 0 0 0 0 0
0 0 0 1 0 0 0
0 0 0 1 0 0 0
0 1 0 0 0 0 0
0 0 0 0 1 0 0
0 0 0 0 0 1 0
0 0 0 0 1 0 0
0 1 0 0 0 0 0
0 0 0 0 0 0 1
0 0 0 0 1 0 0
0 1 0 0 0 0 0
0 0 1 0 0 0 0
0 0 0 1 0 0 0
1 0 0 0 0 0 0
0 1 0 0 0 0 0
1 0 0 0 0 0 0
1 0 0 0 0 0 0
0 0 0 0 1 0 0
1 0 0 0 0 0 0
0 0 0 0 1 0 0
0 0 0 0 1 0 0
0 0 0 1 0 0 0
0 0 0 0 1 0 0
1 0 0 0 0 0 0
0 1 0 0 0 0 0
0 0 1 0 0 0 0
1 0 0 0 0 0 0
1 0 0 0 0 0 0
1 0 0 0 0 0 0
0 1 0 0 0 0 0
1 0 0 0 0 0 0
0 0 0 1 0 0 0
0 0 1 0 0 0 0
0 0 0 0 0 0 1
0 1 0 0 0 0 0
0 0 0 0 1 0 0
1 0 0 0 0 0 0
0 0 0 0 0 1 0
0 0 0 1 0 0 0
0 0 1 0 0 0 0
0 0 0 0 0 0 1
0 0 0 0 0 1 0
0 0 0 0 0 0 1
0 0 0 1 0 0 0
0 0 0 0 0 1 0
0 0 0 0 1 0 0
0 0 0 0 0 0 1
0 0 1 0 0 0 0
0 1 0 0 0 0 0
0 0 0 1 0 0 0
0 0 0 0 1 0 0
0 0 0 0 1 0 0
1 0 0 0 0 0 0
0 0 0 0 1 0 0
0 1 0 0 0 0 0
1 0 0 0 0 0 0
0 1 0 0 0 0 0
0 0 0 0 0 1 0
0 0 0 1 0 0 0
0 0 0 0 1 0 0
0 0 1 0 0 0 0
0 0 1 0 0 0 0
0 0 0 0 0 1 0
0 1 0 0 0 0 0
0 0 0 0 0 1 0
1 0 0 0 0 0 0
0 0 0 1 0 0 0
0 0 0 0 0 0 1
0 0 0 0 1 0 0
0 1 0 0 0 0 0
0 0 0 0 0 0 1
0 0 0 1 0 0 0
0 0 0 1 0 0 0
0 0 1 0 0 0 0
0 0 1 0 0 0 0
0 0 0 0 0 0 1
0 0 0 0 0 1 0
0 1 0 0 0 0 0
0 0 0 1 0 0 0
0 0 0 0 0 1 0
1 0 0 0 0 0 0
0 0 1 0 0 0 0
0 0 0 1 0 0 0
1 0 0 0 0 0 0
0 0 1 0 0 0 0
0 0 0 1 0 0 0
0 1 0 0 0 0 0
0 1 0 0 0 0 0
0 0 0 1 0 0 0
0 0 0 0 1 0 0
0 0 1 0 0 0 0
0 0 0 0 1 0 0
0 0 1 0 0 0 0
0 0 0 0 0 0 1
0 0 0 0 1 0 0
0 0 0 0 0 1 0
0 0 1 0 0 0 0
0 0 0 0 1 0 0
0 0 0 0 0 0 1
0 0 0 0 1 0 0
0 0 0 0 1 0 0
0 0 0 0 1 0 0
1 0 0 0 0 0 0
1 0 0 0 0 0 0
0 0 0 0 1 0 0
0 0 0 1 0 0 0
0 0 1 0 0 0 0
0 0 0 0 1 0 0
1 0 0 0 0 0 0
0 0 0 0 0 1 0
0 0 0 0 1 0 0
0 0 1 0 0 0 0
0 0 0 0 1 0 0
0 0 0 0 0 1 0
0 0 0 0 1 0 0
0 1 0 0 0 0 0
0 0 0 0 0 0 1
0 0 0 0 0 0 1
0 0 1 0 0 0 0
0 0 0 0 1 0 0
1 0 0 0 0 0 0
0 0 0 0 1 0 0
0 0 0 0 1 0 0
0 0 0 0 0 1 0
1 0 0 0 0 0 0
1 0 0 0 0 0 0
0 1 0 0 0 0 0
0 0 1 0 0 0 0
0 1 0 0 0 0 0
0 0 0 0 0 1 0
1 0 0 0 0 0 0
0 0 1 0 0 0 0
0 0 1 0 0 0 0
0 0 0 0 0 1 0
0 0 0 0 0 1 0
0 0 0 0 0 1 0
1 0 0 0 0 0 0
0 0 0 0 0 1 0
0 1 0 0 0 0 0
0 0 0 1 0 0 0
0 1 0 0 0 0 0
0 0 0 0 0 0 1
0 0 0 0 0 1 0
0 0 0 0 0 0 1
0 0 0 0 0 1 0
0 0 1 0 0 0 0
0 0 1 0 0 0 0
0 1 0 0 0 0 0
1 0 0 0 0 0 0
0 1 0 0 0 0 0
0 1 0 0 0 0 0
0 0 0 1 0 0 0
0 0 0 1 0 0 0
0 0 0 1 0 0 0
1 0 0 0 0 0 0
0 1 0 0 0 0 0
1 0 0 0 0 0 0
0 0 1 0 0 0 0
0 0 0 0 0 0 1
0 0 0 0 0 1 0
0 0 0 0 0 1 0
0 0 0 0 1 0 0
1 0 0 0 0 0 0
0 0 1 0 0 0 0
0 0 0 0 0 0 1
0 0 0 1 0 0 0
0 1 0 0 0 0 0
0 0 0 0 0 1 0
0 0 1 0 0 0 0
1 0 0 0 0 0 0
1 0 0 0 0 0 0
1 0 0 0 0 0 0
0 0 0 0 0 0 1
0 0 0 0 0 0 1
0 0 0 1 0 0 0
0 1 0 0 0 0 0
1 0 0 0 0 0 0
0 0 0 1 0 0 0
1 0 0 0 0 0 0
0 0 0 0 0 0 1
0 0 1 0 0 0 0
0 0 1 0 0 0 0
0 0 0 0 0 1 0
1 0 0 0 0 0 0
0 0 0 1 0 0 0
0 1 0 0 0 0 0
0 0 0 0 1 0 0
0 0 1 0 0 0 0
1 0 0 0 0 0 0
0 0 0 0 0 0 1
0 0 0 0 0 0 1
0 0 1 0 0 0 0
0 0 0 0 1 0 0
0 0 1 0 0 0 0
0 0 0 0 0 0 1
0 0 1 0 0 0 0
0 0 0 0 1 0 0
0 0 0 0 0 1 0
0 0 0 1 0 0 0
0 0 0 0 0 1 0
0 1 0 0 0 0 0
0 1 0 0 0 0 0
0 0 0 0 1 0 0
0 0 0 0 1 0 0
0 0 0 0 0 0 1
0 0 0 1 0 0 0
0 0 0 0 0 0 1
0 0 0 0 0 0 1
0 0 0 0 1 0 0
0 0 0 0 0 1 0
0 0 0 0 0 0 1
1 0 0 0 0 0 0
0 0 0 0 0 0 1
0 0 0 0 0 0 1
0 1 0 0 0 0 0
0 0 0 0 1 0 0
1 0 0 0 0 0 0
0 0 0 0 0 0 1
0 0 0 0 1 0 0
0 1 0 0 0 0 0
0 0 1 0 0 0 0
0 0 1 0 0 0 0
0 0 0 0 1 0 0
1 0 0 0 0 0 0
1 0 0 0 0 0 0
0 0 0 0 1 0 0
0 1 0 0 0 0 0
0 0 0 1 0 0 0
0 0 0 1 0 0 0
0 0 0 0 0 0 1
0 0 1 0 0 0 0
0 0 0 1 0 0 0
0 0 0 0 0 1 0
0 0 0 0 0 1 0
0 0 0 0 1 0 0
0 0 0 0 1 0 0
0 0 1 0 0 0 0
0 1 0 0 0 0 0
1 0 0 0 0 0 0
1 0 0 0 0 0 0
0 0 0 0 0 0 1
1 0 0 0 0 0 0
0 0 0 0 0 1 0
0 0 0 0 1 0 0
0 0 1 0 0 0 0
0 0 0 0 0 1 0
0 0 0 0 1 0 0
0 0 1 0 0 0 0
0 0 0 0 1 0 0
0 0 0 0 1 0 0
0 0 0 0 0 1 0
0 0 0 0 0 0 1
0 0 0 0 0 1 0
0 0 0 0 0 1 0
0 0 0 0 1 0 0
0 1 0 0 0 0 0
0 0 1 0 0 0 0
0 0 0 0 0 0 1
1 0 0 0 0 0 0
1 0 0 0 0 0 0
0 0 0 0 0 0 1
0 0 1 0 0 0 0
1 0 0 0 0 0 0
1 0 0 0 0 0 0
1 0 0 0 0 0 0
0 0 0 0 0 1 0
0 0 1 0 0 0 0
0 0 0 0 1 0 0
0 0 0 0 1 0 0
0 0 0 0 0 1 0
1 0 0 0 0 0 0
0 1 0 0 0 0 0
0 0 0 0 0 0 1
0 0 0 0 0 1 0
0 0 0 0 1 0 0
0 1 0 0 0 0 0
0 0 0 0 0 0 1
0 1 0 0 0 0 0
0 0 0 1 0 0 0
0 1 0 0 0 0 0
0 1 0 0 0 0 0
0 0 0 0 0 1 0
0 0 0 0 0 1 0
0 0 0 0 1 0 0
0 0 0 0 0 0 1
0 0 1 0 0 0 0
1 0 0 0 0 0 0
0 0 0 0 0 0 1
0 0 1 0 0 0 0
0 0 0 1 0 0 0
0 1 0 0 0 0 0
0 0 0 0 0 1 0
0 0 0 0 0 1 0
1 0 0 0 0 0 0
0 0 0 0 0 1 0
0 1 0 0 0 0 0
0 1 0 0 0 0 0
0 0 0 1 0 0 0
0 0 0 0 0 1 0
1 0 0 0 0 0 0
0 0 0 0 0 0 1
0 0 0 0 1 0 0
0 0 0 0 1 0 0
0 0 0 0 0 1 0
0 0 1 0 0 0 0
1 0 0 0 0 0 0
0 0 0 0 0 0 1
1 0 0 0 0 0 0
0 0 0 1 0 0 0
0 0 0 0 0 1 0
0 0 0 0 1 0 0
0 1 0 0 0 0 0
0 0 0 0 0 1 0
1 0 0 0 0 0 0
0 0 1 0 0 0 0
1 0 0 0 0 0 0
0 0 1 0 0 0 0
0 0 0 0 0 0 1
0 1 0 0 0 0 0
1 0 0 0 0 0 0
0 0 0 0 0 0 1
0 1 0 0 0 0 0
0 0 0 1 0 0 0
0 1 0 0 0 0 0
0 0 0 0 1 0 0
0 0 0 0 1 0 0
0 0 0 0 0 1 0
0 0 0 0 0 1 0
0 1 0 0 0 0 0
0 0 1 0 0 0 0
0 1 0 0 0 0 0
0 0 1 0 0 0 0
0 0 1 0 0 0 0
0 0 0 1 0 0 0
1 0 0 0 0 0 0
0 0 0 0 0 1 0
0 0 0 1 0 0 0
0 0 1 0 0 0 0
0 0 0 0 1 0 0
0 1 0 0 0 0 0
0 1 0 0 0 0 0
0 0 0 0 0 1 0
0 0 0 0 1 0 0
0 0 0 0 0 1 0
0 0 0 0 0 1 0
0 0 0 0 1 0 0
0 1 0 0 0 0 0
0 0 0 0 1 0 0
0 0 0 0 1 0 0
0 0 0 1 0 0 0
0 0 0 0 0 1 0
0 0 0 0 0 1 0
0 0 0 0 0 1 0
0 1 0 0 0 0 0
0 0 0 0 1 0 0
0 0 0 0 0 1 0
0 0 0 0 1 0 0
0 0 0 0 0 0 1
0 1 0 0 0 0 0
0 0 0 0 0 1 0
0 0 0 1 0 0 0
0 0 0 0 0 1 0
0 1 0 0 0 0 0
0 1 0 0 0 0 0
0 0 1 0 0 0 0
0 0 1 0 0 0 0
1 0 0 0 0 0 0
0 0 0 0 0 1 0
0 1 0 0 0 0 0
0 1 0 0 0 0 0
0 0 1 0 0 0 0
0 0 0 0 0 0 1
0 0 0 0 0 0 1
0 0 0 0 0 0 1
0 0 0 0 1 0 0
0 1 0 0 0 0 0
1 0 0 0 0 0 0
0 1 0 0 0 0 0
0 0 0 1 0 0 0
0 0 0 0 0 1 0
0 0 1 0 0 0 0
0 0 0 0 0 0 1
0 0 1 0 0 0 0
0 0 1 0 0 0 0
0 1 0 0 0 0 0
0 0 0 0 1 0 0
0 0 1 0 0 0 0
0 0 0 0 1 0 0
0 0 0 0 1 0 0
0 0 1 0 0 0 0
0 0 0 0 0 0 1
0 0 0 1 0 0 0
1 0 0 0 0 0 0
0 0 0 0 1 0 0
0 0 1 0 0 0 0
1 0 0 0 0 0 0
0 0 0 0 1 0 0
0 1 0 0 0 0 0
0 1 0 0 0 0 0
0 0 1 0 0 0 0
0 1 0 0 0 0 0
0 0 0 0 0 1 0
0 1 0 0 0 0 0
0 0 0 1 0 0 0
0 0 0 0 0 1 0
0 0 0 1 0 0 0
0 0 0 0 0 1 0
0 0 0 1 0 0 0
0 0 0 0 0 1 0
0 0 1 0 0 0 0
0 1 0 0 0 0 0
0 0 0 0 1 0 0
0 1 0 0 0 0 0
0 0 0 0 0 1 0
0 0 0 0 0 0 1
0 0 1 0 0 0 0
0 0 0 1 0 0 0
0 0 0 1 0 0 0
0 0 1 0 0 0 0
0 1 0 0 0 0 0
0 0 0 1 0 0 0
0 0 0 1 0 0 0
0 0 0 1 0 0 0
0 0 0 0 0 0 1
0 0 0 0 0 0 1
1 0 0 0 0 0 0
0 0 0 1 0 0 0
0 0 0 0 0 0 1
0 0 1 0 0 0 0
0 0 0 0 1 0 0
0 0 0 0 0 1 0
0 0 1 0 0 0 0
0 1 0 0 0 0 0
0 1 0 0 0 0 0
0 1 0 0 0 0 0
0 0 0 0 1 0 0
0 1 0 0 0 0 0
0 0 0 1 0 0 0
0 1 0 0 0 0 0
0 0 1 0 0 0 0
1 0 0 0 0 0 0
0 0 1 0 0 0 0
0 0 0 0 0 1 0
1 0 0 0 0 0 0
0 0 0 0 1 0 0
0 1 0 0 0 0 0
0 0 0 0 0 0 1
0 0 0 0 0 1 0
1 0 0 0 0 0 0
0 0 1 0 0 0 0
0 1 0 0 0 0 0
0 0 0 0 1 0 0
0 0 1 0 0 0 0
0 0 1 0 0 0 0
0 0 0 0 1 0 0
0 0 1 0 0 0 0
0 0 0 0 0 0 1
1 0 0 0 0 0 0
1 0 0 0 0 0 0
0 0 0 0 1 0 0
0 0 1 0 0 0 0
0 0 0 1 0 0 0
1 0 0 0 0 0 0
0 0 1 0 0 0 0
0 0 0 0 0 1 0
0 0 0 0 0 0 1
1 0 0 0 0 0 0
1 0 0 0 0 0 0
0 0 0 0 0 1 0
0 1 0 0 0 0 0
0 0 1 0 0 0 0
0 0 0 0 1 0 0
0 0 0 0 0 1 0
0 0 0 0 0 1 0
0 0 0 1 0 0 0
0 0 0 0 0 0 1
0 0 0 1 0 0 0
0 0 0 0 0 0 1
0 0 0 1 0 0 0
0 1 0 0 0 0 0
0 0 0 1 0 0 0
0 0 0 0 0 0 1
1 0 0 0 0 0 0
0 1 0 0 0 0 0
0 0 0 1 0 0 0
0 0 0 1 0 0 0
0 0 0 0 1 0 0
0 0 1 0 0 0 0
0 0 1 0 0 0 0
0 0 0 0 0 1 0
1 0 0 0 0 0 0
0 0 0 0 0 1 0
1 0 0 0 0 0 0
0 0 0 0 1 0 0
0 0 0 0 1 0 0
1 0 0 0 0 0 0
0 1 0 0 0 0 0
0 0 0 1 0 0 0
0 0 0 0 0 1 0
0 0 0 1 0 0 0
0 0 0 1 0 0 0
0 0 0 1 0 0 0
0 0 1 0 0 0 0
1 0 0 0 0 0 0
0 0 0 0 0 0 1
0 0 0 1 0 0 0
0 0 0 0 0 0 1
0 0 1 0 0 0 0
1 0 0 0 0 0 0
0 1 0 0 0 0 0
0 1 0 0 0 0 0
1 0 0 0 0 0 0

Capacidades:
56 0 0 0 36 20 0
21 54 40 51 42 48 44
0 55 45 0 40 28 37
43 28 36 25 48 50 59
30 55 31 33 22 57 22
25 29 20 59 59 35 23
44 27 20 45 22 49 35
0 24 27 31 28 45 35
23 35 0 33 0 52 49
49 57 59 32 57 44 43
