m: 1000
n: 10
p: 7

Distancias:
5.81 2.34 1.75 2.65 7.04 2.11 2.48 8.71 6.39 4.96
2.71 4.62 2.55 3.87 8.76 6.58 5.56 2.68 8.11 2.29
7.88 1.71 1.36 1.77 5.20 6.92 8.61 5.41 4.43 6.52
4.89 2.76 1.78 8.60 2.00 4.26 7.97 8.62 6.46 4.75
9.47 4.95 4.25 1.75 1.81 2.51 1.13 1.76 5.79 9.28
5.89 4.45 6.20 2.35 9.25 9.41 3.10 2.24 5.26 8.90
6.40 1.95 7.85 2.40 3.11 1.93 4.28 3.50 6.50 9.51
9.08 6.81 3.93 4.26 7.28 9.11 8.73 9.49 6.64 1.76
3.43 5.49 9.08 4.51 7.49 9.19 7.12 9.48 9.80 2.79
3.76 5.45 6.78 3.80 7.94 6.56 4.16 9.75 1.51 2.08
1.06 1.82 4.24 6.99 6.30 2.32 9.26 5.45 9.30 4.34
1.67 6.52 8.38 4.15 8.60 6.65 4.49 2.20 9.66 5.16
1.49 3.55 8.55 8.09 9.18 8.85 9.04 5.53 1.32 9.63
5.35 4.39 6.30 7.32 4.21 3.17 6.46 9.35 9.59 7.07
6.55 5.08 5.06 4.76 5.08 4.52 8.87 6.11 9.35 7.28
7.58 9.82 8.17 7.68 2.38 8.74 8.22 6.56 6.53 5.05
6.75 3.10 5.37 6.88 6.83 1.27 2.67 6.72 9.85 6.81
8.87 4.80 6.27 6.96 6.36 2.53 1.24 7.61 4.51 1.40
3.82 7.37 8.06 7.66 8.22 2.89 5.68 9.43 3.92 3.80
3.46 2.37 5.76 4.49 3.14 7.94 4.94 6.47 4.07 8.17
6.96 2.63 6.06 7.08 7.42 9.72 5.47 3.44 9.91 8.70
1.89 7.14 4.89 8.54 3.04 5.24 3.97 1.12 6.44 5.49
2.69 1.94 9.44 9.38 4.21 9.94 3.01 7.88 6.29 5.92
6.22 8.32 5.28 8.29 1.48 5.42 3.46 1.76 4.27 6.34
6.41 1.15 2.85 6.63 2.02 2.67 4.46 2.59 9.51 4.11
1.13 2.89 4.63 8.30 7.67 4.05 9.13 2.71 4.84 2.10
8.28 4.58 7.62 8.04 8.08 4.19 2.16 3.93 4.07 5.40
4.90 8.45 4.96 8.61 2.59 5.63 9.61 7.58 9.11 7.13
9.75 5.51 2.60 7.08 1.54 2.85 4.49 5.55 8.17 6.40
2.53 4.27 7.26 5.96 4.44 1.27 2.30 9.59 4.64 5.08
7.24 9.91 6.16 9.75 9.43 4.85 4.11 5.45 9.11 3.30
8.06 5.02 8.41 8.63 2.02 9.40 2.89 9.35 6.79 7.94
6.33 8.70 4.48 9.83 9.81 1.52 2.87 3.92 7.55 3.87
1.71 5.17 7.32 5.38 9.13 1.06 4.44 2.26 8.73 2.02
6.35 2.03 4.24 3.81 6.12 4.03 1.33 9.59 8.02 3.55
8.22 9.35 5.70 8.56 1.08 6.87 5.67 8.34 4.20 2.93
3.29 2.32 2.09 9.18 1.55 5.08 9.02 8.12 7.71 6.39
4.79 4.96 4.11 8.96 1.03 3.89 9.50 7.77 2.48 6.64
3.38 1.13 8.71 6.60 7.72 2.97 5.38 1.65 3.08 2.73
7.81 5.33 5.41 2.33 5.11 7.18 8.21 8.02 3.88 6.40
7.34 7.46 2.68 8.27 4.65 2.57 4.42 3.67 7.18 3.50
6.06 2.43 1.11 6.76 9.87 9.18 2.72 3.88 4.83 7.54
7.34 7.01 2.45 3.83 1.73 4.51 1.02 7.37 2.59 1.83
2.14 3.11 3.39 9.78 5.45 5.25 7.98 9.50 3.55 6.80
6.29 9.16 6.80 1.51 6.47 1.24 6.77 9.00 6.07 9.99
5.67 2.79 6.90 6.77 7.59 6.61 9.24 4.55 3.78 8.01
2.62 1.85 1.38 2.19 6.26 6.26 9.88 7.20 3.79 5.14
5.03 1.37 6.90 1.48 2.96 1.43 9.56 8.27 7.47 4.52
7.31 6.03 8.44 9.20 1.31 5.98 8.04 1.98 2.92 1.26
3.03 3.70 1.94 1.88 8.36 9.79 5.54 9.50 7.79 6.00
6.79 6.88 9.03 4.08 6.01 1.62 6.53 4.97 2.98 6.42
9.68 5.31 6.91 9.16 2.72 3.94 7.14 4.12 2.97 4.79
2.27 2.61 5.50 9.90 6.51 2.28 6.15 5.49 7.39 5.44
9.33 9.06 9.03 1.17 8.19 4.71 2.44 2.54 4.58 4.82
9.65 3.49 9.93 2.00 9.36 9.00 2.18 3.52 3.35 1.65
9.62 6.84 2.34 5.33 4.51 9.92 2.51 1.72 5.55 4.39
4.40 9.48 4.17 8.88 7.89 3.79 7.21 5.03 4.74 4.39
1.34 8.07 2.07 6.83 3.21 6.02 8.50 9.07 1.42 6.05
6.93 7.93 6.67 2.31 9.76 2.56 8.89 4.54 4.51 7.79
4.73 6.36 4.61 5.46 9.53 6.41 1.85 6.98 4.80 2.03
1.39 2.51 5.44 6.12 1.70 2.30 9.19 7.96 8.85 3.86
3.93 1.20 9.18 3.79 2.88 6.26 6.55 1.56 4.84 6.72
6.03 9.69 9.88 2.99 2.23 1.58 6.62 8.90 3.31 7.82
9.58 9.52 5.18 8.85 5.70 2.44 7.71 3.17 4.76 3.54
4.77 9.67 3.27 8.01 6.58 2.41 7.58 1.85 7.08 2.88
7.67 3.48 1.65 7.03 4.76 9.65 3.31 5.38 5.81 6.15
5.57 5.82 3.07 6.48 3.72 6.69 7.83 3.42 3.17 7.92
1.15 1.30 1.31 8.35 4.02 9.67 6.92 1.76 4.46 2.15
9.53 5.99 8.30 3.68 5.82 9.79 8.38 5.26 7.06 2.37
2.32 7.39 3.35 2.45 3.27 6.02 2.97 7.05 9.03 5.88
6.16 4.70 1.31 2.38 8.24 8.38 5.38 3.38 1.18 1.99
2.89 6.86 7.11 9.51 8.84 6.81 4.45 3.11 4.51 5.49
6.67 6.02 3.35 5.09 2.29 6.36 2.00 5.38 3.60 9.45
4.49 5.19 4.22 5.41 6.97 3.09 6.39 4.37 8.26 1.88
1.01 2.18 4.00 7.58 9.31 7.36 9.49 1.14 3.48 8.28
5.34 7.57 7.68 8.11 9.67 3.91 1.01 9.07 4.38 3.18
8.96 2.92 7.00 6.76 6.91 4.55 2.43 7.66 3.61 2.20
4.90 7.12 4.95 4.33 7.68 2.50 7.47 4.30 5.92 7.24
6.39 7.90 8.96 4.77 7.75 3.50 3.72 2.75 8.90 7.11
6.40 4.50 6.77 2.41 9.47 3.43 9.91 6.60 4.76 5.21
5.56 3.22 1.49 4.38 4.39 2.21 3.58 4.10 5.08 5.81
1.53 1.75 3.06 5.77 1.63 3.65 9.79 6.43 4.58 6.27
9.70 1.97 4.17 6.58 2.50 8.07 2.08 8.14 9.75 2.79
4.32 6.42 8.85 1.95 2.54 4.74 5.26 5.43 3.69 5.51
3.00 8.95 8.94 4.20 3.78 1.70 9.21 7.47 6.81 7.96
5.96 5.86 4.11 5.05 9.52 4.86 2.39 1.63 6.08 8.37
1.12 7.11 8.54 4.49 8.67 1.44 3.64 8.29 3.26 7.76
1.96 3.72 6.66 5.18 3.28 1.94 1.57 3.91 6.86 2.87
6.46 5.26 3.36 4.22 3.69 8.23 3.17 7.95 3.39 2.73
2.58 9.41 7.87 8.12 5.14 4.70 8.49 7.97 4.83 9.15
9.99 8.79 3.23 1.12 9.89 1.68 9.28 5.13 2.20 2.39
8.43 1.41 6.16 6.92 1.11 3.03 4.65 9.48 7.50 7.16
8.64 2.98 6.25 5.91 3.02 1.65 4.17 3.03 8.19 7.83
9.15 1.09 7.35 6.39 6.62 7.98 9.58 5.75 4.61 7.08
1.26 2.17 5.91 8.58 3.49 3.37 4.93 4.68 3.94 6.83
1.71 8.57 4.90 8.85 4.05 7.32 9.08 9.49 6.55 2.13
1.63 3.83 5.56 3.28 1.96 9.67 1.22 3.93 2.42 7.44
1.12 9.94 5.14 2.06 3.30 2.88 7.13 7.15 3.47 6.52
1.50 8.46 2.45 3.32 9.74 8.27 5.76 9.01 9.17 1.22
8.09 3.85 2.50 6.87 3.08 9.52 7.05 6.20 3.31 9.63
9.57 1.07 6.34 1.57 7.09 3.70 7.30 9.64 6.78 7.90
6.41 7.52 1.07 6.36 3.51 7.03 3.24 9.37 2.45 8.54
3.55 9.24 3.19 3.25 3.99 1.75 3.09 6.40 7.57 4.39
9.40 6.02 8.06 6.86 4.21 2.17 1.27 4.28 3.30 4.40
3.96 3.46 8.35 9.15 3.31 3.17 2.33 7.30 9.86 4.03
5.56 8.27 9.34 7.23 5.08 1.80 7.83 3.76 4.62 6.50
1.63 5.23 2.24 8.12 4.27 9.88 4.63 3.01 1.54 9.96
5.46 8.51 9.66 2.83 9.55 8.23 4.05 9.76 8.83 7.85
1.80 2.75 4.98 3.46 5.27 4.23 6.94 6.21 6.19 4.13
1.18 5.90 7.54 5.93 8.03 6.09 9.63 7.87 5.00 4.82
1.94 5.08 6.99 8.34 5.15 1.62 7.40 8.88 1.18 6.03
2.82 7.74 1.25 5.47 1.92 6.43 4.21 10.00 8.52 6.19
3.07 7.96 9.53 9.71 3.79 9.18 2.87 1.75 2.93 7.22
7.44 8.94 7.96 6.93 4.65 1.98 9.49 1.90 1.09 2.40
2.91 2.58 9.10 9.25 5.59 9.81 3.13 4.92 2.72 6.25
3.19 4.85 8.30 8.29 1.00 3.57 4.89 8.75 3.99 4.61
4.67 6.21 8.96 6.97 4.97 2.66 4.37 4.90 4.05 2.14
3.52 6.65 8.95 5.47 7.07 3.17 2.94 9.71 3.49 7.15
5.95 8.62 7.45 8.55 5.69 8.94 3.39 9.44 8.41 8.75
9.67 4.85 4.05 1.80 1.01 3.62 6.49 6.78 1.37 3.58
5.03 2.30 9.48 2.87 2.23 3.91 8.65 8.62 3.26 1.92
9.25 7.51 9.29 8.53 4.12 2.37 1.06 3.29 5.79 3.00
7.35 5.07 7.06 2.49 9.03 9.63 1.70 1.58 5.28 5.68
5.90 1.69 7.84 5.50 5.16 2.29 5.46 2.93 5.91 8.86
2.16 9.24 4.86 3.29 7.11 2.40 7.51 3.21 7.39 4.49
6.97 5.09 6.05 6.82 1.15 4.57 7.97 4.85 7.97 7.58
6.06 1.10 2.58 7.01 2.78 2.56 7.71 5.54 4.64 6.37
1.40 2.72 6.48 7.87 3.60 9.54 5.68 7.70 6.70 2.21
6.04 9.98 9.95 5.01 9.48 6.31 9.52 4.73 5.75 2.54
9.23 5.15 5.65 9.39 6.02 1.47 3.71 3.08 9.17 2.08
2.63 2.24 5.26 9.67 6.68 1.16 4.54 5.67 6.22 2.53
1.67 8.82 5.83 8.70 5.30 6.96 8.96 8.84 6.88 1.59
2.61 5.46 1.24 4.63 8.77 9.29 6.15 2.85 5.57 7.09
3.22 5.23 2.63 1.08 5.57 8.92 7.47 9.35 2.50 2.93
4.05 2.93 2.89 3.89 2.54 5.56 5.28 5.52 6.09 1.44
7.99 3.89 7.86 5.66 5.15 6.42 2.28 5.67 6.76 7.54
8.02 3.82 2.90 2.23 7.16 4.86 4.28 5.20 6.28 1.70
7.84 8.57 8.57 9.63 5.12 2.30 4.86 1.72 2.16 3.85
4.97 4.89 7.02 8.71 1.78 6.84 1.50 3.53 4.72 4.07
8.72 4.77 3.32 1.63 5.34 1.17 2.22 6.27 6.84 1.32
1.92 5.84 9.93 9.11 8.15 8.47 7.05 2.59 9.19 3.42
9.01 9.56 4.57 3.20 6.33 3.31 2.19 5.72 3.13 6.25
5.26 9.05 8.86 2.72 6.80 6.13 8.31 3.84 3.85 3.86
3.52 5.49 1.05 3.25 9.34 7.19 9.89 3.53 4.32 1.60
7.12 7.66 3.05 8.97 8.57 4.52 9.20 9.12 5.86 4.36
8.21 8.68 4.59 4.70 4.34 2.84 2.72 6.23 4.73 6.51
6.00 3.26 1.15 6.58 9.97 2.15 7.21 5.05 3.44 7.00
8.93 8.98 3.41 6.68 9.61 7.09 6.52 7.02 9.44 2.96
5.05 2.29 3.65 5.30 8.05 5.74 1.62 1.57 8.74 7.32
1.33 1.78 3.75 8.54 6.03 9.87 4.31 7.75 2.72 7.30
3.25 9.86 8.25 6.32 4.74 1.99 3.83 4.61 4.11 2.28
3.54 9.54 7.26 5.19 2.69 7.13 6.69 7.49 6.34 3.98
2.90 6.32 8.28 9.06 2.28 6.88 7.98 7.60 9.84 2.25
6.16 1.64 5.54 3.32 4.39 9.35 6.79 3.08 7.41 2.99
7.31 1.34 9.07 6.65 2.61 9.66 9.28 1.57 7.58 3.09
2.44 6.28 2.54 8.87 1.39 6.62 4.92 2.14 7.11 5.73
6.81 3.24 3.35 2.98 2.19 3.95 1.09 1.96 6.77 2.23
9.93 2.63 3.20 9.21 5.20 6.68 7.18 3.01 7.41 3.27
7.91 2.32 2.37 6.33 8.88 7.26 8.73 7.63 9.14 5.28
6.97 3.09 8.48 4.73 9.97 3.79 6.72 1.27 6.56 8.74
8.89 6.94 6.62 8.80 9.51 8.42 2.59 2.03 4.02 1.36
7.53 5.56 8.84 3.15 7.05 5.80 9.92 4.54 2.14 2.38
8.65 6.62 8.31 7.75 3.90 8.91 7.24 9.06 1.21 8.59
4.04 9.23 7.30 8.77 3.73 4.62 8.47 8.65 7.94 8.03
9.50 1.18 3.39 4.83 6.19 9.07 3.95 1.74 5.50 6.21
8.88 5.63 7.45 8.01 7.66 8.36 5.35 9.17 7.86 7.71
5.98 9.16 4.66 6.68 3.73 4.41 6.34 1.90 6.85 9.19
7.33 7.18 3.94 7.70 1.88 4.81 1.58 8.68 3.47 3.51
4.79 5.11 5.93 5.51 2.26 9.73 4.88 4.28 1.14 7.72
1.68 9.22 1.06 1.73 5.81 4.52 4.04 9.86 2.10 10.00
6.09 7.68 5.31 5.97 2.38 6.17 3.51 8.74 2.95 4.18
4.12 5.05 2.27 4.32 5.58 4.58 5.84 1.98 9.26 3.67
3.13 3.31 1.08 6.03 6.15 3.62 8.37 6.89 9.07 1.68
6.24 7.47 3.41 7.79 7.01 7.50 2.57 9.13 6.43 5.57
9.22 1.04 4.73 8.99 8.09 6.26 8.17 3.12 6.68 5.19
4.95 3.17 10.00 3.47 8.07 4.39 6.14 8.90 5.33 3.56
6.83 3.29 2.37 6.55 5.78 8.57 1.34 6.37 1.20 2.80
8.09 3.01 7.98 2.47 1.65 2.44 9.05 8.24 7.54 7.72
7.91 9.93 9.85 6.63 2.62 5.80 3.64 2.63 9.97 3.05
6.27 6.65 2.42 1.51 3.58 3.82 8.99 8.44 7.18 3.38
3.52 4.83 1.88 9.85 8.85 7.13 6.51 9.44 6.43 8.10
9.78 7.25 3.16 5.27 2.08 6.87 6.18 2.33 9.33 3.54
2.80 6.77 8.51 6.46 1.95 8.03 2.91 9.60 6.62 5.67
2.05 1.30 9.55 4.43 7.13 5.51 9.37 7.85 7.63 6.05
3.60 7.62 6.79 8.05 5.87 6.40 5.84 7.66 7.41 2.56
1.19 2.68 3.46 3.88 2.87 6.09 3.18 5.69 3.43 5.46
4.72 1.06 2.24 8.59 4.24 2.58 2.39 6.99 6.90 7.10
5.59 6.48 3.49 4.53 4.15 2.93 9.89 7.38 9.20 1.30
9.95 2.93 1.94 9.92 3.12 7.19 2.59 7.39 9.79 1.06
8.62 7.65 9.06 3.15 1.70 5.29 9.98 8.16 9.79 1.11
5.81 5.10 8.74 5.81 5.63 1.01 6.08 4.70 4.61 3.75
6.57 4.96 4.36 6.43 2.81 2.40 8.37 5.25 3.05 3.52
4.75 5.86 4.31 4.11 7.54 1.09 4.75 3.38 3.66 5.05
8.70 1.67 1.48 9.68 6.78 9.07 7.14 9.67 5.82 1.80
1.65 2.38 7.76 5.92 1.20 2.91 6.89 4.17 7.15 8.68
9.91 9.04 9.86 7.42 6.33 6.21 8.05 5.75 9.44 5.42
8.03 8.12 6.90 4.78 6.49 2.86 1.25 3.41 3.29 4.14
8.39 8.81 3.67 9.15 8.94 6.71 8.31 7.62 9.08 8.16
3.96 8.06 6.45 4.95 3.58 9.71 8.56 4.12 3.72 6.88
2.95 9.46 4.93 9.63 9.27 1.80 9.58 8.57 5.46 7.05
6.20 7.58 7.62 1.02 1.36 3.20 7.28 6.57 1.23 1.45
4.77 3.46 4.08 5.31 2.13 9.63 8.80 5.74 1.27 6.95
8.99 9.44 5.32 9.62 9.64 6.93 9.41 3.70 7.39 4.44
3.17 2.02 7.98 9.76 3.45 3.94 7.79 6.76 3.63 3.25
1.57 3.21 7.44 3.25 3.04 6.74 7.08 2.13 1.98 3.07
7.96 3.65 6.36 1.44 5.67 8.88 6.19 2.13 3.81 7.47
2.02 1.26 7.52 4.94 7.11 3.23 1.45 8.21 3.18 5.17
3.71 4.51 1.79 3.87 6.26 8.81 2.95 2.36 9.76 7.13
5.18 6.71 7.14 1.35 2.06 4.28 1.87 7.01 2.79 3.12
1.37 2.36 6.81 4.55 3.44 9.87 4.17 7.53 5.36 3.08
1.88 6.26 4.65 7.20 5.26 3.68 8.27 2.90 4.27 8.34
9.56 7.11 5.25 5.23 4.38 9.26 2.42 4.50 8.51 1.83
2.31 1.99 6.95 9.33 9.47 9.02 4.66 2.87 3.74 6.32
3.47 1.39 1.17 7.27 6.81 2.71 3.62 1.58 3.48 8.82
8.65 1.76 9.64 3.00 3.53 8.00 1.28 9.48 4.53 2.44
5.63 5.52 5.99 7.82 3.13 1.93 8.07 5.18 2.17 3.73
2.52 3.41 9.87 7.92 3.01 5.55 6.06 1.64 2.01 4.85
4.77 5.92 1.87 7.41 4.09 4.77 5.76 9.87 9.77 7.49
4.18 9.01 5.83 2.95 5.86 8.72 3.55 2.71 2.58 9.22
7.89 2.01 4.87 5.08 3.39 4.87 3.54 6.54 6.18 9.20
4.59 9.43 8.03 6.03 9.80 4.41 3.75 1.14 2.32 5.28
4.75 4.97 9.48 1.52 6.13 2.87 8.96 4.47 1.89 1.77
9.80 4.98 4.48 3.11 6.31 4.78 6.92 6.94 2.60 3.26
9.75 7.91 5.70 1.73 8.13 4.34 1.35 3.12 1.23 7.19
3.50 6.65 9.53 8.10 9.87 1.24 6.88 2.32 6.53 6.69
4.66 6.21 9.49 1.26 7.78 6.79 6.63 5.98 3.34 6.25
5.97 6.40 6.63 1.22 9.21 9.06 9.33 3.83 3.86 4.87
7.25 7.34 6.67 3.45 5.84 2.59 4.00 6.60 6.74 8.85
2.80 8.68 6.88 4.35 7.75 1.71 1.81 9.47 3.59 7.90
4.36 3.93 7.74 9.11 7.35 3.36 2.72 8.12 8.94 6.15
9.11 8.15 5.80 9.28 1.69 2.08 9.06 4.57 1.37 1.40
9.89 2.03 5.64 9.84 3.10 9.54 2.45 4.04 6.22 8.15
6.77 8.23 4.60 3.71 9.58 4.87 3.01 1.16 1.50 1.50
6.91 3.25 7.35 3.31 2.56 8.57 3.39 5.26 1.08 8.16
2.37 3.61 6.98 2.32 6.61 3.93 6.90 8.20 7.41 9.98
9.50 6.60 6.46 5.27 6.93 1.44 7.78 9.61 3.31 7.53
3.68 5.01 7.84 7.65 1.43 6.31 1.39 5.58 8.52 1.81
2.51 4.23 8.14 5.82 8.13 9.78 2.45 9.18 2.38 1.85
6.30 9.46 8.63 6.17 2.02 7.28 6.38 3.41 3.29 1.04
9.82 1.94 3.68 4.72 3.03 3.72 5.41 9.54 6.15 1.94
4.35 6.08 9.40 1.50 5.07 9.91 1.09 3.45 5.83 6.73
1.43 6.40 8.09 5.51 3.94 5.30 2.75 6.49 9.33 5.00
8.33 9.47 8.12 7.90 3.57 5.70 5.61 8.72 9.58 2.12
2.42 6.34 5.68 6.77 8.26 5.69 1.23 8.99 2.48 3.28
8.08 7.88 6.45 7.79 1.85 5.69 2.96 5.04 8.36 7.58
6.59 8.10 8.47 5.37 3.36 3.30 4.23 2.75 4.83 4.72
7.18 5.89 4.54 8.75 4.09 4.43 1.64 8.06 7.59 4.01
6.73 7.08 8.26 8.59 3.64 7.82 1.24 1.88 4.31 8.79
5.95 3.04 3.10 7.97 8.35 9.02 9.89 1.45 5.85 9.58
6.36 5.73 4.62 1.68 9.47 1.91 9.44 7.77 3.64 1.60
1.36 1.59 4.01 7.31 7.14 7.39 1.69 8.69 4.56 2.04
9.03 2.15 9.38 5.00 8.05 3.48 5.00 9.89 1.79 9.54
1.14 8.18 6.20 7.50 6.59 4.07 4.88 7.21 7.74 9.49
3.22 3.83 1.55 5.77 7.82 9.75 7.37 3.64 4.96 8.38
4.51 6.94 4.33 6.43 9.49 1.06 3.51 7.71 9.56 7.03
3.03 7.88 4.69 2.71 3.39 2.21 7.04 1.23 8.73 3.04
4.80 6.23 2.33 7.44 8.47 7.53 9.65 1.03 6.44 9.57
1.29 3.49 4.14 9.92 3.86 1.51 6.75 9.72 3.99 8.52
3.34 3.91 1.73 4.00 5.27 4.29 6.33 7.50 6.63 1.84
6.10 7.77 4.58 5.46 5.73 5.18 1.32 5.68 8.50 1.38
4.89 1.92 1.59 5.38 5.46 9.57 8.27 5.76 4.98 7.19
5.29 3.53 4.96 8.61 8.54 1.98 4.87 7.52 7.82 2.67
4.95 1.60 4.73 8.14 4.64 7.45 1.20 4.18 1.46 7.39
5.83 7.31 4.60 3.60 7.62 6.46 2.67 2.00 7.49 4.18
3.24 6.82 1.93 9.47 2.85 7.31 1.31 8.13 3.40 8.53
9.39 3.36 3.46 5.50 2.88 4.39 4.43 3.76 4.73 5.23
6.16 1.24 9.00 3.81 6.95 6.42 4.76 8.03 1.84 2.30
6.20 2.65 1.53 3.83 5.54 7.26 6.83 8.60 2.88 7.02
8.77 9.37 2.96 5.56 4.15 4.82 6.85 8.21 2.19 9.80
2.93 6.64 5.08 1.48 6.17 4.66 7.43 6.54 1.32 3.36
6.58 4.80 5.28 6.17 5.81 5.24 4.48 8.10 3.41 8.77
8.92 3.99 8.41 6.56 3.71 4.45 6.16 5.93 1.21 1.40
8.08 2.42 3.06 5.19 3.73 4.23 7.94 2.41 7.47 4.68
4.80 4.89 1.37 2.48 3.16 7.95 6.95 2.39 1.13 3.18
8.60 7.52 2.62 7.13 8.10 10.00 8.51 1.06 9.09 1.21
4.32 8.15 1.06 1.85 4.17 1.02 9.39 7.57 3.77 6.78
1.27 6.36 9.60 3.84 1.25 9.71 5.87 4.91 2.64 2.48
1.91 3.14 9.08 3.97 9.46 6.48 2.43 2.95 9.84 7.87
6.59 8.72 5.17 6.11 9.13 6.03 5.56 1.69 6.10 6.53
9.52 6.71 2.87 8.83 1.09 8.36 8.14 8.87 7.51 5.16
1.18 4.87 4.36 6.48 3.82 6.88 5.52 3.01 9.24 9.98
3.30 8.07 6.36 1.23 3.28 4.35 9.95 1.72 8.30 3.28
1.23 7.29 2.35 6.13 8.28 8.95 6.43 5.10 9.60 1.50
7.94 5.42 8.80 7.79 2.41 6.35 5.66 8.07 1.45 7.66
3.39 6.99 5.40 3.56 5.83 3.96 8.70 3.75 6.14 1.71
1.07 9.48 5.12 3.09 9.94 4.36 3.94 4.72 5.76 3.77
8.65 5.63 2.29 2.18 6.04 6.48 7.28 9.28 7.74 8.70
3.00 6.52 6.26 8.69 5.46 8.50 6.20 6.42 1.19 8.13
8.33 7.08 7.07 8.60 7.94 1.20 9.86 3.89 9.59 6.68
1.89 1.71 5.02 7.86 2.69 4.95 2.70 8.62 1.97 3.55
7.96 1.60 2.60 5.68 5.95 4.76 2.43 6.98 1.01 8.67
1.39 5.00 4.67 2.56 2.75 5.50 4.36 1.93 7.33 4.18
3.79 8.03 5.39 8.42 9.52 4.49 8.95 3.79 8.59 1.06
8.57 8.88 5.98 4.65 7.16 5.16 8.69 2.30 3.63 3.13
6.22 3.60 9.42 5.98 4.07 4.15 2.48 4.93 2.55 9.67
7.60 1.68 8.15 4.07 4.01 8.74 6.46 1.20 2.73 5.63
7.24 1.47 2.59 3.14 7.52 9.11 6.29 6.13 5.95 8.96
2.37 7.83 4.34 8.31 3.64 4.84 3.09 6.79 3.68 1.92
8.17 8.36 9.93 2.00 5.73 4.62 7.00 6.48 1.37 4.07
5.41 4.98 7.82 9.51 8.24 8.45 4.50 8.34 9.57 8.70
4.89 3.43 4.78 8.25 4.21 1.76 7.02 3.37 1.43 5.71
4.67 3.16 7.63 5.18 4.18 7.45 5.53 3.27 2.91 8.73
9.51 2.36 2.82 8.91 6.40 5.60 5.04 1.40 1.20 6.10
9.65 4.22 8.64 2.10 8.69 8.34 2.75 8.02 9.14 6.02
4.14 8.83 3.17 8.82 3.18 5.51 8.59 8.23 6.15 2.96
4.48 2.88 4.89 3.39 3.55 5.50 3.22 9.52 9.77 2.09
4.94 8.48 2.41 6.57 7.77 9.62 4.27 4.21 6.73 1.32
6.16 1.25 6.13 3.11 1.36 8.36 3.20 9.96 7.00 7.01
6.60 3.64 5.82 2.14 3.67 4.58 4.67 1.53 2.35 8.71
4.23 1.81 2.35 1.41 3.80 4.62 2.11 9.99 7.84 3.21
3.47 4.38 4.05 9.39 1.64 5.97 1.19 3.57 6.20 7.61
2.76 5.75 7.62 6.89 1.55 4.78 8.20 8.88 4.28 8.83
2.42 7.13 6.30 1.92 6.94 2.49 2.88 8.27 3.98 7.15
1.08 9.49 1.07 3.17 9.63 4.30 5.11 6.79 1.32 7.56
6.88 5.51 4.94 5.01 2.24 3.02 2.91 4.50 4.42 4.95
4.04 8.69 6.83 9.77 1.16 7.44 6.82 1.84 7.76 6.78
4.04 6.26 3.54 1.01 3.77 9.68 5.84 2.98 3.61 3.02
5.05 3.55 2.70 9.39 2.40 3.77 3.00 9.81 8.56 5.75
5.75 1.06 7.46 1.50 7.89 9.76 7.00 7.82 3.49 1.01
5.48 8.62 6.24 7.66 9.12 7.97 7.26 6.72 1.31 4.78
2.93 4.36 9.43 2.85 3.47 4.44 8.47 2.70 4.47 7.04
5.82 2.90 2.06 3.36 7.17 6.11 8.65 4.18 3.08 7.29
9.77 5.48 2.10 5.67 4.79 9.48 9.39 9.70 6.72 5.99
1.71 2.04 9.02 6.52 4.06 1.60 6.90 8.64 5.19 2.61
5.09 3.10 2.04 6.74 5.23 8.95 1.31 5.75 5.41 5.51
6.95 5.49 3.70 8.97 1.32 6.26 8.36 9.19 5.45 1.13
8.25 6.52 4.80 7.46 9.93 9.10 5.59 2.01 9.60 7.99
8.61 6.61 3.11 6.64 9.34 5.68 8.81 4.83 5.69 5.91
7.56 9.70 7.03 8.30 3.58 9.93 1.75 2.29 7.96 4.66
6.32 9.04 7.31 5.69 4.75 7.92 8.88 6.79 9.29 2.48
6.85 1.81 9.71 7.12 3.03 4.66 6.03 4.16 5.78 3.95
4.31 6.31 1.99 6.10 2.18 6.28 5.40 4.87 3.84 6.84
1.86 1.97 6.26 2.69 1.78 3.05 8.75 3.61 5.54 5.34
1.41 8.14 6.85 6.21 2.45 9.07 2.01 9.94 7.75 4.42
9.06 6.70 7.80 8.02 7.36 7.07 5.58 1.78 6.12 7.49
5.59 1.10 8.84 7.11 4.45 1.31 9.43 9.61 4.42 7.54
4.04 7.95 3.51 7.56 8.58 9.79 5.05 7.29 5.11 7.86
4.78 5.93 8.92 8.29 5.88 9.36 7.19 3.56 5.50 8.01
5.00 9.94 3.12 4.83 9.46 3.62 9.37 3.85 3.71 9.36
4.20 2.56 3.82 4.07 8.23 8.20 8.28 5.56 9.52 3.92
1.10 9.62 2.41 1.24 1.27 8.06 1.23 5.24 7.07 2.25
9.44 3.80 1.52 2.68 1.76 3.56 6.19 7.01 1.23 9.65
7.72 8.31 9.26 2.94 2.66 2.52 8.77 7.06 3.43 8.49
9.37 5.76 5.20 4.16 8.01 4.53 4.59 3.79 2.67 6.03
5.34 7.31 5.10 3.60 7.57 6.38 2.14 7.38 9.49 2.39
1.26 2.50 8.67 3.29 1.55 1.26 6.49 7.93 8.01 7.78
4.86 7.74 4.89 5.47 1.91 1.05 7.06 9.00 1.16 2.91
4.45 7.23 6.35 5.44 6.20 1.89 3.45 5.32 3.80 2.33
8.34 7.75 6.25 7.20 6.63 8.01 2.32 3.84 9.78 7.37
8.95 1.11 4.02 4.60 4.52 8.39 4.40 8.05 6.29 2.22
8.13 6.18 1.30 3.65 2.99 4.36 1.23 4.88 6.69 1.76
7.97 7.54 5.79 9.60 7.48 3.22 1.70 7.69 5.53 1.21
5.39 5.43 6.99 9.16 3.24 7.65 2.58 2.19 7.06 2.10
3.68 4.09 8.80 1.65 7.99 8.57 4.48 9.85 9.90 8.65
8.13 4.37 6.60 6.10 1.22 2.77 6.96 2.29 1.97 1.59
3.08 2.62 8.54 4.10 3.75 6.09 9.43 7.33 1.25 4.32
8.62 7.51 4.22 6.73 2.81 2.31 5.89 7.95 5.84 6.51
1.19 3.68 6.59 4.64 4.02 4.04 6.85 3.59 4.64 2.80
6.19 9.15 7.44 6.38 1.35 5.30 7.51 3.48 7.86 9.87
8.79 2.86 4.25 6.72 2.23 8.08 8.48 3.72 5.29 4.93
3.32 6.98 4.40 3.33 5.14 6.53 6.10 1.75 9.12 6.24
7.28 2.04 4.27 8.62 7.07 7.23 7.35 4.53 7.40 2.53
3.08 3.94 3.74 5.77 4.01 6.48 2.55 9.03 6.99 9.71
7.94 6.52 8.74 9.40 1.38 9.26 2.36 6.11 3.36 1.19
4.32 4.97 1.50 3.97 2.13 9.86 2.80 9.99 1.01 9.67
1.85 3.64 7.26 5.84 9.61 1.99 2.01 5.03 3.73 6.46
2.18 3.37 4.40 8.66 9.06 6.01 9.28 1.89 1.98 6.13
9.77 5.65 8.35 3.52 9.33 4.08 6.45 6.15 4.36 1.55
8.09 1.78 2.98 5.48 4.60 4.54 4.98 6.35 5.78 8.42
7.83 8.39 5.74 8.67 2.70 4.37 1.21 9.34 6.86 1.18
1.11 1.52 5.09 2.65 5.84 8.68 8.09 1.35 7.18 7.96
2.41 8.01 5.63 9.49 1.56 2.24 4.87 3.18 8.57 2.42
9.18 9.04 2.67 3.89 8.47 6.85 3.30 8.37 9.39 6.67
1.60 4.45 2.24 2.23 4.29 1.31 6.27 8.94 3.38 4.94
4.20 5.03 7.99 2.66 5.08 2.88 2.92 2.76 7.09 1.30
2.26 6.88 2.86 6.08 9.69 7.78 2.21 1.73 5.56 8.41
6.85 8.12 9.43 7.02 7.38 4.37 3.82 6.42 4.40 4.96
9.12 1.01 8.92 8.66 2.28 9.25 9.44 4.86 5.84 2.97
2.74 7.88 4.26 5.87 2.99 3.10 9.70 3.49 3.60 8.25
3.48 1.17 3.76 8.63 1.38 2.08 7.30 5.52 8.12 9.51
5.59 2.63 3.55 5.82 9.95 8.87 5.52 3.04 4.38 6.76
1.26 3.13 6.89 9.79 6.63 4.19 6.35 5.80 2.79 7.98
3.26 6.77 9.77 2.51 2.08 3.95 8.64 4.94 5.40 3.76
7.54 9.75 1.35 3.92 4.12 3.78 5.23 3.00 4.77 5.17
9.38 5.89 1.64 5.60 4.75 8.27 4.05 3.59 6.32 6.44
1.38 1.50 6.35 5.05 4.65 5.57 4.01 7.30 5.84 6.02
7.43 2.39 1.57 5.24 4.23 2.26 5.82 3.25 3.45 7.75
7.94 1.27 2.06 5.54 8.93 1.29 6.84 9.16 7.69 7.02
10.00 2.37 5.68 9.28 4.46 2.02 9.35 5.09 6.96 8.24
6.34 2.05 4.27 5.71 6.01 3.68 7.18 6.04 8.40 4.77
3.32 4.82 1.77 5.91 1.18 1.18 8.26 8.80 1.64 6.34
2.60 7.84 4.10 5.19 4.33 2.59 1.35 5.27 10.00 3.05
4.14 7.59 3.91 4.37 2.63 6.00 7.70 5.23 6.18 9.07
2.58 9.52 5.42 6.61 8.47 3.70 5.09 8.29 3.33 6.58
3.80 8.89 4.85 4.86 3.72 1.92 4.42 4.67 1.30 4.30
7.74 9.96 6.10 9.07 2.51 8.16 3.67 9.41 7.46 8.12
5.29 1.70 4.69 4.91 2.94 9.84 6.43 9.03 1.43 6.31
3.39 4.72 4.83 5.10 2.72 8.83 3.84 5.90 1.89 9.58
9.58 1.11 1.16 1.09 5.22 3.37 5.56 3.79 5.36 3.00
8.94 3.09 3.95 6.54 8.73 5.26 9.16 6.26 6.80 5.75
1.80 2.40 2.67 9.82 6.24 6.93 7.95 1.71 9.14 6.37
9.64 7.91 1.50 8.87 1.94 7.23 2.48 6.37 1.48 2.13
8.34 6.04 3.54 3.80 5.50 1.62 2.56 3.08 5.46 4.54
1.65 5.33 3.03 2.63 4.19 1.84 3.99 4.26 4.20 5.52
9.50 2.84 5.30 9.71 1.39 7.39 1.55 4.07 1.48 6.51
9.42 9.63 5.79 4.47 3.10 2.82 3.41 8.46 2.09 8.41
7.62 8.65 8.87 3.27 9.92 7.11 5.33 5.38 2.00 9.70
7.78 5.12 7.75 1.15 7.66 6.03 5.94 2.15 6.09 2.49
5.09 7.21 3.98 4.09 7.05 6.31 9.43 1.03 6.36 2.76
4.59 4.10 8.25 4.65 3.31 1.70 8.37 4.30 3.94 5.40
3.94 8.30 8.71 9.14 2.94 7.83 5.62 6.49 9.80 1.73
8.63 3.64 6.70 4.16 7.39 2.22 4.30 3.53 1.18 2.59
9.51 7.60 9.19 3.47 7.83 9.71 1.71 1.87 1.40 5.14
6.77 7.10 2.48 3.34 3.47 4.81 3.25 2.30 5.94 5.65
3.77 9.10 8.12 1.26 7.52 3.86 6.96 3.11 8.05 4.04
9.17 5.23 2.15 8.05 1.78 1.17 1.33 7.62 4.30 7.00
9.12 1.51 6.34 6.71 8.37 6.31 8.07 8.41 3.53 2.83
6.74 3.44 8.78 9.11 6.49 2.42 6.68 6.66 1.22 4.53
1.89 3.45 5.04 7.82 2.44 5.91 9.40 9.06 5.11 8.95
7.20 9.48 1.79 7.31 4.79 6.34 4.25 9.59 4.55 8.01
4.16 4.97 3.44 8.22 7.71 7.45 7.57 2.47 3.04 4.28
6.98 7.38 9.10 5.27 2.82 2.69 9.63 1.59 5.30 9.96
3.88 1.51 6.28 3.05 4.77 4.90 7.64 9.57 8.34 8.02
6.18 3.68 4.48 6.28 9.38 8.64 8.53 6.48 6.23 7.30
7.88 5.70 3.00 6.56 6.43 8.20 6.98 4.64 3.21 7.84
1.56 9.75 4.07 4.48 9.41 2.93 4.72 7.62 5.80 4.69
3.40 4.66 3.23 1.76 4.01 2.40 6.11 2.53 2.65 8.40
5.70 8.82 1.14 6.27 2.09 7.04 1.07 2.31 3.35 5.21
7.25 2.52 9.82 6.23 3.82 6.85 2.72 8.58 2.95 4.83
6.15 9.76 7.99 7.32 3.18 1.23 6.83 7.08 7.75 4.83
5.67 7.30 5.35 2.77 2.01 7.41 4.24 6.50 5.64 4.06
7.17 8.68 5.85 4.42 4.67 9.04 9.08 4.77 6.84 2.22
1.42 6.73 6.05 4.41 3.56 9.60 8.34 4.10 6.14 9.95
3.86 5.77 1.46 7.80 5.32 3.89 4.96 5.11 3.35 9.60
7.36 5.39 8.88 4.10 1.03 7.18 7.40 2.91 1.37 4.81
7.99 3.20 7.94 5.00 6.53 4.07 7.83 6.65 5.28 7.84
1.92 5.13 8.61 6.91 3.06 6.42 4.46 7.04 5.99 7.75
7.12 8.02 3.50 5.00 7.63 6.87 8.09 2.06 8.00 2.39
9.41 1.07 8.22 6.00 3.88 5.35 9.36 1.17 5.74 7.77
7.88 6.97 7.78 5.08 8.61 6.08 8.92 9.88 4.55 4.48
6.80 9.53 2.06 4.20 4.25 8.42 7.82 9.24 1.62 5.91
7.27 8.09 5.96 1.03 4.11 8.97 2.06 8.20 6.76 8.62
4.97 2.21 2.49 8.39 9.18 5.82 9.33 4.79 7.55 4.02
1.10 1.78 4.96 8.72 4.46 7.60 4.99 9.51 7.82 1.05
6.65 7.39 7.75 8.77 4.87 1.88 4.71 8.65 5.85 5.67
9.89 5.84 1.67 1.71 5.46 6.52 6.94 8.20 7.67 2.74
5.27 6.60 1.18 9.06 9.26 6.99 5.77 9.46 9.64 8.44
6.89 2.03 7.84 7.58 3.39 9.35 6.33 2.10 6.36 7.63
2.16 6.81 5.38 3.16 1.25 1.16 1.76 5.27 3.08 4.20
6.80 4.06 3.18 8.73 2.85 8.40 9.33 1.22 9.85 5.34
8.22 5.30 5.36 8.09 2.57 3.12 2.15 1.09 1.90 9.94
7.32 4.81 1.12 4.79 1.63 6.29 7.20 7.81 7.45 6.36
1.72 3.05 8.50 4.74 3.60 8.28 5.37 8.96 8.85 6.67
8.93 4.22 4.99 6.27 4.20 3.75 8.35 8.25 6.72 5.51
2.21 3.67 3.68 2.40 5.11 5.23 1.48 8.88 9.73 4.10
6.64 8.19 4.22 2.06 6.91 9.10 7.22 4.73 3.53 7.53
2.99 9.30 6.06 6.90 6.86 1.18 5.38 8.32 6.98 9.76
4.05 4.77 7.51 3.82 4.71 3.54 4.29 1.44 6.39 9.82
6.60 3.26 6.42 5.05 5.35 6.60 8.05 1.37 8.99 1.66
2.87 8.46 9.89 2.11 3.74 9.63 5.06 2.15 1.26 6.98
6.85 4.45 8.92 9.60 5.03 4.64 7.26 2.28 2.57 8.28
1.24 9.32 9.08 2.03 9.60 4.87 2.40 3.32 1.49 7.78
4.09 2.19 8.57 9.22 8.19 7.77 8.41 1.62 9.76 2.19
1.02 5.02 5.21 4.77 7.32 1.89 8.92 4.92 1.25 5.76
8.30 2.83 7.41 6.88 3.50 6.15 1.85 2.06 1.38 1.26
2.01 9.91 4.66 5.49 2.98 7.16 5.49 8.86 2.58 6.42
3.28 6.95 2.08 6.88 5.29 3.07 5.80 5.28 2.50 2.15
2.44 3.46 6.61 1.70 7.31 5.65 9.25 9.44 6.89 1.47
4.60 6.03 2.14 4.09 8.64 7.96 7.79 1.09 3.34 2.31
5.73 8.98 4.38 1.07 5.94 2.63 4.66 2.25 4.45 9.37
2.47 9.29 5.80 1.48 2.73 8.92 8.30 8.40 4.01 6.43
7.88 4.97 8.12 8.80 3.05 7.13 5.96 7.75 3.47 6.71
6.88 8.24 5.87 2.55 4.08 1.54 3.73 6.67 1.59 3.68
8.36 6.08 3.80 5.62 9.62 4.64 3.56 3.45 4.21 9.24
6.63 5.58 2.17 2.50 7.67 5.09 2.78 8.32 7.06 9.77
1.78 3.24 7.70 2.23 1.12 1.21 9.24 5.25 8.15 2.51
3.87 9.06 6.26 2.97 6.68 7.17 8.56 3.42 4.01 8.10
4.57 2.42 5.42 5.69 5.44 2.73 7.08 9.88 8.83 4.55
3.42 9.86 5.15 1.08 7.65 3.93 3.09 7.56 1.44 6.78
8.67 3.33 3.96 8.80 9.58 3.61 9.26 8.03 1.13 5.61
6.98 5.99 8.84 2.02 2.59 5.40 9.97 9.91 7.09 7.33
5.13 6.65 3.17 7.45 3.64 1.97 5.50 5.23 4.47 2.84
3.57 8.68 5.88 6.70 1.63 6.48 9.61 3.97 9.54 5.30
2.84 9.44 9.53 8.12 5.04 1.57 5.68 5.30 1.10 5.32
1.27 3.57 7.14 7.58 9.17 4.15 7.08 9.48 3.57 6.37
9.55 7.25 9.86 4.89 9.13 9.43 1.53 6.43 8.50 8.51
5.00 2.48 9.20 1.48 1.20 2.10 3.95 2.52 9.10 7.24
9.07 1.71 4.80 9.99 4.95 9.24 3.17 8.99 8.72 5.14
3.07 8.11 4.02 3.26 3.16 3.27 4.75 3.43 9.82 7.95
8.83 8.58 3.08 8.23 8.47 8.85 1.15 1.31 4.44 5.51
1.74 4.53 3.36 6.14 4.47 3.48 5.79 4.55 6.89 7.07
8.96 8.01 1.82 6.63 2.55 7.51 3.77 5.02 2.62 9.93
6.78 8.42 8.64 1.95 6.54 1.10 9.61 8.46 8.33 3.29
3.04 2.02 2.30 5.81 7.18 6.20 3.24 5.36 2.06 2.90
9.54 7.64 8.90 1.84 8.87 2.87 5.00 9.90 1.35 1.80
1.02 9.59 8.48 6.02 5.55 1.09 3.54 1.42 5.24 7.43
1.18 3.60 4.46 2.57 3.66 8.13 4.95 2.99 8.68 9.75
8.19 7.96 7.49 7.47 1.08 8.24 1.04 1.37 7.57 3.65
1.10 7.21 3.00 4.40 5.44 1.16 5.89 9.63 3.82 7.25
6.23 6.31 1.15 5.48 7.34 9.72 5.09 3.93 3.49 3.44
8.93 3.49 3.23 4.83 6.50 5.92 1.46 8.48 3.82 2.86
3.84 1.93 3.99 9.65 8.56 7.05 3.34 9.31 6.47 4.65
2.48 1.02 1.96 6.65 2.80 4.34 4.20 2.79 7.41 7.13
9.93 2.36 3.50 3.35 4.48 7.72 5.75 2.77 9.54 6.02
8.05 9.15 3.86 3.42 6.11 9.10 9.16 3.41 2.54 3.83
9.88 2.26 6.95 9.65 5.91 9.27 1.90 2.64 2.11 5.75
7.20 5.67 8.27 7.43 4.05 5.47 7.77 6.94 8.97 2.10
9.35 3.57 2.57 5.01 4.01 6.65 5.26 1.89 1.12 5.08
4.45 1.56 5.08 3.59 7.76 3.57 1.62 6.32 3.15 8.09
8.58 4.31 3.51 5.44 3.33 2.79 9.51 7.48 3.37 2.22
2.97 5.24 7.33 4.94 4.86 4.44 5.88 8.40 3.76 9.54
2.40 8.69 9.91 8.41 8.13 8.10 1.11 9.30 1.44 6.25
1.92 3.30 8.62 8.95 8.92 2.08 1.11 9.42 7.21 8.23
1.91 3.06 4.24 9.31 3.91 7.59 1.79 9.70 4.79 2.26
4.70 9.38 6.47 2.04 7.33 5.50 4.80 7.78 7.53 7.14
5.25 1.81 2.36 9.99 2.76 2.18 6.24 9.80 4.06 5.33
4.23 5.95 5.57 5.41 5.53 2.09 2.22 7.31 7.60 7.77
9.38 8.40 7.61 4.11 4.04 9.22 8.96 9.17 5.83 2.01
9.32 4.99 7.38 6.49 3.88 5.61 4.20 4.73 2.32 8.05
2.45 3.10 9.72 7.26 3.54 8.67 4.06 3.70 4.06 9.86
7.15 8.86 7.85 8.63 1.76 1.32 8.18 6.75 8.82 4.98
4.39 2.97 5.23 4.53 4.92 7.01 2.87 9.71 4.63 2.08
6.94 8.00 7.95 9.62 1.93 2.78 6.35 6.01 7.86 9.66
2.32 8.26 6.48 4.84 3.91 1.01 8.26 7.63 2.73 9.93
5.07 6.60 5.22 3.72 6.36 3.06 5.83 6.28 5.40 5.33
8.19 8.07 9.13 7.57 5.97 2.25 3.60 1.50 5.13 5.71
8.45 6.91 1.10 5.19 9.64 2.01 8.51 5.86 8.46 4.52
9.89 1.40 2.32 4.35 3.24 2.22 6.10 4.64 9.54 7.33
2.51 9.84 3.51 4.42 1.44 2.67 5.51 6.37 3.99 2.08
9.77 3.14 2.78 6.65 7.59 7.94 3.96 2.22 7.26 4.99
8.79 6.05 5.36 3.36 7.33 9.47 4.22 8.62 1.40 8.17
1.81 4.25 6.52 6.40 7.45 6.21 5.71 4.92 7.30 2.12
6.60 7.48 5.43 6.71 9.24 2.00 4.63 8.40 4.75 1.16
5.74 1.53 3.51 3.30 9.11 3.73 3.82 9.09 5.64 8.88
6.85 1.18 8.49 5.63 4.16 8.59 2.53 3.32 5.08 9.08
9.64 6.01 6.09 2.08 7.48 9.46 9.12 8.26 5.24 3.04
2.59 2.45 1.30 7.48 8.62 1.03 2.54 2.28 9.20 9.37
5.55 6.26 3.48 3.72 3.63 5.61 4.29 2.63 3.44 1.00
1.89 3.35 3.81 1.18 2.58 3.70 8.78 1.16 5.52 2.51
3.05 8.16 2.24 8.19 7.83 2.72 6.57 1.79 6.62 6.24
7.31 5.28 8.13 9.10 4.29 1.31 9.19 8.49 2.88 9.78
4.88 2.04 8.26 5.05 2.54 2.96 6.12 4.17 2.35 6.27
5.18 5.50 5.80 9.61 4.94 9.46 4.52 5.94 2.41 3.50
8.88 2.08 4.47 3.50 8.73 2.87 6.70 1.92 8.52 7.45
7.18 5.16 9.35 9.59 5.15 1.03 7.88 2.66 2.39 8.63
2.19 6.43 4.79 5.33 9.82 3.61 7.38 7.97 4.19 3.18
9.98 7.55 9.32 8.27 2.03 6.91 8.18 4.80 1.79 7.42
4.11 8.96 2.65 7.63 1.60 9.56 1.73 3.50 4.83 9.43
4.55 8.07 7.80 6.09 5.59 4.05 8.31 1.73 1.82 5.49
5.80 6.45 9.16 1.80 3.90 1.33 7.47 1.54 4.89 3.85
6.62 7.69 6.99 6.18 1.16 7.11 1.64 6.21 7.29 3.02
6.86 2.02 5.83 3.77 6.28 6.47 3.39 1.60 4.74 1.07
9.69 1.10 3.61 2.88 3.53 4.95 2.64 3.85 2.14 6.70
3.53 8.31 6.78 2.93 6.65 7.86 3.81 3.86 2.17 6.62
4.77 5.44 5.80 4.09 5.05 3.27 8.71 4.83 4.89 2.08
9.90 6.00 3.57 7.47 4.18 7.28 9.86 1.79 4.77 6.38
1.58 1.12 6.77 6.72 3.77 8.35 3.35 5.16 3.70 8.53
6.88 2.80 1.68 4.64 9.57 2.48 8.32 5.70 3.34 7.68
5.16 3.05 1.69 6.56 9.35 2.18 4.93 4.91 1.86 2.87
9.84 1.83 4.40 5.00 3.34 5.21 1.26 8.99 5.28 5.16
4.48 5.59 2.36 4.90 5.22 7.74 5.48 7.28 4.93 7.66
4.61 4.29 2.70 1.25 7.97 7.74 1.93 5.18 8.16 1.82
8.86 3.36 4.66 9.08 9.52 3.57 8.84 6.09 7.07 1.26
9.54 2.49 8.73 3.58 4.71 8.09 1.28 9.57 4.90 5.35
8.71 5.60 4.80 3.69 2.10 7.67 1.88 5.38 4.31 5.22
1.66 5.58 9.13 7.81 7.88 8.80 2.10 3.59 8.45 9.72
8.94 1.19 7.45 9.07 9.92 1.50 6.02 1.67 7.15 8.34
8.57 1.32 1.75 3.28 1.63 7.43 4.74 8.70 3.98 9.15
1.10 4.17 7.34 1.78 6.40 3.41 8.63 8.36 5.36 6.00
3.92 7.76 6.66 4.94 6.39 8.68 2.12 9.67 8.15 1.69
8.33 5.04 3.83 5.03 1.40 9.13 7.77 9.76 8.74 8.10
5.92 4.81 4.21 8.02 4.63 7.09 5.25 1.72 3.65 8.92
8.22 8.81 3.47 1.37 6.60 5.70 4.81 2.88 9.32 4.95
5.03 4.92 2.96 2.79 5.25 7.65 2.07 3.20 4.23 5.01
6.93 5.42 9.88 1.40 4.00 1.70 7.02 2.88 8.91 5.85
2.86 2.52 5.55 3.32 2.92 1.89 8.75 3.00 7.05 7.05
9.63 9.16 6.71 9.52 9.32 4.53 9.12 9.03 2.87 7.48
4.05 6.31 9.11 5.16 3.28 6.47 3.77 1.34 1.27 6.02
7.97 5.82 8.66 6.41 8.96 9.25 8.06 4.44 9.42 8.42
5.40 9.02 5.17 3.11 8.78 2.48 5.01 1.69 4.70 5.49
9.18 5.22 1.68 2.99 9.04 9.12 7.70 9.55 6.63 5.11
4.75 6.39 9.85 8.87 2.15 8.17 2.87 6.40 1.34 2.91
8.25 4.03 2.08 7.19 1.75 6.43 5.38 6.44 4.06 4.03
8.30 2.68 2.56 8.94 6.20 7.81 6.84 1.55 5.80 4.95
4.23 4.49 9.97 2.60 2.64 8.97 6.33 2.55 9.72 9.36
4.72 7.54 5.93 6.45 2.13 9.30 6.56 9.45 8.85 9.15
3.12 4.97 1.30 2.73 5.34 8.27 9.16 3.97 5.25 7.73
1.80 5.20 2.92 5.90 1.32 5.76 9.18 8.23 6.10 3.28
5.63 6.12 2.93 7.67 4.48 7.24 5.22 4.96 6.24 9.86
9.04 4.54 8.42 5.24 8.42 9.57 7.15 3.34 5.89 4.31
5.29 1.23 4.58 7.65 4.04 8.24 3.33 9.75 2.10 7.11
3.96 7.25 5.93 3.82 1.14 5.91 7.38 6.06 1.40 5.01
2.17 3.12 7.03 2.28 2.23 4.91 4.66 9.74 3.56 4.40
3.71 6.26 5.93 2.04 7.83 1.99 8.75 4.48 6.99 5.99
7.83 2.80 2.78 6.39 1.14 8.26 7.10 5.45 5.80 4.27
6.73 3.08 7.13 4.33 7.78 6.29 1.21 4.80 4.08 7.15
6.43 1.83 4.66 7.29 2.55 6.49 1.08 5.62 9.72 9.52
4.52 8.14 9.67 5.48 7.32 4.47 1.59 7.08 4.24 2.20
2.26 7.99 3.39 3.47 1.66 6.33 9.29 9.20 2.97 8.80
4.28 8.62 2.62 4.33 1.79 3.36 9.58 7.17 3.18 7.31
1.76 2.18 9.23 6.26 7.35 8.45 8.69 5.52 4.01 9.39
8.56 6.13 7.97 7.75 4.72 4.79 2.87 9.58 7.22 1.79
9.56 2.53 2.52 4.87 3.30 7.90 2.90 8.35 4.56 3.71
2.77 9.38 4.21 1.17 7.42 8.36 4.26 8.95 6.47 9.78
3.37 3.48 9.64 5.62 8.64 5.07 3.19 4.85 5.03 7.17
8.04 6.98 8.11 5.90 3.37 6.39 8.60 9.49 5.33 1.60
8.18 5.86 4.01 9.30 7.43 8.48 7.00 7.70 3.11 7.95
9.95 7.18 6.55 7.31 6.15 2.79 2.00 5.68 5.48 4.88
2.63 1.61 3.09 2.26 8.57 3.29 2.30 4.84 3.44 6.78
2.92 1.13 8.83 5.66 6.97 2.20 7.75 6.91 7.47 9.19
7.02 4.25 8.58 6.70 9.49 3.24 3.19 5.12 8.23 9.33
2.43 4.22 3.26 6.48 5.02 3.95 6.96 7.06 9.57 4.06
3.38 9.43 8.65 8.04 1.66 6.00 1.18 4.24 8.94 1.13
6.00 9.37 2.22 4.98 4.67 3.33 4.54 9.55 1.29 9.71
2.59 2.03 7.73 5.67 3.71 8.50 2.00 5.09 2.89 4.15
3.61 9.77 9.30 6.19 5.63 1.49 6.49 8.26 3.79 3.10
4.61 8.98 8.00 7.63 3.88 3.79 9.62 1.79 1.22 2.13
8.91 2.62 9.67 9.38 5.14 1.18 7.78 3.46 6.98 5.84
2.79 3.17 7.97 4.26 6.74 9.96 9.07 4.50 3.39 9.38
3.00 9.88 1.07 3.82 5.49 8.15 7.00 2.42 2.99 3.03
5.29 3.85 6.82 5.00 2.89 3.64 9.92 9.81 6.14 8.34
7.61 7.41 2.70 9.18 4.19 9.34 3.69 8.17 1.21 9.09
5.39 9.69 4.93 9.31 5.83 6.91 3.84 9.45 7.28 6.87
7.75 2.64 6.48 4.03 1.08 1.86 9.25 4.53 6.98 3.67
4.72 3.57 5.24 6.97 8.02 7.03 4.58 8.50 2.06 1.37
3.20 8.87 2.83 7.79 3.94 8.45 9.58 4.98 9.63 5.36
7.65 1.05 1.75 2.61 6.61 1.83 7.84 8.65 5.16 9.98
1.67 9.25 5.91 6.84 8.40 7.97 9.37 8.16 4.43 1.81
1.63 8.33 1.74 7.16 9.73 6.97 7.50 2.87 7.06 9.79
1.99 2.12 6.63 3.51 5.89 5.31 8.61 3.33 3.49 6.81
9.85 5.36 8.38 5.59 2.33 9.41 8.13 8.97 2.16 5.45
4.78 9.73 4.70 9.95 6.51 7.15 2.98 2.29 2.77 8.15
2.20 6.24 4.93 4.71 2.25 1.14 7.63 4.52 9.69 2.31
5.82 3.12 3.02 1.62 4.38 4.49 5.73 7.61 7.59 6.73
9.50 4.79 8.17 1.24 8.37 1.62 5.29 1.98 9.32 3.12
8.82 9.53 4.48 5.82 1.39 1.10 1.65 7.46 4.33 2.38
9.71 4.06 7.47 9.80 1.77 2.87 7.19 9.87 2.03 2.29
5.16 9.26 6.24 5.87 6.91 4.36 2.49 4.74 9.18 7.18
3.58 7.80 7.25 4.24 3.04 7.66 8.33 6.15 1.72 5.24
4.32 4.99 9.59 9.78 4.34 9.27 3.82 3.60 3.53 8.80
1.80 2.97 5.89 6.48 6.68 1.27 9.09 4.84 2.69 3.07
2.55 5.86 3.54 3.63 1.73 3.55 6.99 7.56 4.18 8.56
6.68 4.02 2.60 4.16 2.95 5.86 6.53 5.63 9.40 9.27
6.90 4.21 8.24 4.21 5.55 9.89 7.41 3.77 6.61 5.07
6.33 9.57 3.18 4.15 2.05 2.79 7.63 2.67 8.57 8.07
4.16 1.87 8.49 6.20 7.44 3.15 3.11 6.52 4.24 3.64
8.03 6.19 3.87 9.14 8.50 9.19 2.30 4.56 1.83 9.61
5.51 2.20 7.60 9.80 2.38 5.75 1.27 1.79 9.29 1.41
6.54 7.74 4.91 1.94 2.24 6.80 5.39 3.04 1.58 7.12
6.35 3.86 2.42 7.13 8.12 3.45 2.85 4.10 8.37 6.04
6.41 6.37 2.19 1.68 8.90 6.22 4.04 1.11 4.77 4.20
8.23 3.76 4.97 9.16 2.65 9.76 3.01 8.86 2.77 2.78
1.79 2.84 9.72 8.48 3.21 3.41 8.29 3.17 7.54 5.09
9.76 2.59 6.47 3.99 3.70 2.43 8.48 5.94 1.55 8.59
2.95 3.80 2.61 2.82 1.62 5.30 9.43 9.50 2.98 5.74
7.95 8.97 6.32 9.68 4.63 4.41 4.14 7.30 3.31 6.40
1.21 6.49 7.59 2.11 6.95 3.58 9.62 4.80 6.14 9.79
1.20 8.73 7.35 2.69 2.78 5.10 3.15 9.84 2.42 1.68
8.24 9.03 3.53 5.57 4.63 6.80 4.69 1.72 3.70 1.74
2.75 5.35 6.06 8.27 4.37 4.94 4.44 9.20 5.17 5.33
5.14 6.37 8.30 1.61 3.27 9.62 8.70 2.54 9.41 7.07
2.23 4.28 8.88 3.11 9.89 3.92 6.27 3.43 6.20 6.09
4.82 8.03 6.58 5.48 4.58 6.72 4.35 2.14 3.04 3.76
1.45 9.38 1.56 2.92 1.20 4.32 4.76 6.13 8.37 3.65
5.62 2.00 3.35 7.36 1.65 8.41 4.07 4.46 6.07 1.03
5.74 6.39 7.34 1.91 9.03 2.34 9.08 8.68 3.47 8.68
5.80 6.68 9.59 1.20 4.21 9.90 2.15 3.71 2.38 1.10
1.09 2.90 4.66 7.16 9.59 4.26 7.44 2.54 9.53 3.56
1.83 3.93 5.45 3.82 1.56 9.43 2.02 3.44 4.29 1.84
6.87 9.02 2.31 8.96 5.97 3.33 8.66 8.72 6.44 5.39
1.71 5.16 6.67 5.47 7.64 4.52 5.21 8.67 9.31 8.01
8.81 1.51 3.10 7.22 2.87 1.13 2.56 1.05 5.45 5.69
8.71 2.40 8.40 4.00 6.24 4.04 4.29 4.76 8.18 4.98
1.42 9.47 1.93 4.53 2.17 6.08 1.32 1.40 1.74 9.86
5.57 7.17 9.74 8.50 5.79 4.85 6.02 9.56 4.13 5.40
6.84 5.33 4.68 6.70 4.68 7.50 4.09 9.94 9.77 9.48
3.21 4.52 1.21 9.84 7.29 9.45 7.61 4.81 2.75 7.04
9.86 7.12 4.31 8.43 4.74 8.99 1.57 6.59 1.03 3.29
2.41 9.91 6.39 5.39 3.97 8.02 8.21 1.67 3.37 1.18
4.95 5.98 6.67 8.46 2.97 7.56 4.58 1.40 9.28 6.23
8.45 8.97 6.94 4.36 9.31 5.78 1.87 1.34 4.37 1.86
8.42 9.48 1.08 9.52 6.45 4.90 6.00 9.81 6.43 6.85
8.08 5.37 3.04 8.12 1.28 7.87 5.59 9.19 3.61 2.81
8.97 4.54 3.84 3.41 5.05 2.81 6.81 6.61 8.30 9.18
6.47 8.61 4.56 2.46 2.89 9.25 3.22 6.11 2.42 4.57
7.57 7.77 2.78 4.14 4.58 6.37 8.39 6.37 8.96 9.44
7.89 7.22 7.91 3.56 1.39 3.28 4.78 4.09 3.82 4.66
8.67 7.49 8.56 6.28 2.18 5.56 4.35 9.21 8.35 3.78
7.17 5.06 3.77 4.11 1.90 9.45 5.17 5.88 9.94 3.68
4.47 6.78 3.24 7.74 2.28 2.40 8.56 4.32 4.13 1.43
5.65 5.64 3.17 4.47 3.06 2.03 4.51 8.47 3.39 8.24
5.96 2.75 6.37 3.36 3.89 1.76 4.53 3.96 1.27 2.16
4.32 6.63 8.12 6.20 3.47 4.18 7.13 1.86 9.33 6.19
8.51 7.38 4.19 8.77 2.36 4.09 9.55 8.40 1.49 4.25
8.22 6.44 9.58 4.11 1.91 1.36 3.20 4.79 9.49 4.63
3.98 8.46 9.72 6.35 7.02 2.39 6.66 8.02 9.50 5.50
4.41 9.91 4.02 4.38 7.37 7.47 4.38 9.11 3.19 4.14
8.86 6.33 7.54 3.97 4.83 6.77 6.12 3.19 8.99 8.64
2.58 6.83 8.55 5.68 5.35 6.30 4.36 8.68 3.68 9.83
6.25 2.36 9.25 9.69 9.27 3.14 7.15 7.94 8.21 6.59
2.38 6.01 2.95 9.94 8.45 1.08 8.69 8.41 3.56 1.91
2.58 9.58 7.00 3.31 5.44 7.10 3.19 1.62 3.34 6.31
5.12 4.65 3.65 1.49 2.92 3.71 8.87 9.64 2.52 6.06
1.01 5.98 5.14 9.02 5.49 1.16 3.46 6.45 5.73 1.23
3.09 9.24 5.46 7.64 2.38 1.92 7.18 7.05 3.19 1.84
1.69 1.43 2.99 4.64 1.66 6.02 9.30 1.07 2.48 6.83
4.53 3.45 2.63 8.17 7.31 5.54 3.96 4.38 8.76 3.21
2.88 4.43 3.06 8.55 3.72 8.97 2.34 2.42 3.50 1.93
3.50 2.37 9.49 1.10 9.90 3.77 1.13 2.55 1.41 7.97
7.00 8.60 3.71 7.01 8.68 6.73 3.90 4.73 3.34 3.17
8.78 2.11 2.53 8.29 2.34 7.86 5.80 5.24 7.28 2.32
3.77 5.98 2.35 3.30 3.77 1.22 2.26 5.19 2.16 9.57
6.03 9.98 7.97 4.92 4.04 4.56 6.29 5.80 9.85 8.79
4.23 5.81 3.52 5.79 1.39 8.58 8.48 4.57 7.08 6.89
7.55 1.39 9.26 9.62 9.37 5.45 3.91 6.46 7.84 1.84
5.45 7.85 3.17 1.83 6.44 8.80 7.45 3.64 7.26 7.27
7.31 7.09 6.72 6.61 6.43 5.12 7.26 2.60 5.77 7.23
4.71 3.01 7.17 5.19 3.87 9.39 8.04 3.72 1.52 6.36
5.55 2.42 8.62 3.97 2.09 4.02 3.48 5.65 8.29 8.93
5.19 5.02 1.41 8.84 9.95 5.08 3.40 8.17 7.96 6.57
1.08 8.90 5.07 9.41 5.29 1.97 6.71 7.33 4.16 3.97
7.78 9.09 9.18 5.85 6.07 4.68 4.76 6.85 6.17 7.05
2.98 4.04 1.41 1.10 6.66 5.84 6.49 1.30 1.90 6.09
9.09 9.16 4.30 1.77 9.39 1.65 1.67 1.23 3.92 6.16
7.48 7.07 4.78 9.54 2.17 8.31 2.68 9.07 1.23 2.07
7.77 3.87 4.22 2.30 4.96 8.49 2.64 9.08 7.79 5.95
2.67 6.45 2.39 6.70 9.23 8.54 7.11 3.42 2.95 8.55
9.20 1.21 6.65 4.99 8.14 9.48 4.04 4.45 8.47 1.45
3.32 2.88 6.08 7.55 8.40 5.69 4.96 6.15 1.70 6.14
9.46 4.95 1.69 1.19 4.77 2.89 5.63 2.53 2.42 6.48
1.90 7.60 9.70 8.62 3.40 1.55 6.45 4.65 2.25 3.32
9.59 9.19 1.67 1.94 6.12 3.25 4.01 1.36 3.99 8.74
4.93 9.31 5.73 1.52 3.04 3.26 4.56 6.62 2.87 4.16
8.38 5.14 2.93 4.17 9.87 6.77 1.76 2.11 5.39 1.56
4.56 8.19 3.47 7.54 1.75 9.71 1.19 1.58 5.36 7.32
2.80 9.96 8.91 4.84 2.27 9.48 7.23 9.49 6.53 7.45
5.60 6.25 4.92 6.92 7.52 5.46 6.74 6.60 1.52 6.21
3.19 4.09 1.73 4.09 5.85 7.64 7.23 7.75 6.25 4.59
6.70 2.19 5.12 1.21 9.12 8.07 8.94 7.90 7.39 1.22
8.73 1.98 1.65 7.54 1.26 5.19 6.93 5.51 9.46 1.04
4.23 4.38 1.74 1.09 7.94 7.48 9.79 9.63 5.48 1.18
1.54 7.81 4.82 3.35 6.28 5.78 6.01 2.15 3.67 3.88
2.04 6.87 4.54 1.70 9.48 1.59 1.79 8.23 1.33 2.63
7.76 7.04 2.38 9.32 6.81 3.10 2.79 5.03 1.21 2.42
3.29 3.78 7.53 7.33 4.22 2.84 1.38 1.02 1.01 6.97
1.68 6.37 9.58 6.82 1.92 9.68 5.30 5.67 2.65 8.80
8.61 5.69 9.84 2.43 3.61 5.44 8.44 2.21 7.95 5.90
7.04 7.39 3.46 5.78 2.66 6.27 2.10 6.21 5.20 9.48
5.98 1.50 9.04 3.64 6.48 9.94 1.12 9.33 3.08 3.88
4.77 1.63 3.21 3.73 4.95 4.54 4.33 6.89 7.22 1.70
8.26 8.02 4.28 4.93 6.94 9.68 3.10 7.92 7.97 5.29
4.65 5.03 6.68 2.49 1.84 9.65 6.11 1.17 7.59 6.77
1.17 8.44 6.14 7.04 4.60 6.32 2.07 4.96 3.78 9.27
8.68 3.32 4.03 9.75 7.72 5.72 5.30 5.41 5.60 8.15
4.99 5.11 1.47 5.70 7.41 9.90 3.22 3.02 8.53 5.68
6.12 4.86 2.54 1.93 9.38 9.19 2.39 7.22 8.93 4.98
1.57 4.99 3.21 1.52 7.83 6.53 3.49 2.19 3.83 7.41
1.87 6.09 3.87 4.80 2.71 2.58 7.26 4.06 9.09 5.48
7.56 2.09 1.16 6.37 8.94 7.81 3.93 9.58 5.70 6.39
4.58 9.24 1.27 2.65 9.82 9.30 7.03 6.22 9.10 3.21
3.72 8.28 9.25 8.41 3.44 5.89 6.14 5.95 3.94 3.82
4.89 7.49 8.87 4.33 6.31 5.95 4.19 2.46 9.96 7.11
9.05 7.18 2.82 1.23 8.25 9.59 3.82 7.79 1.26 1.67
9.03 7.57 1.52 2.49 8.91 2.58 7.96 7.31 7.17 4.73
2.73 3.95 3.42 2.50 5.60 4.39 8.24 8.32 1.90 4.96
2.24 2.16 7.31 9.32 1.58 3.72 8.05 3.18 6.35 2.20
7.70 6.56 8.61 2.37 2.57 5.23 4.42 5.72 4.51 6.11
2.07 3.28 2.38 9.00 1.45 4.96 9.54 7.08 8.09 6.53
5.23 6.23 6.85 2.16 7.58 1.60 1.90 9.32 9.80 6.55
4.16 2.42 6.16 1.65 4.77 3.30 8.28 7.81 6.72 2.10
9.47 4.05 7.40 9.71 6.79 9.94 4.70 4.69 5.89 3.49
4.39 8.92 2.55 4.28 6.18 6.13 8.81 7.97 4.15 1.78
6.40 7.33 6.53 6.50 7.74 5.71 7.27 8.15 2.33 2.23
8.43 7.04 2.74 6.18 1.92 3.25 5.70 5.57 3.47 1.47
5.05 7.54 8.33 7.50 5.96 3.23 4.65 2.03 2.14 5.92
2.96 7.19 2.99 7.29 2.02 1.04 6.39 1.18 4.15 9.44
4.26 6.22 4.54 8.43 3.16 3.25 7.16 7.51 6.13 6.88
5.68 8.35 8.84 9.51 3.92 1.62 3.97 2.64 8.95 8.13
8.45 6.86 9.20 7.71 7.03 9.43 6.79 3.21 4.62 4.83
5.27 1.07 2.05 7.30 6.18 7.02 5.44 2.16 1.67 8.23
8.68 9.30 7.03 2.03 9.80 9.01 7.18 3.85 1.51 8.83
6.54 6.54 7.90 4.78 8.77 2.22 7.32 6.86 2.37 9.79
3.56 2.22 8.34 5.59 4.43 8.99 8.90 7.52 2.83 5.36
2.63 5.68 6.49 1.08 7.62 4.94 1.54 8.68 1.28 2.61
2.00 8.14 3.21 2.55 3.25 5.00 2.98 5.08 5.94 4.82
8.77 6.17 2.28 3.56 1.78 6.55 7.05 9.63 5.44 8.50
4.17 7.84 4.21 2.11 7.29 5.97 9.66 8.39 6.17 5.99
9.67 2.61 1.69 3.41 2.50 3.38 4.91 4.21 6.92 9.45
4.43 7.06 9.00 3.69 2.42 9.69 2.19 8.58 5.35 4.64
6.95 2.82 9.95 1.99 4.39 2.45 8.61 7.59 3.13 9.52
5.95 7.76 4.32 6.53 3.00 2.67 6.50 9.91 5.87 3.57
3.90 5.99 2.50 3.74 2.19 2.97 5.76 4.06 5.76 6.81
3.33 6.71 6.53 8.32 1.75 4.37 8.56 3.01 2.15 1.44
8.74 3.98 4.37 8.71 3.38 2.24 4.20 8.38 4.49 4.74
6.47 7.69 8.56 9.34 2.71 6.49 3.03 1.19 4.89 7.78
1.26 2.51 9.80 9.63 4.46 6.92 2.97 8.75 9.83 4.36
3.03 3.16 6.29 8.71 8.01 7.04 8.01 2.18 9.56 6.20
1.02 2.65 9.00 7.47 9.49 4.76 3.13 7.40 4.43 8.27
9.87 1.78 7.44 3.95 6.67 8.66 7.72 6.01 7.28 3.53
8.58 3.94 4.47 8.88 8.47 1.93 1.34 7.81 5.22 6.85
3.37 1.94 1.60 6.47 1.62 9.59 9.38 4.73 1.62 6.14
2.03 4.36 6.48 6.02 5.06 6.83 5.94 8.98 7.37 8.85
4.46 7.08 4.82 2.22 5.52 8.57 4.17 8.13 2.05 5.72
4.31 8.43 1.93 1.48 3.00 2.57 7.75 4.37 5.50 8.23
7.77 5.24 6.29 4.48 9.02 4.89 6.24 5.22 6.22 3.50
2.23 1.28 9.52 1.90 1.11 9.73 9.33 2.17 1.13 4.63
2.32 2.45 2.44 5.45 7.35 8.81 8.17 2.30 3.48 2.68
8.06 9.71 5.14 9.83 2.88 8.86 7.04 3.85 4.23 9.94
8.01 9.42 5.91 5.77 5.37 9.15 4.66 6.00 6.27 5.02
7.88 1.47 6.19 8.72 5.52 7.54 8.02 5.61 6.02 3.52
7.90 3.42 9.07 6.09 9.43 8.41 6.39 7.08 4.12 3.10
8.62 2.65 8.02 4.47 5.45 7.79 9.02 4.11 3.29 1.69
9.18 1.77 6.43 5.57 7.95 3.78 7.64 8.01 2.16 2.23
2.70 3.04 3.76 7.10 2.06 1.78 2.21 9.57 9.96 5.18
1.68 5.49 2.56 6.32 8.27 5.82 9.85 8.45 9.77 9.11
8.08 6.16 2.03 3.59 6.61 6.05 8.33 2.75 9.74 3.34
6.96 6.87 5.32 2.96 5.18 1.14 6.71 8.52 8.47 6.76
4.72 3.51 3.70 8.17 3.07 8.75 7.48 8.26 2.75 5.96
7.83 1.51 1.46 4.36 6.54 6.31 5.98 7.93 8.59 6.40
3.99 6.13 1.60 9.62 8.83 1.17 2.87 9.04 4.19 4.57
7.20 5.69 4.97 8.15 8.25 8.36 1.17 3.17 3.51 8.59
6.48 7.14 9.07 9.65 6.51 1.78 6.27 8.43 7.32 2.40
1.09 9.36 5.72 1.55 1.04 7.38 2.48 9.01 2.08 5.83
1.07 2.18 3.32 7.62 5.40 6.21 6.45 5.66 9.38 5.14
4.45 4.82 1.07 6.35 6.09 5.58 2.06 7.16 4.26 8.37
6.99 6.66 3.33 5.68 9.11 3.33 7.20 1.54 1.98 9.42
4.25 1.09 1.12 9.52 3.43 8.41 9.46 3.85 2.45 5.42
2.80 9.75 1.21 3.23 1.86 4.02 4.72 3.75 8.23 2.59
7.54 4.50 5.54 2.66 6.56 7.35 2.06 3.60 5.11 9.20
2.93 9.02 9.37 1.94 4.91 9.90 9.01 2.21 3.63 4.11
1.84 4.15 7.11 4.67 6.53 7.07 6.56 1.52 4.57 1.39
8.14 3.65 2.89 5.06 6.90 8.93 6.14 7.70 9.76 7.79
9.38 4.58 8.20 3.67 3.31 2.74 9.00 1.45 2.42 2.10
4.40 3.56 7.16 6.84 1.99 4.42 1.90 2.49 4.29 3.64
1.69 7.78 6.11 3.04 8.84 2.99 9.09 3.91 1.60 5.38
4.73 2.88 8.75 3.99 2.07 2.40 2.40 8.66 3.33 5.73
3.85 1.85 3.69 7.86 3.46 8.36 7.83 8.95 8.73 4.01
1.98 9.15 5.16 3.14 8.77 9.45 3.42 6.91 9.87 2.35
5.74 1.72 2.79 5.92 1.40 6.59 5.53 5.98 1.61 9.35
2.60 6.98 7.28 6.22 4.73 4.74 4.94 1.49 8.43 6.83
3.29 1.02 3.42 9.23 9.86 1.46 2.31 1.91 4.57 9.67
1.97 4.23 9.25 6.79 7.60 1.05 1.34 2.83 2.18 8.67
9.96 9.67 5.16 2.71 3.76 2.40 2.68 9.54 3.85 4.24
9.44 5.71 6.42 2.40 6.03 7.25 8.79 6.45 3.11 9.27
8.78 5.48 9.48 1.14 5.11 4.60 4.31 5.06 6.51 1.79
8.82 4.85 9.15 7.86 7.85 5.37 8.88 1.85 3.03 3.92
8.33 2.02 3.72 7.14 5.08 5.76 7.20 5.58 2.88 9.04
5.05 6.91 2.41 1.06 4.86 6.35 8.02 6.09 7.46 1.80
9.62 9.77 5.21 6.77 9.17 7.14 8.67 5.51 9.78 5.70
7.18 2.28 5.98 7.23 2.46 1.23 7.89 1.50 9.76 2.81
5.76 6.57 9.03 4.51 4.41 4.30 7.05 8.25 8.81 2.26
4.23 8.48 7.60 4.61 2.52 4.96 2.92 7.19 1.91 1.41
8.22 8.66 7.37 2.00 7.23 8.19 5.68 4.50 2.13 8.15
8.81 1.84 6.74 4.33 2.73 2.70 6.95 7.16 7.97 2.51
2.83 3.16 4.64 8.70 9.74 2.89 4.30 5.96 1.87 6.95
1.69 6.09 7.36 5.93 7.17 6.70 4.80 7.64 3.43 1.12
8.84 4.53 3.61 4.39 5.33 6.30 5.78 6.02 8.77 7.40
1.61 6.05 8.28 2.15 6.12 4.66 5.31 3.30 4.15 6.99
2.23 7.71 6.99 6.16 4.31 4.18 3.22 6.89 3.95 2.59
6.14 3.80 3.20 2.85 2.13 4.07 9.44 6.04 7.84 7.56
3.17 2.29 7.43 5.13 9.17 3.19 5.08 1.11 8.63 1.33
8.77 9.17 4.21 8.62 3.51 1.79 2.31 6.03 9.62 9.94
3.11 8.61 7.56 3.81 2.45 7.44 5.27 2.21 4.32 5.25
3.37 2.92 9.65 4.78 5.32 5.52 1.41 7.85 6.08 1.88
9.95 4.38 1.86 1.90 2.05 3.55 2.50 6.50 9.27 8.19
6.18 3.73 1.88 2.25 3.05 5.76 7.68 9.05 3.34 6.82
3.55 5.77 6.63 3.17 7.94 1.18 3.17 4.81 8.67 4.31
6.98 5.94 8.24 4.96 3.65 8.71 2.66 8.46 7.12 5.66
5.98 7.22 6.49 8.85 5.81 9.82 5.84 9.61 6.23 1.47
2.88 7.32 7.60 5.20 4.21 7.94 1.35 5.69 5.57 6.86
6.82 6.25 3.76 8.05 9.01 7.09 9.51 6.42 1.18 1.94
3.72 4.66 8.18 2.22 6.59 5.22 9.27 3.82 1.92 2.42
10.00 6.16 9.84 9.46 3.54 9.25 2.57 6.82 8.58 4.76
5.57 5.44 1.26 3.01 8.02 4.31 7.55 8.29 1.87 6.98
3.98 3.85 3.10 7.57 1.55 7.27 5.55 1.72 1.60 5.08
4.95 1.49 2.55 7.17 5.74 1.76 6.96 2.48 2.25 9.49
9.80 1.28 5.46 2.67 2.56 2.22 8.91 7.43 4.50 3.94
3.84 4.58 6.58 3.12 4.90 5.78 4.92 9.78 6.46 2.65
8.70 4.17 8.63 9.17 2.03 7.70 6.70 8.25 9.60 1.85
5.94 5.15 7.21 4.52 8.01 5.98 7.38 7.94 3.35 8.93
6.00 4.55 1.63 6.36 1.57 8.48 2.26 1.93 8.03 6.66
2.91 8.99 8.09 5.34 3.07 7.46 6.16 2.88 8.10 2.36
5.48 7.70 1.51 1.96 8.27 7.69 2.26 2.98 2.95 3.57
7.77 6.86 2.02 2.48 9.53 2.77 7.30 1.97 8.16 4.73
9.02 7.83 1.82 1.24 9.54 4.29 2.45 3.00 8.30 7.44
3.28 2.39 4.81 6.03 1.08 9.37 3.00 5.87 4.37 9.75
5.58 6.09 4.11 4.74 7.89 7.22 9.70 9.44 6.55 1.61
2.65 4.39 1.89 5.21 5.52 7.36 6.88 8.92 7.12 2.79
3.42 6.55 3.87 3.27 1.25 7.71 6.40 5.09 1.93 6.84
6.97 9.07 6.45 6.32 3.87 7.68 6.44 1.24 2.91 3.83
5.35 8.80 3.18 9.10 2.72 7.64 1.48 5.41 4.55 9.59
3.17 2.49 3.70 4.84 8.18 9.75 2.01 6.22 8.73 9.44
8.43 3.66 5.81 8.77 9.98 9.14 1.27 4.08 7.47 1.62
3.99 7.45 6.78 2.37 8.64 3.55 6.11 6.46 4.47 4.18
7.42 5.57 9.64 2.07 4.18 8.97 8.73 5.04 8.53 4.60
8.75 3.48 8.79 8.65 3.06 1.60 1.21 9.47 2.29 2.25
9.70 8.61 8.69 1.68 6.94 5.66 3.48 6.83 9.97 4.08
7.95 5.67 4.74 5.15 9.99 6.14 8.32 9.02 5.35 9.62
7.85 6.54 6.00 4.29 2.02 9.97 4.40 1.49 4.73 8.76
4.31 2.46 3.48 1.70 3.29 7.14 1.09 5.73 2.23 8.70
5.28 2.26 9.43 5.52 9.73 3.50 1.30 4.17 9.24 2.78
8.43 7.99 3.32 5.77 8.01 7.94 1.68 4.02 1.14 3.25
9.73 4.94 7.16 6.92 3.58 7.90 2.24 7.10 7.47 1.22
7.70 6.29 2.17 7.31 9.97 2.68 6.14 5.74 6.81 4.40
5.46 1.26 7.88 6.24 9.93 1.29 2.79 8.57 5.71 2.92
6.16 6.45 5.66 1.59 7.08 3.89 5.63 7.06 7.36 9.84
7.08 7.96 3.07 4.17 8.88 2.36 6.35 3.01 8.54 2.27
1.04 7.88 5.24 5.72 4.67 9.88 4.95 7.43 1.23 3.04
8.62 1.94 5.18 8.46 7.93 7.27 8.63 4.85 1.59 2.58
4.32 7.92 8.96 2.80 4.93 6.67 8.51 9.69 3.14 3.02
1.69 3.72 4.44 8.91 6.78 4.97 1.37 6.68 7.31 7.44
9.83 9.97 2.21 9.28 9.81 1.67 8.19 4.37 3.01 2.97
9.14 4.01 6.34 5.97 3.78 8.88 8.14 7.03 3.34 9.37
3.83 1.31 6.09 9.99 2.44 1.51 9.29 1.62 9.94 8.47
4.42 1.95 6.23 9.45 1.43 8.98 7.20 5.27 4.17 6.61
2.78 5.78 5.91 3.03 6.99 5.49 9.29 3.63 1.38 1.43
5.16 2.46 2.79 1.59 4.63 8.59 3.31 8.39 4.92 2.62
7.67 5.15 6.51 5.74 8.95 7.74 1.77 6.28 5.60 5.54
8.73 7.82 6.38 3.38 5.74 2.58 9.93 1.54 5.68 6.85
9.84 3.74 8.94 3.43 5.74 6.11 6.69 3.40 6.22 6.08
4.54 2.87 5.93 4.28 6.49 9.66 3.23 4.91 4.53 8.21
2.88 4.67 8.76 9.39 6.91 4.56 7.69 1.18 9.41 3.81
4.61 2.02 4.08 1.13 6.31 8.33 6.77 7.44 3.23 7.26
4.10 7.21 4.73 1.75 9.41 7.71 2.07 7.41 7.06 1.84
5.23 9.17 6.22 6.70 8.75 3.50 1.76 4.90 3.05 6.18
9.57 5.60 6.31 4.94 5.60 7.67 8.87 3.61 7.90 7.62
8.23 4.21 4.76 9.01 3.19 4.87 6.26 5.03 3.35 7.42
3.55 1.71 9.17 1.05 6.40 4.96 9.58 4.06 2.48 6.98
6.56 3.74 5.33 1.05 9.96 6.80 2.71 5.40 8.63 2.73
5.31 4.93 7.05 8.89 9.99 8.96 7.45 1.05 8.74 8.17
9.37 6.17 5.49 4.22 7.82 6.09 2.25 5.81 2.71 5.86
4.46 6.83 3.38 2.77 8.01 1.14 5.38 9.69 5.75 3.02
5.27 8.32 1.21 6.24 1.46 7.29 4.87 8.06 7.70 1.26
2.11 6.26 9.87 7.84 8.70 5.03 4.88 3.72 2.95 7.02
5.76 8.30 3.24 6.66 8.49 6.88 3.31 1.64 9.02 7.29
1.29 8.50 5.43 6.05 4.81 8.13 4.05 5.10 5.16 4.15
6.06 3.11 9.73 9.58 3.18 8.04 8.71 2.49 6.29 2.36
5.36 2.28 2.19 1.66 4.69 5.55 8.53 2.49 1.39 6.65
3.51 3.75 1.79 3.42 9.01 1.82 4.09 5.46 5.54 6.97
9.44 5.37 3.95 1.20 6.10 3.33 7.89 5.08 1.97 4.54
2.87 6.09 4.87 6.69 7.26 7.28 5.65 2.96 7.86 9.50
3.35 3.71 1.85 5.64 2.84 8.50 4.83 1.24 1.90 3.32
8.51 6.77 5.16 6.03 8.82 2.85 3.32 5.95 4.50 9.10
7.93 2.20 8.89 6.06 4.83 2.15 1.96 3.20 5.29 7.36
3.98 7.73 8.38 3.50 9.98 2.29 4.39 1.15 7.96 8.01
3.05 2.88 1.81 2.89 1.26 3.33 5.29 4.86 7.59 3.41
7.51 4.70 1.19 5.43 4.57 2.51 4.77 2.67 8.66 8.75
2.81 2.78 9.56 8.40 9.61 1.11 6.05 1.15 5.84 7.67
2.90 2.40 9.49 7.96 6.15 2.83 2.58 9.17 1.53 1.42
1.34 2.70 5.24 4.01 7.71 7.71 7.38 4.47 3.18 2.44
8.29 6.13 4.89 4.43 4.83 6.03 7.84 7.47 2.00 6.49
7.36 9.82 4.51 3.39 9.57 1.52 1.51 5.92 7.96 4.71
6.28 6.20 4.19 1.33 9.62 6.53 7.35 8.59 5.38 6.95
7.26 6.73 1.30 7.33 1.03 7.69 3.71 9.47 6.47 4.07
8.75 9.52 1.87 7.04 6.97 6.52 4.97 5.61 2.52 7.31
9.34 7.22 5.20 6.27 2.66 8.40 1.04 8.11 2.77 3.70
4.47 3.05 1.61 7.62 6.47 4.98 2.42 8.12 4.72 7.95
7.40 4.88 2.62 7.58 9.86 3.25 2.26 6.15 8.84 6.55
8.55 7.64 4.78 2.11 8.54 4.36 8.31 5.56 3.84 4.87
2.29 4.26 1.15 3.38 5.73 3.59 3.18 9.42 1.76 5.90
1.96 6.69 5.00 5.98 2.77 8.87 6.04 6.34 2.23 9.37
1.57 4.30 1.24 4.93 1.18 8.50 4.06 3.57 6.61 9.26
3.46 1.79 7.70 6.13 9.37 6.43 3.62 6.87 7.99 2.23
8.07 3.21 9.22 5.66 8.90 5.26 6.42 6.95 6.70 7.96
9.09 7.23 8.08 5.25 9.10 8.36 3.07 8.31 1.53 1.50
6.91 6.73 6.96 2.08 7.93 2.75 6.03 2.96 9.84 5.32
1.61 7.68 7.97 3.51 5.16 3.84 2.83 2.37 5.36 2.24
6.94 2.50 8.29 7.23 3.25 4.00 5.76 8.27 6.73 3.08
2.77 7.36 1.92 5.65 1.96 9.97 4.80 6.40 2.46 4.78
6.66 1.13 1.26 1.46 9.30 3.16 7.10 6.21 7.55 1.36
6.03 4.60 7.82 1.10 8.36 6.05 7.38 4.45 5.93 4.75
7.33 7.67 6.49 8.11 7.04 5.37 9.63 7.41 4.65 9.58
5.27 5.45 7.03 9.31 7.69 2.55 7.55 2.64 7.61 3.52
2.91 7.33 6.43 2.22 9.47 8.25 3.03 6.26 9.19 1.19
8.31 1.52 8.90 9.87 4.33 3.59 8.19 6.30 5.32 2.16
6.49 5.55 6.15 9.16 6.92 3.59 2.85 5.11 5.68 3.69
9.04 7.12 8.27 7.84 4.16 3.12 1.64 4.05 2.32 2.28
4.73 1.84 2.93 4.99 7.24 6.75 1.48 9.21 1.53 5.95
5.58 9.49 4.80 2.37 8.61 5.20 7.76 7.11 1.98 7.75
3.15 1.66 7.08 7.04 7.27 9.14 7.86 7.59 7.25 1.94
8.12 9.97 6.15 6.75 4.88 1.68 2.30 5.27 7.90 6.11
4.35 3.43 7.43 3.33 2.56 4.30 1.28 1.05 4.80 9.39
5.78 8.90 2.92 5.16 6.50 3.89 1.18 5.65 7.16 8.79
8.46 5.21 6.35 8.27 2.84 9.49 4.49 2.52 5.45 7.53
1.72 5.95 2.38 8.17 5.89 6.54 8.89 9.95 1.70 6.48
9.55 3.51 3.09 2.10 5.11 8.74 5.07 4.49 5.06 6.23
2.90 2.82 6.07 8.36 6.65 2.11 5.25 8.58 4.86 2.30
6.69 2.88 5.76 8.07 5.54 3.14 6.79 6.27 1.07 6.42
2.53 8.85 5.81 2.53 1.76 2.42 2.06 1.87 1.34 8.45
9.64 2.39 5.71 6.13 6.73 4.38 3.17 7.37 6.03 7.26
3.84 1.64 2.19 6.94 4.61 1.51 3.80 9.27 8.55 5.18
1.64 2.64 2.22 4.49 5.85 8.47 1.78 1.62 5.95 7.06
3.42 2.02 7.71 4.63 5.29 9.16 3.03 5.64 7.37 6.03
3.41 3.22 6.61 1.56 1.17 5.35 2.65 9.43 3.69 3.27
3.41 3.19 9.72 2.50 5.83 9.24 8.96 1.13 3.72 1.68
2.65 2.70 2.41 1.42 7.53 6.01 9.16 5.00 5.08 6.62
9.84 2.32 5.27 6.86 3.86 5.37 7.16 9.42 9.73 1.15
7.97 3.69 6.07 9.18 5.42 2.97 2.00 3.10 3.87 4.39
2.13 2.84 2.50 5.73 2.30 1.41 3.16 6.88 6.22 6.11
6.90 1.67 5.23 7.25 7.17 6.52 6.66 6.67 2.83 3.30

Demandas:
0 1 0 0 0 0 0
0 0 0 1 0 0 0
0 0 0 0 0 0 1
0 0 0 0 0 1 0
0 0 0 0 0 1 0
0 0 0 0 0 1 0
1 0 0 0 0 0 0
0 0 1 0 0 0 0
0 0 0 0 0 1 0
0 0 0 0 0 1 0
0 1 0 0 0 0 0
0 1 0 0 0 0 0
0 0 1 0 0 0 0
0 0 0 0 0 0 1
0 0 0 0 0 1 0
0 0 0 0 1 0 0
0 0 0 0 0 0 1
0 0 0 1 0 0 0
0 0 0 0 0 0 1
1 0 0 0 0 0 0
0 0 1 0 0 0 0
1 0 0 0 0 0 0
0 0 0 0 0 1 0
0 0 0 0 1 0 0
0 0 0 0 0 1 0
0 0 0 1 0 0 0
0 0 1 0 0 0 0
0 0 0 0 1 0 0
0 0 0 0 0 0 1
0 0 1 0 0 0 0
0 0 0 0 1 0 0
0 0 0 0 0 0 1
1 0 0 0 0 0 0
0 1 0 0 0 0 0
0 0 1 0 0 0 0
0 0 1 0 0 0 0
0 0 0 1 0 0 0
0 0 1 0 0 0 0
0 0 1 0 0 0 0
0 0 0 0 1 0 0
0 0 0 0 0 1 0
0 0 0 0 0 0 1
0 0 0 0 1 0 0
0 0 0 1 0 0 0
0 0 0 0 0 0 1
0 0 0 0 0 1 0
1 0 0 0 0 0 0
0 0 0 1 0 0 0
0 0 0 0 0 1 0
0 0 0 0 0 1 0
0 0 0 0 0 0 1
0 0 0 1 0 0 0
0 0 0 0 1 0 0
0 0 0 0 0 1 0
0 1 0 0 0 0 0
0 1 0 0 0 0 0
0 1 0 0 0 0 0
0 0 0 0 1 0 0
0 0 0 1 0 0 0
0 0 0 0 0 0 1
0 1 0 0 0 0 0
0 0 0 0 0 1 0
0 0 0 1 0 0 0
0 0 0 0 0 1 0
0 0 0 0 0 1 0
0 0 0 0 1 0 0
0 0 0 0 1 0 0
0 0 0 0 0 1 0
1 0 0 0 0 0 0
0 0 1 0 0 0 0
1 0 0 0 0 0 0
0 1 0 0 0 0 0
0 0 0 0 1 0 0
0 0 0 0 0 1 0
0 0 0 0 1 0 0
0 0 0 0 0 1 0
0 0 0 0 0 1 0
0 0 1 0 0 0 0
0 0 0 0 0 1 0
0 1 0 0 0 0 0
0 0 1 0 0 0 0
0 0 0 0 0 0 1
0 0 0 0 0 1 0
0 0 0 0 0 0 1
0 1 0 0 0 0 0
0 0 0 1 0 0 0
0 0 1 0 0 0 0
0 1 0 0 0 0 0
0 0 1 0 0 0 0
0 0 0 1 0 0 0
0 0 0 0 1 0 0
0 0 0 0 0 0 1
0 1 0 0 0 0 0
0 0 1 0 0 0 0
0 0 0 0 1 0 0
1 0 0 0 0 0 0
1 0 0 0 0 0 0
0 0 0 0 1 0 0
0 1 0 0 0 0 0
0 0 0 0 0 1 0
0 0 0 0 1 0 0
0 0 1 0 0 0 0
0 0 0 0 0 1 0
0 1 0 0 0 0 0
0 0 1 0 0 0 0
0 0 0 0 0 1 0
0 0 1 0 0 0 0
0 1 0 0 0 0 0
0 0 0 0 0 0 1
0 0 1 0 0 0 0
0 1 0 0 0 0 0
0 0 1 0 0 0 0
0 0 0 1 0 0 0
0 0 0 0 0 1 0
0 0 0 1 0 0 0
0 0 1 0 0 0 0
0 0 0 0 0 0 1
0 0 0 0 0 1 0
0 0 0 1 0 0 0
0 0 1 0 0 0 0
0 0 0 0 0 0 1
0 1 0 0 0 0 0
0 0 0 0 0 0 1
0 0 0 0 0 0 1
0 0 0 0 1 0 0
0 0 0 1 0 0 0
0 0 0 0 1 0 0
1 0 0 0 0 0 0
0 1 0 0 0 0 0
0 1 0 0 0 0 0
0 0 0 1 0 0 0
0 0 0 0 0 0 1
0 0 0 0 0 1 0
0 0 0 0 0 1 0
0 1 0 0 0 0 0
0 0 0 0 0 1 0
0 0 0 1 0 0 0
1 0 0 0 0 0 0
1 0 0 0 0 0 0
0 1 0 0 0 0 0
0 0 0 0 0 0 1
0 0 1 0 0 0 0
1 0 0 0 0 0 0
0 0 0 0 0 1 0
0 1 0 0 0 0 0
1 0 0 0 0 0 0
0 0 0 0 1 0 0
1 0 0 0 0 0 0
1 0 0 0 0 0 0
0 0 0 1 0 0 0
0 0 0 0 0 1 0
1 0 0 0 0 0 0
0 0 0 0 0 1 0
0 1 0 0 0 0 0
0 0 0 0 1 0 0
0 0 0 0 0 0 1
0 0 0 0 0 1 0
0 0 0 0 0 1 0
1 0 0 0 0 0 0
0 0 1 0 0 0 0
0 0 0 0 0 1 0
0 0 0 0 1 0 0
0 0 1 0 0 0 0
0 0 0 0 0 1 0
0 0 1 0 0 0 0
0 0 0 0 0 1 0
0 0 1 0 0 0 0
0 0 0 0 0 1 0
1 0 0 0 0 0 0
0 0 0 0 0 0 1
0 0 0 1 0 0 0
1 0 0 0 0 0 0
0 0 0 0 0 0 1
0 1 0 0 0 0 0
0 1 0 0 0 0 0
0 0 0 0 0 0 1
0 0 0 0 0 1 0
0 0 0 0 0 0 1
0 0 1 0 0 0 0
1 0 0 0 0 0 0
0 0 0 0 0 0 1
0 1 0 0 0 0 0
1 0 0 0 0 0 0
1 0 0 0 0 0 0
0 1 0 0 0 0 0
0 0 0 0 1 0 0
0 0 0 0 0 1 0
1 0 0 0 0 0 0
0 0 0 0 1 0 0
0 0 0 0 0 0 1
0 0 0 1 0 0 0
0 0 0 0 0 1 0
0 0 0 0 0 1 0
0 1 0 0 0 0 0
0 0 0 0 0 1 0
0 0 1 0 0 0 0
0 0 0 0 0 1 0
0 0 1 0 0 0 0
1 0 0 0 0 0 0
0 0 1 0 0 0 0
0 0 0 1 0 0 0
0 0 0 0 0 1 0
0 0 0 0 0 1 0
0 0 0 1 0 0 0
0 0 0 0 1 0 0
1 0 0 0 0 0 0
0 0 0 0 0 1 0
0 0 0 0 1 0 0
1 0 0 0 0 0 0
0 0 0 0 1 0 0
0 0 0 0 0 0 1
0 0 0 0 0 0 1
0 0 0 0 0 0 1
0 0 0 0 1 0 0
0 0 0 0 1 0 0
0 0 0 0 1 0 0
0 1 0 0 0 0 0
0 0 0 0 0 1 0
0 1 0 0 0 0 0
0 1 0 0 0 0 0
0 0 0 0 1 0 0
0 0 0 1 0 0 0
0 0 1 0 0 0 0
0 0 0 0 1 0 0
0 0 0 0 0 0 1
0 0 0 0 0 1 0
1 0 0 0 0 0 0
0 0 1 0 0 0 0
1 0 0 0 0 0 0
0 0 1 0 0 0 0
0 0 0 0 0 0 1
0 0 0 0 1 0 0
0 0 0 0 0 0 1
0 0 1 0 0 0 0
0 0 0 0 0 0 1
0 0 1 0 0 0 0
0 0 0 0 1 0 0
0 0 0 1 0 0 0
0 0 1 0 0 0 0
0 0 0 1 0 0 0
0 0 1 0 0 0 0
0 0 0 1 0 0 0
1 0 0 0 0 0 0
0 0 0 0 0 0 1
0 0 0 0 0 1 0
0 1 0 0 0 0 0
0 0 0 0 0 0 1
0 1 0 0 0 0 0
1 0 0 0 0 0 0
0 0 1 0 0 0 0
0 0 0 0 0 0 1
0 0 0 1 0 0 0
0 0 0 0 1 0 0
0 0 1 0 0 0 0
0 0 0 0 0 1 0
1 0 0 0 0 0 0
0 1 0 0 0 0 0
0 0 0 1 0 0 0
0 0 0 0 1 0 0
0 0 1 0 0 0 0
0 0 1 0 0 0 0
0 0 1 0 0 0 0
0 1 0 0 0 0 0
0 0 0 0 0 1 0
1 0 0 0 0 0 0
0 0 0 1 0 0 0
0 0 0 0 0 1 0
0 0 0 0 1 0 0
0 1 0 0 0 0 0
0 0 0 0 1 0 0
0 0 0 0 0 0 1
0 0 0 0 0 0 1
0 0 0 0 0 0 1
0 0 0 0 0 0 1
0 0 0 0 1 0 0
0 1 0 0 0 0 0
0 0 0 0 1 0 0
0 0 0 0 1 0 0
0 0 0 0 0 0 1
0 0 0 1 0 0 0
0 0 0 0 1 0 0
0 0 0 1 0 0 0
0 0 0 1 0 0 0
0 1 0 0 0 0 0
0 0 0 0 0 0 1
0 0 0 0 0 1 0
1 0 0 0 0 0 0
1 0 0 0 0 0 0
0 0 1 0 0 0 0
1 0 0 0 0 0 0
0 0 1 0 0 0 0
0 0 0 0 0 1 0
0 0 0 0 1 0 0
0 0 0 0 1 0 0
0 0 0 0 0 0 1
0 1 0 0 0 0 0
0 0 0 1 0 0 0
0 0 0 0 0 0 1
0 0 1 0 0 0 0
0 0 0 0 1 0 0
0 0 0 0 1 0 0
0 1 0 0 0 0 0
0 0 0 0 0 1 0
0 0 0 0 1 0 0
1 0 0 0 0 0 0
1 0 0 0 0 0 0
0 1 0 0 0 0 0
0 0 0 0 0 1 0
0 0 0 0 0 0 1
0 0 1 0 0 0 0
1 0 0 0 0 0 0
0 1 0 0 0 0 0
0 0 0 1 0 0 0
1 0 0 0 0 0 0
0 0 0 0 0 1 0
0 1 0 0 0 0 0
0 0 0 1 0 0 0
0 1 0 0 0 0 0
0 0 0 0 0 1 0
0 0 0 0 1 0 0
0 0 1 0 0 0 0
0 0 0 0 1 0 0
0 0 0 0 1 0 0
0 0 0 0 0 0 1
1 0 0 0 0 0 0
0 0 0 1 0 0 0
0 1 0 0 0 0 0
0 0 0 0 1 0 0
0 0 0 0 1 0 0
0 0 1 0 0 0 0
1 0 0 0 0 0 0
1 0 0 0 0 0 0
0 0 0 1 0 0 0
0 0 0 0 1 0 0
1 0 0 0 0 0 0
1 0 0 0 0 0 0
0 0 0 0 0 0 1
1 0 0 0 0 0 0
0 0 1 0 0 0 0
0 0 0 1 0 0 0
0 0 0 0 0 0 1
0 1 0 0 0 0 0
0 0 0 0 1 0 0
0 0 1 0 0 0 0
1 0 0 0 0 0 0
1 0 0 0 0 0 0
0 0 0 1 0 0 0
0 0 0 0 0 1 0
0 1 0 0 0 0 0
0 0 0 0 1 0 0
0 0 1 0 0 0 0
0 0 0 0 0 1 0
0 0 1 0 0 0 0
0 0 0 0 0 1 0
0 0 0 0 0 0 1
0 0 0 0 1 0 0
0 0 0 1 0 0 0
0 0 0 0 1 0 0
0 0 0 1 0 0 0
0 0 1 0 0 0 0
0 0 0 0 0 0 1
0 0 0 1 0 0 0
0 0 0 1 0 0 0
0 1 0 0 0 0 0
0 0 0 0 0 1 0
0 0 1 0 0 0 0
0 0 0 1 0 0 0
0 0 0 0 0 1 0
0 1 0 0 0 0 0
1 0 0 0 0 0 0
0 0 0 0 0 0 1
0 0 0 0 0 1 0
0 0 0 1 0 0 0
1 0 0 0 0 0 0
0 0 1 0 0 0 0
0 0 1 0 0 0 0
1 0 0 0 0 0 0
0 0 0 0 0 0 1
0 0 0 0 1 0 0
0 0 0 1 0 0 0
1 0 0 0 0 0 0
0 0 0 1 0 0 0
0 0 0 0 0 0 1
0 0 0 0 1 0 0
0 0 0 1 0 0 0
0 0 0 0 0 0 1
0 0 0 0 0 1 0
0 0 0 0 0 1 0
1 0 0 0 0 0 0
0 0 1 0 0 0 0
0 0 0 0 0 1 0
0 0 0 0 0 0 1
1 0 0 0 0 0 0
0 1 0 0 0 0 0
0 1 0 0 0 0 0
0 0 0 0 0 1 0
1 0 0 0 0 0 0
0 0 0 0 0 1 0
0 0 0 0 0 0 1
0 0 0 0 0 1 0
1 0 0 0 0 0 0
0 0 0 0 0 0 1
0 0 0 0 1 0 0
0 0 0 0 0 0 1
0 0 0 0 0 1 0
0 0 0 0 0 0 1
0 0 1 0 0 0 0
0 0 0 1 0 0 0
1 0 0 0 0 0 0
0 0 0 0 0 0 1
0 0 0 0 1 0 0
0 0 0 1 0 0 0
0 0 1 0 0 0 0
0 0 0 0 0 1 0
0 0 0 0 1 0 0
0 0 1 0 0 0 0
0 0 0 0 0 0 1
0 0 0 1 0 0 0
1 0 0 0 0 0 0
0 0 0 0 0 1 0
0 0 0 0 1 0 0
0 1 0 0 0 0 0
1 0 0 0 0 0 0
0 0 0 0 0 0 1
0 1 0 0 0 0 0
0 0 0 1 0 0 0
0 0 1 0 0 0 0
0 0 0 0 0 0 1
0 1 0 0 0 0 0
0 1 0 0 0 0 0
0 1 0 0 0 0 0
0 0 0 0 0 0 1
0 0 0 0 0 1 0
0 0 0 0 0 0 1
1 0 0 0 0 0 0
0 0 1 0 0 0 0
0 1 0 0 0 0 0
0 0 0 0 0 0 1
0 0 0 0 0 0 1
0 0 0 1 0 0 0
0 0 0 0 1 0 0
0 0 1 0 0 0 0
0 0 0 1 0 0 0
0 0 0 0 1 0 0
0 0 0 0 0 1 0
0 0 1 0 0 0 0
1 0 0 0 0 0 0
0 0 1 0 0 0 0
0 0 1 0 0 0 0
0 0 1 0 0 0 0
0 0 0 0 0 1 0
0 0 0 1 0 0 0
0 1 0 0 0 0 0
0 0 0 0 0 0 1
0 0 1 0 0 0 0
0 0 0 1 0 0 0
0 0 0 0 1 0 0
0 0 0 0 0 0 1
0 0 0 1 0 0 0
0 1 0 0 0 0 0
0 0 1 0 0 0 0
0 0 0 1 0 0 0
0 0 0 0 0 1 0
0 0 1 0 0 0 0
0 0 0 1 0 0 0
0 0 0 0 0 1 0
0 0 0 0 1 0 0
0 1 0 0 0 0 0
1 0 0 0 0 0 0
0 0 0 1 0 0 0
0 0 0 1 0 0 0
0 0 0 1 0 0 0
0 0 0 0 0 1 0
0 0 0 1 0 0 0
0 0 0 0 1 0 0
0 0 0 0 0 0 1
0 1 0 0 0 0 0
0 0 0 0 0 0 1
0 0 0 0 0 0 1
0 0 0 1 0 0 0
1 0 0 0 0 0 0
0 0 0 0 1 0 0
1 0 0 0 0 0 0
1 0 0 0 0 0 0
0 0 0 0 1 0 0
0 0 1 0 0 0 0
0 0 0 0 0 1 0
0 0 1 0 0 0 0
0 0 1 0 0 0 0
0 0 0 0 0 0 1
0 0 1 0 0 0 0
0 0 0 0 0 1 0
0 0 0 1 0 0 0
0 0 0 0 0 1 0
0 0 1 0 0 0 0
0 1 0 0 0 0 0
0 1 0 0 0 0 0
0 1 0 0 0 0 0
0 0 0 0 0 0 1
0 0 0 0 0 1 0
0 1 0 0 0 0 0
0 0 0 0 0 0 1
0 0 1 0 0 0 0
0 1 0 0 0 0 0
0 0 0 0 1 0 0
0 0 0 1 0 0 0
0 0 0 0 1 0 0
0 1 0 0 0 0 0
0 0 0 0 1 0 0
1 0 0 0 0 0 0
0 0 0 0 1 0 0
0 0 0 0 0 0 1
0 0 0 0 0 0 1
0 0 0 0 1 0 0
1 0 0 0 0 0 0
0 0 0 1 0 0 0
1 0 0 0 0 0 0
0 1 0 0 0 0 0
0 1 0 0 0 0 0
0 0 0 0 0 0 1
0 0 0 0 0 0 1
0 0 0 1 0 0 0
1 0 0 0 0 0 0
0 1 0 0 0 0 0
1 0 0 0 0 0 0
1 0 0 0 0 0 0
0 0 0 1 0 0 0
0 0 0 0 1 0 0
0 0 0 0 0 1 0
0 1 0 0 0 0 0
0 0 0 1 0 0 0
0 0 0 1 0 0 0
0 0 0 0 0 1 0
0 1 0 0 0 0 0
1 0 0 0 0 0 0
0 0 0 1 0 0 0
0 0 0 0 0 0 1
0 0 0 1 0 0 0
0 0 0 0 0 1 0
0 1 0 0 0 0 0
1 0 0 0 0 0 0
0 0 0 0 0 0 1
1 0 0 0 0 0 0
0 0 0 0 1 0 0
0 0 0 0 0 0 1
0 0 0 0 0 1 0
0 0 0 0 0 0 1
0 0 0 0 0 0 1
0 0 0 1 0 0 0
0 0 0 0 0 0 1
1 0 0 0 0 0 0
0 0 0 0 0 1 0
0 1 0 0 0 0 0
0 0 0 0 0 0 1
0 0 0 0 1 0 0
0 0 1 0 0 0 0
0 0 1 0 0 0 0
0 0 0 1 0 0 0
0 0 0 0 0 0 1
0 0 0 0 0 1 0
0 1 0 0 0 0 0
0 1 0 0 0 0 0
0 0 0 1 0 0 0
0 0 1 0 0 0 0
0 0 0 0 1 0 0
0 1 0 0 0 0 0
0 0 0 0 0 0 1
0 0 1 0 0 0 0
0 0 1 0 0 0 0
0 1 0 0 0 0 0
0 1 0 0 0 0 0
1 0 0 0 0 0 0
0 0 0 0 1 0 0
0 0 0 0 1 0 0
1 0 0 0 0 0 0
1 0 0 0 0 0 0
0 0 0 1 0 0 0
0 0 0 1 0 0 0
0 0 0 0 0 1 0
1 0 0 0 0 0 0
0 1 0 0 0 0 0
0 0 0 1 0 0 0
0 0 0 0 0 1 0
0 0 0 0 1 0 0
1 0 0 0 0 0 0
0 0 0 1 0 0 0
1 0 0 0 0 0 0
0 0 0 0 0 0 1
1 0 0 0 0 0 0
0 0 0 0 0 1 0
0 0 0 1 0 0 0
0 0 0 0 1 0 0
0 0 0 0 0 0 1
0 0 0 1 0 0 0
0 0 0 1 0 0 0
0 0 0 0 0 0 1
0 0 1 0 0 0 0
0 0 0 0 0 0 1
0 0 0 1 0 0 0
0 0 0 0 0 0 1
0 1 0 0 0 0 0
0 0 0 1 0 0 0
0 0 0 1 0 0 0
0 1 0 0 0 0 0
0 0 0 1 0 0 0
0 0 0 0 0 0 1
1 0 0 0 0 0 0
0 0 0 0 1 0 0
0 0 0 0 0 0 1
0 0 0 0 1 0 0
0 1 0 0 0 0 0
0 0 0 0 0 1 0
0 0 0 0 0 1 0
0 0 0 0 1 0 0
0 0 0 0 0 0 1
0 0 0 0 0 1 0
0 0 0 0 0 0 1
0 0 0 1 0 0 0
0 0 0 0 1 0 0
0 0 0 0 0 1 0
0 0 0 0 0 1 0
0 0 0 0 0 0 1
0 0 0 0 1 0 0
0 0 0 0 1 0 0
0 0 0 0 0 0 1
0 0 0 0 0 0 1
0 0 0 0 0 1 0
0 0 0 0 0 0 1
0 0 1 0 0 0 0
1 0 0 0 0 0 0
1 0 0 0 0 0 0
0 0 0 1 0 0 0
0 0 0 0 1 0 0
0 0 0 1 0 0 0
0 0 0 0 1 0 0
0 0 0 0 0 0 1
1 0 0 0 0 0 0
0 0 1 0 0 0 0
0 0 0 0 0 1 0
0 0 0 1 0 0 0
0 1 0 0 0 0 0
0 0 0 0 0 0 1
0 0 0 0 0 1 0
0 0 0 0 1 0 0
0 0 0 1 0 0 0
0 0 1 0 0 0 0
0 0 0 0 0 0 1
1 0 0 0 0 0 0
0 0 0 0 1 0 0
0 0 0 1 0 0 0
0 0 1 0 0 0 0
0 1 0 0 0 0 0
0 0 0 0 1 0 0
0 0 1 0 0 0 0
0 0 0 0 0 1 0
0 0 1 0 0 0 0
1 0 0 0 0 0 0
0 1 0 0 0 0 0
0 0 0 1 0 0 0
0 0 0 0 1 0 0
0 0 0 0 0 1 0
0 0 0 0 0 1 0
0 0 0 0 0 0 1
0 0 0 0 0 0 1
0 1 0 0 0 0 0
1 0 0 0 0 0 0
0 0 0 0 1 0 0
0 0 0 1 0 0 0
0 0 0 0 1 0 0
0 0 0 0 0 1 0
0 0 0 0 0 0 1
0 0 0 1 0 0 0
0 0 0 0 1 0 0
0 0 0 0 1 0 0
0 0 0 0 1 0 0
0 0 0 0 0 1 0
0 0 0 0 0 0 1
0 0 1 0 0 0 0
0 0 0 1 0 0 0
0 0 0 0 1 0 0
0 0 0 0 0 0 1
0 0 0 1 0 0 0
1 0 0 0 0 0 0
0 0 0 0 0 0 1
0 0 0 1 0 0 0
0 0 1 0 0 0 0
0 0 0 0 0 0 1
0 0 0 1 0 0 0
0 0 0 1 0 0 0
0 0 1 0 0 0 0
1 0 0 0 0 0 0
0 0 0 1 0 0 0
0 0 0 0 1 0 0
0 0 1 0 0 0 0
0 0 0 0 0 0 1
0 0 0 0 0 1 0
1 0 0 0 0 0 0
1 0 0 0 0 0 0
0 0 0 0 0 1 0
0 0 0 1 0 0 0
0 0 0 1 0 0 0
0 0 1 0 0 0 0
0 0 0 1 0 0 0
0 1 0 0 0 0 0
0 0 0 0 1 0 0
0 0 0 0 0 1 0
0 0 0 1 0 0 0
0 0 0 1 0 0 0
0 0 0 1 0 0 0
0 0 0 0 0 0 1
0 0 0 0 1 0 0
1 0 0 0 0 0 0
0 1 0 0 0 0 0
0 0 0 0 1 0 0
0 0 0 0 0 1 0
0 1 0 0 0 0 0
0 0 0 0 0 1 0
0 0 0 1 0 0 0
1 0 0 0 0 0 0
0 1 0 0 0 0 0
0 0 0 1 0 0 0
0 0 0 1 0 0 0
0 1 0 0 0 0 0
0 0 1 0 0 0 0
0 0 0 1 0 0 0
0 0 0 1 0 0 0
0 0 0 0 0 1 0
0 0 0 1 0 0 0
0 0 1 0 0 0 0
1 0 0 0 0 0 0
0 0 0 0 0 1 0
0 0 0 0 0 1 0
0 0 0 0 1 0 0
0 0 0 0 1 0 0
0 0 0 0 0 1 0
0 0 0 0 0 0 1
0 0 0 0 0 1 0
0 0 0 0 1 0 0
0 0 1 0 0 0 0
0 0 0 0 0 1 0
0 0 0 0 0 0 1
0 0 0 0 0 0 1
0 0 0 1 0 0 0
0 0 1 0 0 0 0
0 0 0 0 0 1 0
0 0 0 0 1 0 0
0 0 0 0 1 0 0
0 0 0 1 0 0 0
1 0 0 0 0 0 0
0 1 0 0 0 0 0
0 0 1 0 0 0 0
0 0 0 0 0 0 1
0 0 0 1 0 0 0
1 0 0 0 0 0 0
0 0 1 0 0 0 0
0 0 1 0 0 0 0
0 0 0 0 0 0 1
0 0 0 0 0 0 1
0 0 1 0 0 0 0
0 0 1 0 0 0 0
0 1 0 0 0 0 0
1 0 0 0 0 0 0
0 0 1 0 0 0 0
0 1 0 0 0 0 0
0 0 0 0 1 0 0
0 0 0 0 1 0 0
0 0 1 0 0 0 0
1 0 0 0 0 0 0
0 0 1 0 0 0 0
0 0 0 0 1 0 0
0 0 1 0 0 0 0
1 0 0 0 0 0 0
0 0 0 0 0 0 1
0 0 0 0 0 0 1
0 0 0 0 0 1 0
0 0 0 0 1 0 0
0 0 0 0 1 0 0
0 0 0 0 0 0 1
0 1 0 0 0 0 0
0 1 0 0 0 0 0
0 0 0 1 0 0 0
1 0 0 0 0 0 0
0 0 1 0 0 0 0
0 0 1 0 0 0 0
0 0 0 0 0 1 0
0 0 1 0 0 0 0
1 0 0 0 0 0 0
0 0 0 0 1 0 0
0 0 0 0 0 1 0
1 0 0 0 0 0 0
0 0 0 0 0 1 0
0 0 1 0 0 0 0
0 0 0 0 0 1 0
0 0 1 0 0 0 0
0 0 0 0 0 1 0
1 0 0 0 0 0 0
0 1 0 0 0 0 0
0 0 0 1 0 0 0
0 0 0 0 1 0 0
0 1 0 0 0 0 0
0 0 0 1 0 0 0
0 0 0 0 0 1 0
0 0 1 0 0 0 0
1 0 0 0 0 0 0
0 0 0 0 0 0 1
0 0 0 0 0 0 1
0 0 1 0 0 0 0
0 0 0 0 1 0 0
0 0 0 0 1 0 0
1 0 0 0 0 0 0
0 0 1 0 0 0 0
0 0 0 0 0 1 0
0 0 1 0 0 0 0
0 0 1 0 0 0 0
0 0 0 0 1 0 0
0 0 0 0 0 1 0
0 0 1 0 0 0 0
1 0 0 0 0 0 0
0 0 0 0 1 0 0
0 0 0 0 0 1 0
1 0 0 0 0 0 0
0 0 1 0 0 0 0
0 0 0 0 1 0 0
0 0 0 1 0 0 0
0 1 0 0 0 0 0
0 0 0 0 0 0 1
0 0 0 1 0 0 0
0 0 1 0 0 0 0
0 0 1 0 0 0 0
0 0 0 1 0 0 0
0 0 0 0 0 1 0
0 1 0 0 0 0 0
0 0 0 0 0 0 1
0 0 1 0 0 0 0
0 1 0 0 0 0 0
1 0 0 0 0 0 0
0 0 0 0 1 0 0
0 1 0 0 0 0 0
0 1 0 0 0 0 0
1 0 0 0 0 0 0
0 0 0 0 1 0 0
0 0 0 0 1 0 0
0 0 0 0 1 0 0
0 0 0 0 0 0 1
0 1 0 0 0 0 0
0 0 0 0 0 0 1
0 0 0 0 0 1 0
0 0 0 0 1 0 0
0 0 0 0 0 1 0
0 0 0 0 0 1 0
0 0 0 0 0 0 1
0 0 1 0 0 0 0
0 0 1 0 0 0 0
0 1 0 0 0 0 0
0 1 0 0 0 0 0
1 0 0 0 0 0 0
0 0 0 0 0 0 1
0 0 0 1 0 0 0
1 0 0 0 0 0 0
0 0 0 0 0 0 1
0 0 1 0 0 0 0
0 1 0 0 0 0 0
0 0 0 0 0 0 1
0 0 0 0 0 0 1
0 1 0 0 0 0 0
1 0 0 0 0 0 0
0 0 0 0 1 0 0
0 1 0 0 0 0 0
1 0 0 0 0 0 0
0 1 0 0 0 0 0
0 0 0 0 1 0 0
1 0 0 0 0 0 0
1 0 0 0 0 0 0
0 1 0 0 0 0 0
0 0 1 0 0 0 0
0 0 0 0 0 1 0
0 0 0 0 1 0 0
0 0 0 1 0 0 0
0 0 1 0 0 0 0
0 0 0 1 0 0 0
1 0 0 0 0 0 0
0 0 0 1 0 0 0
0 0 0 0 0 1 0
0 0 0 1 0 0 0
0 1 0 0 0 0 0
0 0 0 0 1 0 0
0 1 0 0 0 0 0
0 0 0 0 0 1 0
1 0 0 0 0 0 0
0 0 1 0 0 0 0
0 0 0 0 1 0 0
0 0 0 0 1 0 0
1 0 0 0 0 0 0
0 0 0 0 1 0 0
0 1 0 0 0 0 0
0 1 0 0 0 0 0
0 0 0 0 0 0 1
0 0 0 0 1 0 0
0 0 0 0 1 0 0
1 0 0 0 0 0 0
0 0 0 1 0 0 0
1 0 0 0 0 0 0
0 0 0 0 0 1 0
1 0 0 0 0 0 0
0 0 0 0 0 1 0
0 0 1 0 0 0 0
1 0 0 0 0 0 0
0 0 0 0 0 0 1
0 0 0 0 0 1 0
0 0 1 0 0 0 0
0 0 0 0 0 0 1
0 0 0 1 0 0 0
0 0 1 0 0 0 0
0 0 0 0 0 0 1
0 0 0 0 0 0 1
0 0 0 0 1 0 0
0 0 0 1 0 0 0
0 0 0 1 0 0 0
0 0 0 0 0 0 1
0 1 0 0 0 0 0
0 0 1 0 0 0 0
1 0 0 0 0 0 0
0 0 0 0 0 1 0
0 0 1 0 0 0 0
0 0 0 0 1 0 0
0 0 0 0 0 0 1
0 0 0 1 0 0 0
0 0 0 0 1 0 0
0 0 0 1 0 0 0
0 0 1 0 0 0 0
0 0 1 0 0 0 0
0 0 0 0 0 1 0
0 1 0 0 0 0 0
1 0 0 0 0 0 0
1 0 0 0 0 0 0
0 1 0 0 0 0 0
0 0 0 0 1 0 0
0 0 0 0 0 1 0
0 0 1 0 0 0 0
0 0 1 0 0 0 0
0 0 0 0 1 0 0
1 0 0 0 0 0 0
0 0 1 0 0 0 0
0 0 0 0 0 0 1
0 0 0 0 1 0 0
0 1 0 0 0 0 0
0 0 0 0 0 1 0
0 0 0 0 0 0 1
0 0 0 1 0 0 0
0 1 0 0 0 0 0
0 0 0 1 0 0 0
1 0 0 0 0 0 0
0 0 0 0 1 0 0
0 0 0 0 1 0 0
0 0 0 1 0 0 0
0 0 0 0 0 0 1
0 1 0 0 0 0 0
0 0 0 0 0 1 0
0 0 1 0 0 0 0
0 0 0 0 1 0 0
0 0 0 1 0 0 0
0 0 0 0 1 0 0
1 0 0 0 0 0 0
0 1 0 0 0 0 0
0 1 0 0 0 0 0
0 0 1 0 0 0 0
0 1 0 0 0 0 0
0 0 1 0 0 0 0
0 0 1 0 0 0 0
0 1 0 0 0 0 0
0 0 0 0 0 0 1
0 0 0 0 1 0 0
0 0 0 0 0 1 0
0 0 0 1 0 0 0
1 0 0 0 0 0 0
0 0 1 0 0 0 0
0 0 0 1 0 0 0
0 0 0 0 1 0 0
0 0 0 0 0 1 0
0 0 1 0 0 0 0
0 1 0 0 0 0 0
0 0 0 0 0 1 0
0 0 0 1 0 0 0
0 0 0 0 1 0 0
0 0 0 0 1 0 0
0 0 0 0 0 1 0
0 0 1 0 0 0 0
0 0 0 0 1 0 0
0 1 0 0 0 0 0
0 0 0 0 0 1 0
1 0 0 0 0 0 0
1 0 0 0 0 0 0
0 0 0 0 1 0 0
0 0 0 0 0 1 0
0 0 0 0 1 0 0
1 0 0 0 0 0 0
0 0 0 1 0 0 0
0 0 0 0 1 0 0
0 0 0 1 0 0 0
1 0 0 0 0 0 0

Capacidades:
34 28 39 47 35 32 48
50 55 38 54 0 30 35
28 28 56 0 26 26 21
31 35 0 58 31 49 38
37 26 49 42 57 31 29
58 59 55 50 48 30 33
59 28 40 59 43 59 35
24 46 53 33 36 47 0
0 0 33 53 0 53 24
30 43 58 55 57 48 29
