m: 500
n: 5
p: 7

Distancias:
4.08 3.69 9.44 4.32 1.45
8.56 8.70 8.16 8.81 2.43
6.09 7.25 1.72 6.46 7.37
4.86 2.78 3.06 2.42 7.34
7.08 3.30 9.31 7.42 1.47
9.30 4.79 9.02 2.11 3.27
7.59 2.73 1.49 2.21 3.27
5.33 1.02 7.00 9.16 4.16
5.80 7.36 9.90 5.63 2.99
1.40 6.62 5.68 8.79 4.21
1.31 8.83 5.23 9.15 6.97
2.51 2.26 8.33 5.02 6.04
3.55 7.52 1.55 7.55 3.51
4.40 6.59 3.89 6.41 4.07
2.95 2.24 3.47 4.94 2.76
9.37 8.00 8.04 3.56 6.87
4.18 4.52 3.02 7.09 5.00
1.66 3.87 1.06 3.56 5.03
1.52 3.49 6.65 6.93 2.75
7.56 8.42 1.86 8.66 4.24
1.55 3.15 1.20 4.05 3.93
8.76 4.48 3.60 1.55 7.02
4.40 5.09 8.41 5.76 6.49
2.90 3.07 2.35 9.62 6.96
4.98 4.32 4.27 5.72 8.48
7.36 9.08 8.11 5.38 5.40
4.19 2.66 6.95 1.84 8.22
8.22 4.11 3.72 1.63 1.86
9.97 1.79 5.62 7.76 3.63
4.35 4.59 6.36 2.93 7.11
4.89 1.17 1.19 1.25 1.30
4.95 7.08 2.83 8.57 5.70
1.45 5.87 9.96 5.42 2.44
4.49 4.01 8.20 1.19 1.58
3.58 4.45 3.97 7.42 9.36
9.92 7.53 6.35 5.40 8.51
8.13 5.73 1.99 3.50 1.68
1.51 3.58 4.22 4.46 3.82
7.96 6.84 3.34 5.98 9.46
5.34 6.97 8.68 2.17 3.43
7.33 8.32 4.99 5.55 6.79
6.99 6.68 6.62 5.17 2.14
7.17 8.29 3.50 4.72 6.81
5.60 2.74 2.38 9.29 9.34
6.91 2.85 2.28 5.29 9.04
4.91 5.26 1.36 6.05 9.98
8.92 3.72 3.67 7.76 3.55
7.60 8.78 6.92 6.73 4.08
9.05 2.78 1.59 6.75 2.88
4.41 3.99 7.82 2.29 4.42
8.71 1.99 3.70 5.21 4.02
3.96 8.04 6.35 9.14 4.55
3.52 9.72 8.41 9.14 7.46
5.43 3.69 6.00 1.41 9.41
9.26 3.06 3.05 5.93 5.90
8.81 3.88 6.53 4.44 9.51
5.01 1.03 6.72 4.44 7.14
2.89 3.42 7.47 2.47 3.14
4.50 1.40 7.69 8.37 6.63
4.88 1.63 8.88 6.32 8.93
9.37 3.50 3.44 1.19 7.07
2.82 5.25 6.67 5.94 9.58
1.28 4.75 9.82 5.96 6.28
5.82 3.92 8.33 7.18 9.59
5.00 3.37 4.24 4.10 6.87
3.42 6.89 2.13 5.20 5.16
2.00 6.77 1.30 3.46 2.53
2.29 9.46 6.37 1.58 7.58
2.05 4.46 3.53 5.01 5.36
8.86 7.58 9.32 1.74 9.04
1.10 6.06 2.53 5.32 6.44
5.92 9.43 5.99 6.28 1.47
3.73 9.03 7.38 8.72 4.91
7.75 7.05 8.27 6.50 5.76
2.71 7.29 1.75 4.91 7.28
4.51 4.11 5.54 6.82 3.15
1.71 3.84 6.27 3.39 8.09
2.59 6.39 2.47 3.57 9.45
2.00 9.51 2.71 6.07 8.14
5.36 9.59 1.31 5.63 1.71
1.38 4.00 3.32 9.80 9.22
8.86 8.46 5.97 2.89 3.01
1.67 4.77 4.62 7.39 6.42
4.24 6.47 8.42 1.72 5.07
6.13 8.07 8.19 6.98 8.80
1.65 8.33 3.31 6.74 1.28
2.26 4.45 5.19 6.22 8.15
4.26 1.31 3.68 2.99 4.43
8.07 2.99 1.29 3.13 6.05
1.37 8.31 3.24 7.46 5.87
6.92 2.42 1.23 2.46 6.14
8.91 9.70 7.86 1.48 9.25
2.28 2.21 2.18 6.41 7.37
1.85 6.43 4.01 6.64 2.89
2.78 5.23 9.56 7.04 5.24
6.06 4.15 3.80 6.58 7.02
7.27 5.06 2.46 7.38 6.02
6.52 8.19 8.20 8.82 6.16
7.29 9.46 9.36 8.44 3.87
2.66 9.73 2.53 2.54 6.35
5.34 5.81 6.37 5.42 8.96
7.36 1.63 5.75 4.71 9.68
6.87 4.92 7.40 8.75 3.48
3.40 7.71 2.02 4.40 9.33
3.72 8.99 3.68 9.53 9.76
8.16 4.21 2.31 8.14 5.16
8.99 2.87 9.80 5.95 9.79
3.00 8.57 4.27 8.60 3.51
8.41 5.65 1.46 6.23 3.63
4.37 4.49 1.77 2.48 8.76
3.07 8.98 8.49 6.09 5.25
9.28 8.21 8.27 9.22 9.36
6.25 4.65 3.97 2.04 6.39
9.48 6.56 7.88 6.24 7.72
2.77 3.00 7.68 3.22 1.47
5.97 8.79 2.44 5.36 4.28
7.25 8.09 7.47 5.49 1.74
7.87 1.70 4.19 8.20 2.95
9.23 2.72 4.97 4.39 9.25
7.84 8.17 8.44 9.01 8.08
8.21 1.22 5.79 9.25 6.81
1.96 1.62 7.87 3.31 8.08
1.08 8.81 1.55 8.35 4.85
4.61 1.16 1.77 5.62 3.75
4.00 3.19 3.92 1.01 9.09
1.73 2.73 7.56 9.62 6.93
7.67 4.31 3.24 7.13 3.73
6.32 4.36 1.92 3.44 3.10
4.04 9.30 2.95 5.93 1.58
1.23 9.05 9.45 2.91 8.12
3.81 8.92 2.49 5.35 1.56
6.33 6.79 7.13 8.61 6.23
3.38 1.93 7.09 7.93 7.31
3.25 5.44 4.27 9.57 6.68
2.08 9.02 8.00 7.76 7.77
9.35 8.60 5.24 3.31 8.61
4.91 9.05 7.71 9.94 6.97
3.23 8.24 7.32 5.17 1.53
9.27 3.45 6.84 1.39 6.87
8.84 4.39 5.24 9.24 1.38
5.53 6.71 6.46 6.53 4.38
8.23 5.13 7.07 4.60 2.21
9.34 7.91 4.17 7.28 2.05
4.22 2.45 7.99 2.30 9.47
5.35 7.92 4.12 2.70 5.64
1.91 7.47 4.57 9.77 4.36
5.21 4.84 3.20 1.17 2.83
1.89 2.13 2.53 3.92 3.06
9.07 8.10 9.48 3.10 6.74
4.66 9.20 7.44 7.01 5.15
7.87 1.44 9.17 4.64 2.47
8.99 4.39 2.60 8.68 4.92
2.72 6.03 2.22 9.83 9.78
1.36 8.42 1.03 2.55 2.67
9.86 2.04 3.30 9.12 3.15
5.65 3.82 2.90 9.72 6.36
8.13 6.05 1.07 2.28 6.54
4.59 8.14 8.19 4.66 2.71
8.15 8.68 8.91 1.28 1.95
3.71 1.56 2.58 3.26 3.08
6.83 8.57 8.29 2.30 6.08
9.80 1.90 1.06 5.33 9.77
6.91 2.18 9.21 3.40 1.97
7.20 3.50 7.34 8.32 7.86
8.29 5.19 5.56 3.49 1.22
2.89 2.75 6.27 2.41 1.55
5.16 2.82 4.82 6.01 6.36
2.77 7.60 5.56 5.56 5.63
2.77 1.10 5.51 7.53 1.19
5.03 2.37 9.79 2.01 8.65
3.46 9.14 6.73 8.28 8.67
8.48 4.73 4.34 2.81 5.83
6.70 1.15 2.11 1.26 1.44
7.88 6.74 8.88 3.14 9.81
5.18 8.35 4.01 4.68 4.45
6.28 4.53 5.17 4.76 2.72
1.64 5.80 6.09 1.70 2.85
1.37 1.31 2.92 7.33 4.98
5.63 8.63 4.20 7.52 6.27
2.92 9.85 9.51 3.36 5.88
6.32 9.70 1.75 2.25 2.53
9.91 2.31 7.40 4.09 7.74
5.42 9.43 8.76 5.77 2.23
3.56 6.72 1.71 9.12 6.37
4.06 8.37 3.33 3.28 6.85
9.15 3.52 3.85 1.50 9.78
7.13 7.45 3.44 4.45 8.84
2.41 1.82 2.58 7.90 7.95
2.19 9.10 6.63 6.55 6.80
7.01 2.79 5.33 7.62 3.83
9.08 1.19 7.03 2.57 5.18
2.33 9.13 9.58 3.84 2.39
6.58 4.11 9.94 2.78 7.82
9.67 2.55 5.91 9.30 7.15
9.97 5.38 6.42 5.45 1.99
2.36 4.38 4.04 3.01 4.46
7.29 8.59 1.67 5.88 5.68
9.39 8.97 6.00 8.02 2.97
3.56 9.20 8.74 2.57 1.22
5.79 9.93 5.37 7.67 3.23
2.78 1.12 6.52 5.48 6.35
3.27 7.21 1.48 4.12 9.89
7.60 4.65 7.72 1.17 4.23
3.75 7.12 9.91 4.56 6.52
5.73 3.26 3.59 1.82 6.11
8.51 4.64 7.12 5.43 6.75
2.12 4.30 2.84 5.97 1.08
5.25 5.07 4.89 9.79 2.10
7.60 2.92 1.84 5.84 1.49
6.44 2.28 8.40 5.03 3.82
8.21 7.41 9.74 3.35 6.16
5.14 7.21 1.44 8.06 9.95
3.95 1.59 2.17 6.05 9.90
1.29 3.95 8.44 6.47 8.31
1.42 9.86 4.78 8.37 2.26
1.31 7.36 2.32 2.78 3.73
7.03 7.48 4.62 6.53 2.28
5.13 5.86 7.99 3.40 8.38
3.55 2.91 5.69 9.50 7.89
6.21 7.63 5.55 2.28 8.36
3.59 2.67 4.33 5.99 9.56
9.65 4.66 3.95 3.94 6.44
9.46 8.46 6.22 5.23 2.65
6.09 6.34 5.01 3.85 8.34
2.60 8.19 8.47 1.20 4.37
3.66 2.48 4.03 1.27 1.67
4.22 6.03 9.61 5.09 9.32
9.73 6.13 4.39 4.57 8.21
7.47 8.18 3.83 9.90 7.91
1.88 9.70 7.42 2.49 6.94
8.33 2.01 5.50 6.22 7.74
7.12 5.48 9.00 2.34 8.40
5.92 1.33 8.99 4.50 5.37
6.51 8.74 2.21 5.82 9.54
1.24 3.96 8.90 8.60 9.32
7.57 8.60 8.34 5.93 8.88
5.05 9.79 4.13 9.98 8.14
6.22 1.30 5.37 7.01 6.37
2.31 7.64 3.18 3.29 2.50
7.57 9.48 1.16 4.33 8.70
8.72 8.38 7.41 9.27 2.69
4.34 8.91 7.36 3.39 6.87
2.54 4.18 9.08 7.89 4.07
7.51 5.90 8.63 4.21 7.65
4.14 7.16 7.87 1.27 6.98
4.00 9.37 1.25 2.80 8.84
3.81 2.11 3.88 9.99 9.61
5.30 4.17 8.99 7.01 5.88
3.90 3.84 6.25 6.44 2.50
7.61 1.65 5.50 4.43 5.75
1.66 7.11 5.51 8.49 6.63
8.50 9.53 7.71 9.44 5.96
1.60 9.33 1.54 4.60 3.16
9.83 2.03 7.42 3.35 8.04
2.70 4.34 3.57 1.35 1.66
9.67 5.19 5.60 7.47 1.78
3.47 9.39 1.82 2.82 1.56
5.33 8.48 8.94 2.86 7.50
1.43 9.03 3.85 6.44 3.19
1.97 3.55 5.71 3.34 3.14
9.35 3.05 5.26 3.22 7.89
6.42 6.19 3.75 9.70 1.59
1.53 3.74 3.99 8.41 6.00
3.47 3.00 5.04 2.10 1.66
1.88 5.65 4.93 5.58 9.56
4.21 8.54 2.59 1.85 7.16
7.98 9.92 3.60 4.30 8.03
7.16 4.86 5.16 8.08 8.04
8.09 4.53 5.03 5.20 7.29
9.23 7.35 7.37 8.11 9.62
2.86 1.13 6.06 8.33 1.91
1.64 6.14 2.20 3.67 3.89
9.54 1.85 5.65 5.25 2.52
1.76 8.31 7.36 8.48 4.07
2.51 8.32 5.03 1.89 5.58
4.74 3.66 5.68 4.63 5.56
8.52 7.42 7.13 1.75 4.10
5.83 7.43 3.36 7.29 3.36
6.46 6.90 9.45 5.47 8.29
6.75 5.94 5.83 8.72 8.97
9.55 8.85 9.34 3.27 2.44
6.95 2.08 3.83 2.99 6.44
6.75 9.93 9.10 3.11 5.17
3.33 3.14 9.56 4.49 2.20
7.77 4.51 5.06 8.28 1.29
5.25 7.97 2.86 2.86 5.88
3.03 8.33 2.27 4.90 2.28
8.63 3.69 6.26 4.85 6.00
8.12 5.13 2.99 9.05 7.41
9.05 5.33 7.78 9.26 7.62
1.44 8.18 8.68 5.58 9.85
7.20 5.16 8.55 8.03 5.16
9.19 3.77 2.39 2.20 9.34
9.70 5.14 4.56 8.49 2.71
8.61 1.42 8.11 3.20 8.63
1.76 1.90 9.96 9.70 1.85
6.53 3.49 2.26 9.72 6.30
6.23 6.87 4.74 7.22 8.83
1.82 9.33 4.54 1.81 1.53
8.78 4.08 4.48 5.79 3.57
8.89 5.53 8.13 9.28 5.00
8.57 8.04 2.70 2.02 7.36
8.03 9.70 5.39 4.05 5.26
7.46 8.44 4.45 6.35 2.64
9.96 3.63 7.73 8.91 8.54
2.78 3.85 5.92 7.48 6.84
6.40 9.25 7.52 4.47 1.79
4.44 9.34 5.16 1.00 1.48
5.18 2.84 6.51 7.54 3.21
9.28 7.79 6.61 9.01 9.05
4.75 9.57 1.68 2.48 3.83
5.45 4.53 6.36 8.52 1.81
3.67 7.58 3.78 3.84 5.86
3.43 1.85 3.00 3.62 7.33
2.98 4.99 9.22 1.37 1.09
8.92 1.83 1.90 3.85 1.63
3.68 1.98 1.42 7.27 5.82
6.35 7.81 7.05 7.27 6.37
4.45 7.27 1.25 2.25 7.47
3.77 6.75 2.60 2.87 7.44
7.88 1.20 3.02 4.87 7.72
4.41 5.86 9.57 8.62 6.50
5.71 4.36 5.32 9.80 6.71
4.60 9.69 1.26 7.42 1.42
3.30 8.71 3.79 1.42 5.03
4.96 5.09 4.18 4.47 1.62
6.57 2.06 4.30 3.68 3.24
4.80 3.37 7.02 9.78 4.93
1.09 9.85 3.87 1.25 7.40
4.33 8.45 5.20 9.87 4.85
8.82 4.83 9.01 5.36 3.52
7.69 9.97 6.80 4.61 5.40
4.28 8.34 1.66 2.46 4.53
9.78 2.27 8.34 6.01 3.15
6.35 3.83 7.85 3.08 6.90
9.39 7.13 6.72 9.17 2.95
3.81 4.39 2.25 5.17 7.21
3.66 3.53 8.79 1.54 9.02
5.80 7.32 9.81 7.90 9.95
2.80 2.52 1.78 4.01 7.87
1.51 5.81 1.85 1.25 1.13
6.14 8.39 2.28 3.68 4.70
3.67 1.78 9.34 2.85 6.47
7.31 9.82 3.68 5.10 4.35
8.53 3.64 4.07 5.35 7.53
1.28 8.19 9.09 6.10 4.77
7.14 3.41 1.62 5.51 9.46
6.48 5.78 9.27 3.79 9.95
3.83 3.68 6.90 2.07 2.10
1.14 3.88 9.07 7.73 7.17
5.19 1.18 6.22 9.39 4.68
3.58 5.11 1.95 1.81 8.93
9.83 8.70 4.26 2.45 1.77
9.32 8.71 2.07 3.21 3.25
2.69 4.84 6.51 2.18 1.61
7.84 8.94 6.00 7.72 4.45
6.01 4.86 8.67 2.86 8.18
6.65 1.86 1.57 8.51 4.64
9.64 4.92 6.05 3.37 7.93
6.67 5.64 5.96 7.02 1.77
8.44 7.51 1.21 8.81 7.92
4.55 4.07 3.01 9.59 7.53
8.23 7.84 8.41 1.37 4.63
3.56 2.39 4.56 8.41 7.34
6.47 9.19 5.23 8.66 5.64
5.33 4.12 8.26 3.33 5.40
3.53 6.12 3.03 9.45 3.41
3.49 7.29 2.81 2.14 1.71
7.39 3.64 4.15 3.97 1.42
7.64 9.56 6.31 6.39 6.65
9.44 8.98 7.75 5.25 6.77
5.21 6.01 2.71 5.62 4.81
9.45 9.11 7.83 5.84 8.57
6.74 8.89 6.79 1.33 5.72
9.25 8.21 7.21 9.77 1.08
3.35 4.46 3.84 6.52 3.01
4.21 6.92 4.89 6.88 1.39
6.44 8.61 2.94 3.21 3.16
4.58 3.56 8.86 7.99 9.91
7.55 2.35 4.56 5.46 7.08
1.93 3.57 9.72 6.54 4.14
2.09 2.61 5.01 5.20 1.42
4.19 5.66 8.48 8.43 3.89
8.36 5.10 1.13 1.11 2.43
2.62 3.18 4.83 9.75 8.18
8.18 5.90 8.31 7.59 7.51
1.33 8.76 2.09 7.61 7.29
7.82 5.94 3.96 4.28 2.59
6.78 1.82 4.10 7.46 6.01
9.89 7.90 6.68 6.40 4.32
8.05 6.76 8.19 7.25 7.48
9.05 4.56 3.79 3.10 1.58
5.74 4.06 4.19 2.54 6.60
4.68 5.47 4.49 3.25 4.83
9.82 8.06 9.81 2.37 3.42
8.98 7.53 4.46 8.93 5.48
7.90 7.78 9.23 6.51 4.09
2.87 6.65 3.97 7.09 2.53
5.12 8.16 4.72 1.90 1.44
5.14 9.04 1.52 8.91 6.05
8.99 6.15 7.39 1.83 1.79
7.27 5.50 9.93 7.48 3.43
8.85 7.44 7.90 5.58 2.78
4.28 7.81 8.21 3.08 6.67
7.09 6.28 6.79 5.69 6.51
7.21 2.56 4.11 4.35 5.22
1.54 3.44 6.14 1.51 5.85
8.69 2.34 6.86 9.84 8.32
8.55 3.43 3.43 8.35 8.09
8.16 6.88 9.70 5.67 2.47
8.40 7.24 2.97 2.25 8.83
2.37 1.18 6.07 2.42 4.26
2.80 2.22 5.82 2.83 1.93
4.23 7.92 3.18 7.73 7.21
1.40 5.22 3.78 5.32 6.72
2.34 6.61 7.04 6.17 8.16
2.51 9.96 4.62 7.93 5.56
5.66 4.26 6.62 9.30 7.67
7.75 6.63 8.19 1.53 3.91
5.60 8.06 7.45 7.34 9.95
2.67 5.54 3.99 4.49 1.91
7.83 9.99 6.53 6.75 6.98
5.63 2.81 6.65 9.68 9.28
1.87 3.65 6.94 5.49 2.14
8.74 4.10 8.21 4.37 1.01
5.26 2.73 6.15 8.08 4.14
1.78 2.68 2.74 2.85 5.02
9.86 6.86 8.71 5.01 2.19
1.71 4.64 3.99 1.79 4.14
4.63 2.48 7.15 2.97 7.06
5.78 9.15 9.47 5.62 5.92
5.90 1.78 9.66 4.14 2.81
8.52 6.30 7.32 4.63 3.09
1.59 2.57 2.17 7.13 3.45
1.71 8.91 1.98 7.66 5.59
5.75 2.77 7.84 8.31 5.71
9.05 1.04 7.48 7.39 8.19
5.06 8.55 2.84 8.46 8.40
8.65 5.84 2.32 1.49 1.71
3.58 3.70 5.38 4.86 5.16
9.22 6.51 6.17 7.26 9.16
7.09 7.60 6.24 9.53 9.59
1.07 9.42 4.95 6.21 5.68
2.10 8.83 9.63 7.74 9.35
8.92 8.93 3.00 8.51 7.07
8.29 5.78 5.07 3.44 4.70
8.80 8.62 3.50 2.48 9.28
8.85 7.11 3.36 5.62 1.27
9.25 9.40 5.75 6.74 5.90
1.12 4.58 5.40 5.64 8.88
6.54 2.06 7.28 3.88 8.91
6.65 9.21 7.22 7.28 3.13
3.31 3.27 8.36 2.91 8.26
2.80 8.23 7.35 4.13 3.93
8.82 7.39 1.79 3.55 6.11
7.06 9.80 2.56 8.27 8.90
5.71 2.73 5.45 6.59 2.82
9.81 1.46 5.42 1.65 9.61
9.72 4.87 8.67 9.77 3.53
5.65 4.26 2.65 1.26 3.44
1.43 7.66 6.33 9.32 3.42
4.15 1.50 3.10 5.20 1.63
8.89 8.74 7.76 5.64 6.13
6.97 5.33 9.79 5.79 1.07
5.08 1.74 6.28 2.88 5.91
2.49 3.60 7.98 2.66 4.62
5.43 3.99 2.02 9.83 3.14
1.61 1.31 7.60 6.86 3.82
9.10 8.24 9.53 3.24 8.84
6.83 9.54 7.77 6.81 5.11
7.58 4.27 2.89 2.61 7.26
5.78 4.64 4.62 9.69 4.61
9.11 2.42 4.25 3.24 3.38
7.63 5.86 3.92 8.86 4.34
8.09 6.53 6.45 7.22 6.10
1.98 9.89 3.91 7.11 3.92
4.94 6.18 7.94 6.34 1.36
8.57 9.42 8.67 9.99 6.59
5.45 3.87 7.26 2.19 4.94
5.92 1.72 6.39 7.68 9.98
8.11 7.55 1.88 5.16 8.01
7.80 3.06 8.53 6.36 8.47
2.40 4.08 4.55 8.90 4.15
6.57 3.20 6.88 3.67 9.21
4.14 1.83 4.25 6.89 5.16
1.49 3.25 6.25 7.56 2.24
8.16 9.89 4.03 9.86 7.24
5.86 7.14 6.17 9.70 9.56
2.52 4.02 6.43 9.83 1.62
7.71 6.93 9.11 4.18 2.95
5.28 8.47 6.35 7.26 5.06
8.27 7.89 4.95 6.41 5.05
3.24 1.55 4.15 6.77 4.05
3.68 8.55 5.90 3.79 5.03
4.14 9.32 2.06 4.82 9.00
8.13 4.44 2.37 7.70 6.24
8.56 7.01 5.61 1.37 5.98
4.11 5.80 3.93 3.60 1.23
3.72 7.79 9.22 2.07 6.09
2.64 6.82 2.31 1.48 1.89

Demandas:
0 0 0 0 1 0 0
0 0 0 0 0 0 1
0 0 0 0 0 1 0
0 0 0 0 1 0 0
0 0 0 0 0 0 1
0 1 0 0 0 0 0
0 0 1 0 0 0 0
0 0 0 0 1 0 0
0 0 0 1 0 0 0
0 1 0 0 0 0 0
0 0 0 0 0 0 1
0 0 0 1 0 0 0
0 0 0 0 0 1 0
0 0 0 0 1 0 0
0 0 0 0 0 1 0
0 0 0 1 0 0 0
0 0 0 1 0 0 0
0 0 0 0 0 0 1
0 0 0 0 1 0 0
0 0 0 1 0 0 0
1 0 0 0 0 0 0
0 0 0 0 1 0 0
0 0 0 1 0 0 0
1 0 0 0 0 0 0
0 0 1 0 0 0 0
0 0 0 1 0 0 0
0 0 0 0 0 1 0
0 1 0 0 0 0 0
0 0 0 0 0 1 0
0 0 0 0 1 0 0
0 0 0 1 0 0 0
0 0 0 0 0 0 1
0 1 0 0 0 0 0
0 0 0 0 1 0 0
0 1 0 0 0 0 0
0 1 0 0 0 0 0
0 0 0 1 0 0 0
0 0 0 0 0 1 0
1 0 0 0 0 0 0
0 1 0 0 0 0 0
0 1 0 0 0 0 0
0 0 1 0 0 0 0
0 1 0 0 0 0 0
0 1 0 0 0 0 0
0 0 0 0 0 0 1
1 0 0 0 0 0 0
1 0 0 0 0 0 0
0 0 0 0 0 0 1
0 1 0 0 0 0 0
0 0 1 0 0 0 0
0 0 0 0 1 0 0
0 1 0 0 0 0 0
1 0 0 0 0 0 0
0 1 0 0 0 0 0
0 0 0 1 0 0 0
0 0 0 0 1 0 0
0 0 0 0 0 0 1
0 0 0 0 1 0 0
0 0 0 0 1 0 0
0 0 0 0 1 0 0
0 0 0 0 1 0 0
0 0 0 0 0 1 0
0 1 0 0 0 0 0
1 0 0 0 0 0 0
0 0 0 1 0 0 0
0 0 0 0 1 0 0
0 0 0 0 0 1 0
1 0 0 0 0 0 0
0 0 0 0 1 0 0
0 0 0 0 0 1 0
0 0 0 0 1 0 0
0 0 0 1 0 0 0
0 0 0 0 1 0 0
1 0 0 0 0 0 0
0 0 0 0 0 0 1
0 0 0 0 0 1 0
1 0 0 0 0 0 0
0 0 0 0 0 1 0
0 0 0 0 0 1 0
0 1 0 0 0 0 0
0 1 0 0 0 0 0
0 1 0 0 0 0 0
1 0 0 0 0 0 0
1 0 0 0 0 0 0
0 0 0 0 0 0 1
0 0 1 0 0 0 0
1 0 0 0 0 0 0
0 0 1 0 0 0 0
0 1 0 0 0 0 0
0 0 0 0 0 1 0
0 1 0 0 0 0 0
0 0 1 0 0 0 0
1 0 0 0 0 0 0
0 0 0 1 0 0 0
0 0 0 0 1 0 0
0 0 1 0 0 0 0
1 0 0 0 0 0 0
0 0 0 0 0 1 0
0 1 0 0 0 0 0
1 0 0 0 0 0 0
0 0 0 0 0 1 0
0 1 0 0 0 0 0
0 1 0 0 0 0 0
0 0 0 1 0 0 0
0 0 0 0 1 0 0
1 0 0 0 0 0 0
0 0 0 0 0 1 0
0 0 0 0 0 0 1
0 1 0 0 0 0 0
0 0 1 0 0 0 0
0 0 0 1 0 0 0
0 0 0 0 0 0 1
1 0 0 0 0 0 0
0 0 0 0 1 0 0
0 0 0 0 0 0 1
0 1 0 0 0 0 0
0 0 1 0 0 0 0
0 0 0 0 0 1 0
0 0 0 0 0 1 0
0 0 0 0 0 1 0
1 0 0 0 0 0 0
0 0 0 1 0 0 0
0 0 0 0 1 0 0
0 0 1 0 0 0 0
1 0 0 0 0 0 0
0 0 0 0 0 0 1
0 1 0 0 0 0 0
0 0 0 0 0 0 1
0 1 0 0 0 0 0
0 0 1 0 0 0 0
0 0 0 0 1 0 0
0 1 0 0 0 0 0
0 0 0 0 1 0 0
0 0 0 0 0 0 1
1 0 0 0 0 0 0
0 0 0 1 0 0 0
0 0 0 0 1 0 0
0 1 0 0 0 0 0
0 0 0 0 0 1 0
0 0 0 0 0 0 1
0 0 0 0 0 1 0
0 0 0 1 0 0 0
0 0 0 1 0 0 0
0 0 0 0 0 0 1
1 0 0 0 0 0 0
0 0 0 0 0 1 0
0 1 0 0 0 0 0
0 0 0 0 0 1 0
0 1 0 0 0 0 0
0 0 1 0 0 0 0
1 0 0 0 0 0 0
1 0 0 0 0 0 0
0 1 0 0 0 0 0
0 0 0 0 0 0 1
0 0 0 1 0 0 0
0 0 1 0 0 0 0
1 0 0 0 0 0 0
0 0 0 0 0 0 1
0 0 0 1 0 0 0
0 0 0 0 1 0 0
0 0 0 0 1 0 0
0 0 0 0 0 0 1
1 0 0 0 0 0 0
0 0 1 0 0 0 0
0 0 0 0 1 0 0
1 0 0 0 0 0 0
0 0 0 0 1 0 0
0 0 0 0 0 1 0
0 0 0 0 0 0 1
0 0 0 0 0 1 0
0 0 0 0 1 0 0
0 0 0 0 0 0 1
0 0 1 0 0 0 0
0 0 0 0 0 0 1
0 1 0 0 0 0 0
0 0 0 1 0 0 0
0 0 0 1 0 0 0
0 0 0 0 1 0 0
0 0 0 0 0 0 1
1 0 0 0 0 0 0
0 0 0 0 1 0 0
0 0 1 0 0 0 0
0 0 0 0 0 0 1
0 0 0 0 1 0 0
0 1 0 0 0 0 0
0 0 0 0 0 0 1
1 0 0 0 0 0 0
0 0 1 0 0 0 0
0 1 0 0 0 0 0
0 0 0 0 0 0 1
0 0 0 1 0 0 0
1 0 0 0 0 0 0
0 0 0 0 0 0 1
0 0 0 1 0 0 0
0 0 1 0 0 0 0
0 0 1 0 0 0 0
1 0 0 0 0 0 0
0 0 0 1 0 0 0
0 0 1 0 0 0 0
0 0 0 0 0 0 1
0 0 0 0 0 0 1
0 0 1 0 0 0 0
0 0 1 0 0 0 0
0 0 0 0 1 0 0
0 1 0 0 0 0 0
0 0 1 0 0 0 0
0 0 0 1 0 0 0
0 0 0 0 0 0 1
0 0 0 0 0 1 0
0 0 1 0 0 0 0
0 0 1 0 0 0 0
0 0 0 0 0 1 0
1 0 0 0 0 0 0
1 0 0 0 0 0 0
0 0 0 1 0 0 0
1 0 0 0 0 0 0
0 0 0 0 0 0 1
0 0 0 0 0 1 0
1 0 0 0 0 0 0
0 0 0 1 0 0 0
0 0 0 1 0 0 0
0 1 0 0 0 0 0
0 0 0 0 0 1 0
1 0 0 0 0 0 0
0 0 1 0 0 0 0
0 0 1 0 0 0 0
1 0 0 0 0 0 0
0 1 0 0 0 0 0
0 0 1 0 0 0 0
0 0 0 0 0 1 0
0 1 0 0 0 0 0
0 0 0 0 0 1 0
1 0 0 0 0 0 0
0 0 1 0 0 0 0
0 0 0 0 1 0 0
0 0 0 0 1 0 0
1 0 0 0 0 0 0
0 0 0 0 1 0 0
0 0 0 0 1 0 0
0 0 0 0 0 0 1
0 0 0 1 0 0 0
0 0 0 0 0 0 1
0 0 1 0 0 0 0
0 0 0 0 0 0 1
0 0 1 0 0 0 0
0 0 1 0 0 0 0
0 0 0 0 1 0 0
0 1 0 0 0 0 0
0 0 0 0 0 1 0
0 1 0 0 0 0 0
0 0 0 0 1 0 0
0 0 1 0 0 0 0
0 0 0 0 0 1 0
1 0 0 0 0 0 0
0 0 0 0 0 1 0
0 0 0 0 0 1 0
1 0 0 0 0 0 0
0 0 1 0 0 0 0
0 0 0 0 0 0 1
0 1 0 0 0 0 0
0 0 0 1 0 0 0
0 0 0 0 0 1 0
0 1 0 0 0 0 0
0 0 0 0 0 1 0
0 0 0 0 1 0 0
0 0 1 0 0 0 0
1 0 0 0 0 0 0
0 0 0 0 0 1 0
0 0 0 0 1 0 0
0 0 0 0 0 1 0
0 0 0 0 1 0 0
0 0 0 1 0 0 0
0 0 0 0 0 0 1
0 0 0 0 0 1 0
0 1 0 0 0 0 0
0 0 0 0 0 1 0
0 0 0 0 1 0 0
0 0 0 1 0 0 0
0 0 1 0 0 0 0
0 0 0 1 0 0 0
0 0 0 0 1 0 0
0 0 0 0 0 0 1
0 1 0 0 0 0 0
1 0 0 0 0 0 0
1 0 0 0 0 0 0
0 0 0 0 1 0 0
0 1 0 0 0 0 0
0 0 0 0 0 0 1
0 0 1 0 0 0 0
0 0 0 0 1 0 0
0 1 0 0 0 0 0
0 0 1 0 0 0 0
0 0 0 0 0 0 1
0 0 0 0 1 0 0
0 0 0 0 0 1 0
0 0 1 0 0 0 0
1 0 0 0 0 0 0
0 0 1 0 0 0 0
1 0 0 0 0 0 0
0 0 0 0 1 0 0
0 1 0 0 0 0 0
0 1 0 0 0 0 0
1 0 0 0 0 0 0
0 0 1 0 0 0 0
1 0 0 0 0 0 0
0 0 1 0 0 0 0
0 0 1 0 0 0 0
0 0 0 0 1 0 0
0 0 0 0 0 0 1
0 0 0 0 0 1 0
1 0 0 0 0 0 0
0 1 0 0 0 0 0
0 1 0 0 0 0 0
0 0 1 0 0 0 0
0 0 0 0 0 1 0
0 1 0 0 0 0 0
0 0 0 0 0 1 0
0 1 0 0 0 0 0
0 0 0 0 0 1 0
0 0 1 0 0 0 0
0 0 0 0 1 0 0
0 0 0 0 1 0 0
0 0 0 1 0 0 0
0 1 0 0 0 0 0
0 0 0 0 0 0 1
0 0 0 1 0 0 0
0 0 0 0 1 0 0
0 0 0 0 0 0 1
0 0 0 0 0 0 1
0 1 0 0 0 0 0
0 0 0 1 0 0 0
0 1 0 0 0 0 0
1 0 0 0 0 0 0
0 0 0 0 0 0 1
0 0 0 0 0 0 1
0 1 0 0 0 0 0
0 1 0 0 0 0 0
0 0 0 0 0 1 0
0 0 0 0 0 1 0
1 0 0 0 0 0 0
0 0 0 0 1 0 0
0 0 0 1 0 0 0
0 0 0 0 1 0 0
1 0 0 0 0 0 0
0 1 0 0 0 0 0
0 0 0 0 1 0 0
1 0 0 0 0 0 0
0 0 0 0 0 0 1
0 0 0 0 0 0 1
0 0 0 0 0 1 0
1 0 0 0 0 0 0
0 1 0 0 0 0 0
0 0 0 1 0 0 0
0 0 1 0 0 0 0
0 0 0 0 0 0 1
0 0 0 0 0 0 1
0 1 0 0 0 0 0
1 0 0 0 0 0 0
1 0 0 0 0 0 0
0 0 0 0 0 0 1
1 0 0 0 0 0 0
0 1 0 0 0 0 0
0 0 0 0 1 0 0
0 0 0 0 0 1 0
0 0 1 0 0 0 0
0 0 0 0 0 1 0
0 0 0 0 1 0 0
0 0 0 1 0 0 0
1 0 0 0 0 0 0
0 0 0 0 0 0 1
0 1 0 0 0 0 0
0 1 0 0 0 0 0
0 0 0 0 0 0 1
0 0 0 0 0 1 0
0 0 1 0 0 0 0
0 0 1 0 0 0 0
0 0 0 1 0 0 0
0 1 0 0 0 0 0
0 0 0 1 0 0 0
0 0 0 0 0 1 0
0 1 0 0 0 0 0
1 0 0 0 0 0 0
0 0 0 0 0 0 1
0 0 0 0 0 1 0
0 1 0 0 0 0 0
1 0 0 0 0 0 0
0 0 0 0 0 1 0
0 0 0 0 0 1 0
0 0 1 0 0 0 0
0 0 0 0 0 1 0
0 1 0 0 0 0 0
0 0 1 0 0 0 0
0 0 0 0 0 0 1
0 0 1 0 0 0 0
0 0 0 0 1 0 0
0 1 0 0 0 0 0
0 0 1 0 0 0 0
1 0 0 0 0 0 0
0 0 0 0 0 0 1
0 0 0 0 0 1 0
0 0 0 1 0 0 0
0 1 0 0 0 0 0
0 0 0 0 1 0 0
0 0 0 0 1 0 0
0 0 0 0 1 0 0
0 0 0 0 1 0 0
0 0 0 1 0 0 0
0 0 0 0 0 0 1
0 1 0 0 0 0 0
0 0 0 1 0 0 0
0 0 1 0 0 0 0
0 1 0 0 0 0 0
0 0 0 0 1 0 0
0 0 1 0 0 0 0
0 0 0 0 0 1 0
0 0 1 0 0 0 0
0 0 0 0 0 1 0
0 0 0 1 0 0 0
0 0 0 1 0 0 0
0 0 0 0 1 0 0
0 0 0 0 1 0 0
0 0 0 0 0 1 0
1 0 0 0 0 0 0
0 0 0 0 0 0 1
0 1 0 0 0 0 0
1 0 0 0 0 0 0
0 1 0 0 0 0 0
0 0 0 0 1 0 0
0 0 0 1 0 0 0
0 1 0 0 0 0 0
0 1 0 0 0 0 0
0 0 1 0 0 0 0
0 1 0 0 0 0 0
1 0 0 0 0 0 0
0 0 0 0 0 0 1
0 0 1 0 0 0 0
0 0 0 0 1 0 0
0 0 1 0 0 0 0
0 0 0 0 1 0 0
0 0 0 1 0 0 0
0 0 0 0 0 1 0
1 0 0 0 0 0 0
0 1 0 0 0 0 0
1 0 0 0 0 0 0
0 1 0 0 0 0 0
0 0 1 0 0 0 0
0 0 1 0 0 0 0
0 0 0 0 0 1 0
0 0 0 1 0 0 0
0 0 0 0 1 0 0
1 0 0 0 0 0 0
0 1 0 0 0 0 0
0 0 0 0 1 0 0
0 0 0 0 0 1 0
1 0 0 0 0 0 0
1 0 0 0 0 0 0
0 0 1 0 0 0 0
0 0 0 0 0 0 1
0 0 0 0 0 0 1
0 1 0 0 0 0 0
1 0 0 0 0 0 0
0 0 0 0 1 0 0
0 0 0 0 0 0 1
0 0 0 0 0 0 1
0 0 0 1 0 0 0
0 0 0 0 1 0 0
0 0 0 0 1 0 0
0 0 0 0 0 1 0
0 0 0 0 1 0 0
1 0 0 0 0 0 0
0 0 1 0 0 0 0
0 0 0 1 0 0 0
0 0 0 0 0 1 0
0 1 0 0 0 0 0
0 1 0 0 0 0 0
0 0 0 0 0 1 0
0 0 0 1 0 0 0
0 0 0 0 0 0 1
0 0 0 0 0 0 1
0 0 1 0 0 0 0
0 0 0 0 0 1 0
0 0 0 0 1 0 0
1 0 0 0 0 0 0
0 0 0 0 1 0 0
0 0 0 0 0 0 1
0 0 0 0 0 1 0
0 0 0 0 0 0 1
0 1 0 0 0 0 0
0 0 0 0 0 1 0
0 0 1 0 0 0 0
0 0 0 0 0 0 1
0 1 0 0 0 0 0
0 0 0 0 1 0 0
0 1 0 0 0 0 0
0 0 0 0 0 1 0
0 0 0 1 0 0 0
0 0 0 0 0 1 0
0 0 0 0 1 0 0
0 0 1 0 0 0 0
0 0 0 1 0 0 0

Capacidades:
44 30 55 34 51 40 49
48 31 43 34 52 23 42
49 0 26 41 39 54 49
21 0 37 45 51 59 0
0 59 33 0 39 50 44
