m: 500
n: 10
p: 6

Distancias:
7.63 5.61 7.03 6.29 1.30 8.24 3.56 2.96 1.13 2.27
9.73 6.54 9.87 3.39 1.17 2.02 9.40 8.26 6.88 3.21
9.66 7.76 7.50 1.81 6.76 2.10 1.45 4.95 3.57 2.74
9.04 7.11 6.83 2.31 7.81 6.47 7.84 1.24 1.92 4.85
6.69 7.92 8.62 9.56 1.90 6.39 3.67 5.49 6.38 6.95
9.97 8.60 6.61 2.96 7.76 3.80 7.74 4.45 4.54 4.21
6.80 8.31 9.73 9.68 3.02 4.07 4.99 9.69 9.37 7.16
8.04 8.30 6.04 2.43 7.38 2.12 2.51 4.11 7.64 4.80
7.58 3.39 7.57 2.64 1.46 5.04 9.50 2.06 7.87 8.89
6.72 7.77 1.40 3.81 4.56 1.55 5.75 4.63 8.01 1.37
5.66 2.05 3.74 1.13 4.24 8.27 5.81 5.39 3.40 2.44
1.61 9.48 5.41 3.94 9.66 7.84 7.54 1.31 1.47 8.01
7.26 4.30 2.35 10.00 4.21 6.56 8.86 6.69 3.27 8.37
6.59 8.36 8.17 4.73 4.54 6.29 2.61 5.03 6.03 7.83
5.50 4.71 8.33 6.84 1.68 5.25 5.61 9.69 2.61 8.73
9.64 6.60 7.65 1.73 5.26 6.74 4.21 7.44 8.86 3.20
9.97 9.12 3.73 9.38 8.34 8.27 1.64 2.38 4.28 6.48
6.28 3.49 7.36 3.10 7.33 6.88 3.28 3.95 9.50 6.90
7.80 1.88 6.57 1.71 3.34 6.78 3.72 2.11 1.14 3.64
7.14 7.86 8.13 9.58 4.99 5.49 9.07 4.54 2.18 5.25
1.29 7.49 1.96 9.42 9.68 1.99 3.50 6.27 8.46 4.03
7.31 8.92 9.47 7.55 6.58 2.47 5.42 6.47 9.73 8.51
8.03 8.96 5.13 8.33 9.62 9.13 7.32 6.26 4.16 7.74
2.94 1.69 8.08 1.07 8.17 1.33 9.79 9.79 2.97 6.92
1.14 6.30 5.42 3.78 1.24 7.40 6.96 5.55 2.80 9.54
8.66 8.34 7.62 8.32 7.39 9.64 6.39 3.32 5.02 3.56
1.75 3.33 9.22 4.54 5.95 7.47 4.37 4.29 7.54 4.55
6.32 1.39 9.93 5.58 1.68 6.23 4.82 7.47 6.72 3.28
6.31 9.52 2.12 5.70 7.67 6.26 8.57 9.81 7.44 5.42
2.24 3.22 1.53 4.35 9.94 1.54 4.90 4.06 5.49 6.34
7.31 5.30 3.83 6.30 9.57 1.20 7.52 8.40 9.35 3.87
2.32 3.42 5.38 3.13 5.19 4.51 1.12 6.09 6.37 5.08
5.73 1.27 1.88 3.25 7.71 4.77 7.11 6.09 2.78 5.44
4.86 3.98 3.47 3.91 9.33 6.63 2.24 4.80 9.47 5.76
2.64 3.54 3.31 1.01 3.40 4.53 8.90 6.09 5.36 5.86
1.84 6.66 2.05 6.96 9.80 1.51 4.88 8.56 9.04 9.31
8.06 7.39 3.17 2.67 8.51 5.06 4.31 2.17 4.04 3.48
8.89 3.54 5.82 9.59 7.59 6.47 7.59 6.98 4.36 4.55
2.71 9.68 7.35 3.01 2.88 1.33 6.72 2.76 6.72 7.72
3.34 1.15 4.21 5.84 9.71 7.54 2.38 5.37 2.92 8.86
9.31 7.74 2.73 6.58 3.10 2.47 2.24 6.84 6.35 9.60
6.69 1.74 6.60 4.69 5.70 9.43 1.21 6.72 9.64 8.47
1.60 1.18 7.76 9.70 4.91 1.32 6.87 7.42 3.77 7.68
9.59 7.12 5.56 7.52 6.38 9.94 2.28 2.12 5.29 2.97
4.24 7.42 4.36 8.44 1.93 7.04 8.83 9.95 7.46 7.86
7.01 4.19 6.54 2.73 5.94 7.83 8.65 4.61 3.78 1.50
8.64 9.20 2.41 3.87 1.01 7.01 6.58 3.89 1.36 5.19
3.93 2.09 5.51 6.66 6.91 5.28 7.18 6.68 6.26 1.82
9.01 1.67 7.94 3.56 2.00 5.85 3.88 6.69 3.61 8.65
2.44 6.34 7.60 6.13 7.84 1.25 8.30 3.31 5.77 4.21
3.82 4.20 2.20 6.12 8.11 6.46 8.14 3.11 4.17 7.11
5.53 2.78 5.28 1.29 9.68 6.81 1.51 2.13 6.26 3.44
9.89 7.98 7.78 8.94 7.04 8.25 9.46 2.12 8.35 1.69
3.62 3.84 9.07 3.19 6.90 7.93 4.24 2.40 2.49 8.95
3.07 8.38 9.52 3.04 5.76 7.95 1.45 7.19 7.40 1.62
6.68 3.65 2.90 1.01 2.02 2.23 6.86 5.19 7.21 8.95
8.77 3.66 2.00 6.04 1.71 3.40 4.87 6.80 2.08 3.38
1.33 9.40 6.56 1.21 8.49 3.77 1.14 7.29 8.32 6.15
3.90 8.87 8.96 3.28 5.30 6.39 9.12 5.70 2.34 3.72
3.83 7.31 2.48 8.78 5.21 3.64 4.00 2.28 4.11 1.85
1.11 6.21 3.38 1.81 2.12 9.53 9.70 3.13 7.75 5.96
9.49 6.15 8.63 9.95 2.32 2.79 5.65 2.53 8.05 5.94
5.47 1.18 4.19 6.17 7.26 9.21 7.27 4.56 6.04 4.03
8.29 5.89 5.52 3.15 5.22 6.57 3.59 6.90 4.68 8.12
1.61 5.99 7.98 3.05 6.92 8.80 6.74 4.31 4.29 7.62
4.64 1.21 7.27 2.34 3.03 4.00 1.71 2.60 5.89 1.74
3.73 1.79 4.15 8.73 1.83 6.32 3.58 7.14 4.57 9.40
5.50 1.04 9.16 6.43 9.03 3.15 9.34 7.92 8.10 3.39
8.98 4.35 8.99 4.16 4.07 7.33 3.66 8.78 3.26 7.37
2.10 10.00 1.33 3.52 7.74 3.50 9.73 9.07 5.52 4.67
6.46 1.35 6.44 9.27 4.85 3.71 3.08 2.90 8.98 6.56
2.75 8.59 2.60 3.81 1.87 4.12 9.58 4.47 2.90 3.02
2.68 2.13 5.93 6.50 2.79 9.03 1.30 1.19 1.67 4.83
2.56 4.85 4.25 7.88 5.01 2.65 4.31 2.89 3.72 6.77
4.61 9.45 8.18 2.14 9.69 9.00 8.21 2.69 1.85 6.45
5.52 1.54 7.43 1.94 2.51 3.09 1.90 7.13 2.91 7.26
9.73 8.36 1.17 5.40 9.05 1.60 4.75 9.19 9.07 7.19
5.39 9.42 2.70 3.08 4.38 1.05 1.30 7.24 5.18 5.54
5.68 4.80 5.78 3.34 7.81 6.18 7.32 7.54 6.86 7.77
9.83 4.81 5.32 4.76 3.18 4.74 9.27 1.93 9.33 3.25
6.82 8.51 3.89 7.55 8.43 3.55 3.12 3.64 6.47 8.23
8.81 8.96 5.19 1.32 1.57 3.79 3.29 6.32 5.88 5.73
4.54 3.27 1.16 8.77 7.77 5.94 5.17 4.37 1.76 7.77
3.26 1.42 6.37 8.57 2.62 5.33 7.15 5.15 4.82 3.27
7.73 7.62 4.93 6.43 9.14 4.76 2.59 4.45 7.76 5.30
7.20 4.65 1.93 2.67 8.11 8.55 7.31 6.74 6.12 4.21
1.95 7.67 3.81 9.66 5.51 9.65 1.76 8.18 6.29 5.47
1.09 6.21 7.95 1.53 9.14 4.46 1.59 2.93 8.91 3.34
6.31 8.52 9.18 3.78 6.34 8.38 4.35 3.90 9.93 2.73
9.42 4.12 9.67 5.82 6.75 3.55 4.41 9.43 7.62 4.88
3.23 9.12 5.13 6.70 5.26 9.28 3.96 5.49 2.10 6.55
9.08 3.50 6.87 7.80 7.37 9.72 9.64 5.63 6.63 1.35
1.50 1.22 1.63 1.83 1.61 2.61 3.00 1.71 8.80 4.17
2.95 5.07 5.44 4.97 1.02 5.70 7.15 3.83 2.02 3.86
8.80 2.97 4.44 4.75 8.16 1.94 2.65 9.72 5.92 4.12
5.34 8.09 1.45 3.81 2.87 8.67 6.22 6.59 7.99 1.80
1.16 4.15 9.83 9.37 5.28 4.90 9.07 2.25 6.68 5.57
5.92 8.30 9.31 5.96 6.79 2.75 7.43 4.88 3.03 2.65
7.23 5.84 9.56 4.69 9.21 7.25 6.61 1.04 9.75 1.49
1.40 1.92 7.90 1.70 6.92 1.19 4.60 4.31 1.44 2.25
6.24 6.03 6.51 1.69 7.95 9.13 6.71 8.41 1.67 5.28
4.94 7.77 9.68 3.68 9.16 2.81 2.17 5.96 5.39 8.11
2.18 3.09 8.01 7.19 6.19 8.81 5.23 8.98 8.42 2.88
9.62 7.64 4.53 2.08 3.29 5.13 7.27 5.82 8.05 5.17
1.31 9.14 1.37 3.12 8.67 1.18 4.93 6.72 5.06 9.55
4.28 8.64 8.94 1.73 2.54 1.78 8.43 6.64 7.00 2.99
5.75 4.34 6.58 6.87 2.80 1.33 7.56 2.20 7.33 9.78
2.62 9.55 3.17 2.20 3.24 7.44 7.55 4.56 6.00 5.63
1.02 2.73 5.98 7.86 1.56 9.92 9.38 3.04 8.48 2.12
4.66 1.97 5.84 4.89 2.48 7.91 1.63 7.45 9.51 9.66
4.66 6.02 4.36 9.92 1.57 1.33 3.10 3.07 2.69 3.88
4.55 1.91 4.48 2.74 6.76 1.19 8.20 9.76 2.71 8.63
4.18 1.54 5.42 5.09 9.61 6.15 5.17 5.59 2.73 5.24
2.31 2.06 1.23 9.64 3.09 6.45 4.31 5.24 5.79 3.43
8.73 8.05 9.70 5.76 5.85 7.32 6.82 1.57 1.82 2.56
8.26 6.39 2.12 8.47 2.41 4.60 4.51 8.63 5.17 5.47
1.93 4.67 4.63 4.35 6.87 8.61 6.11 6.45 5.75 9.70
3.79 3.72 1.58 7.80 6.12 4.32 9.04 4.07 4.87 7.03
2.43 5.29 8.18 8.99 6.91 4.23 3.45 4.19 7.68 6.62
3.17 1.97 1.13 4.23 1.01 8.18 3.01 6.44 3.24 3.44
4.19 4.41 6.87 6.15 9.03 4.45 5.58 5.03 1.44 5.35
5.79 7.69 7.50 9.60 6.57 8.78 9.07 3.25 3.04 9.39
4.86 9.40 9.04 3.90 6.67 9.88 3.09 9.93 6.36 9.74
4.65 5.06 6.60 1.74 1.03 9.61 8.81 8.34 7.93 5.82
1.64 6.15 8.88 7.13 1.43 7.72 6.61 1.99 7.20 9.02
1.76 7.41 5.31 5.08 6.11 9.89 5.16 5.84 4.74 9.64
8.86 8.32 5.03 6.46 7.42 2.80 6.30 2.42 2.83 9.11
9.90 7.71 3.17 5.11 3.94 2.76 9.76 7.43 8.08 4.03
7.78 1.87 8.71 2.16 1.64 5.34 9.99 2.01 6.03 6.63
7.80 1.01 3.33 7.92 8.26 5.26 6.83 3.76 9.77 3.59
9.03 1.91 7.10 5.72 4.88 3.86 7.07 9.69 4.06 5.99
7.34 2.86 8.66 9.48 7.70 2.11 9.05 2.38 1.95 2.29
4.89 3.53 6.73 1.86 7.25 7.99 7.06 1.54 1.04 2.18
7.08 1.67 3.93 8.61 5.84 8.21 2.54 1.62 4.32 1.59
1.92 6.98 3.87 2.46 6.78 4.51 8.27 3.05 7.65 2.63
6.09 8.49 3.55 4.42 8.45 9.70 7.50 1.72 7.17 2.10
8.48 8.54 9.49 8.77 8.51 7.37 3.44 7.69 8.65 1.08
8.84 9.18 7.64 6.34 1.70 8.03 1.47 9.92 7.11 3.58
3.88 6.32 3.04 3.85 4.59 4.82 8.31 8.06 8.35 7.38
4.63 8.88 4.05 3.02 9.40 7.99 7.24 9.48 3.43 9.63
2.58 3.94 2.29 4.90 6.33 6.66 6.08 9.30 9.61 5.25
3.63 2.04 7.71 8.15 9.77 5.48 1.15 9.16 9.30 3.17
7.86 3.77 8.31 6.31 5.33 2.31 4.09 6.71 1.04 3.05
1.00 3.91 8.90 6.44 5.69 1.35 6.38 6.81 1.54 3.65
4.15 9.15 7.43 9.16 1.32 5.94 5.94 8.04 4.70 3.13
5.78 3.05 3.90 2.85 2.46 5.26 9.89 8.52 3.02 9.10
7.82 1.19 6.94 7.07 8.44 3.03 9.41 5.28 2.35 9.18
3.23 9.79 4.09 5.95 9.51 6.63 7.69 3.95 1.64 3.39
2.81 1.25 2.59 6.18 2.30 5.89 3.04 7.35 9.82 6.85
5.24 1.08 3.13 5.14 7.82 1.18 2.44 9.59 2.92 5.58
1.73 5.96 3.15 8.56 2.79 6.26 6.31 7.21 1.02 7.74
3.33 8.53 1.49 2.39 9.80 5.83 7.41 8.08 8.61 9.82
5.55 6.94 5.40 6.24 5.69 4.83 4.87 2.16 5.98 5.05
8.48 2.94 6.54 4.55 6.57 4.74 9.37 2.80 1.98 2.74
7.84 7.21 2.94 1.51 2.67 9.52 3.24 2.10 6.21 2.85
9.93 2.65 4.59 9.61 8.33 9.21 3.23 7.56 6.58 5.33
8.34 5.50 2.11 8.53 2.66 5.49 9.10 5.11 7.44 5.94
1.29 7.17 9.45 9.87 6.02 3.46 2.74 3.84 5.13 6.12
3.97 4.43 2.90 7.31 8.68 1.47 4.30 2.76 6.37 2.65
3.79 3.22 6.86 9.37 3.20 8.95 4.95 9.75 7.67 8.94
8.97 1.24 5.05 3.13 9.31 1.74 3.18 3.24 1.70 4.15
5.13 2.54 7.77 3.10 8.45 3.63 8.99 9.99 6.24 5.92
3.51 9.94 1.32 6.72 9.62 1.90 5.88 6.08 2.06 8.21
7.77 9.97 9.77 3.74 5.07 8.02 3.09 3.55 2.36 1.20
3.16 3.34 1.37 5.03 4.73 1.84 9.04 6.29 2.40 2.57
5.58 2.75 8.65 2.83 2.62 7.20 7.81 7.31 9.33 8.41
7.78 9.80 8.01 9.25 4.97 9.79 7.10 2.81 3.47 8.97
8.42 5.99 5.20 6.83 1.03 4.07 9.48 4.38 3.52 5.62
2.41 7.10 6.52 6.38 4.78 2.81 4.00 6.51 6.06 2.36
2.55 3.02 5.51 2.91 1.09 9.33 3.97 7.54 7.22 3.32
4.71 2.60 2.11 4.16 3.71 7.74 6.17 4.06 1.53 3.39
8.37 7.00 9.61 4.18 8.66 6.56 2.02 1.04 9.23 7.04
5.08 1.55 9.33 2.99 1.71 7.07 5.96 3.27 9.13 6.91
3.39 8.11 3.39 9.82 3.99 1.99 8.94 6.16 4.63 5.89
7.58 4.86 5.09 7.98 1.16 5.86 8.68 4.41 4.04 2.16
9.20 2.54 2.55 6.05 8.14 1.71 8.46 5.40 3.73 2.61
4.97 9.90 9.65 9.41 8.35 7.03 5.23 4.36 9.36 8.81
1.08 7.61 6.70 8.54 7.24 9.62 5.42 7.57 5.61 4.54
1.33 6.47 5.74 3.42 3.33 4.81 6.62 2.69 9.29 8.70
6.18 9.10 3.66 8.99 4.35 9.63 8.00 3.89 6.85 4.54
2.30 4.41 8.95 4.59 1.73 7.43 7.08 4.78 7.29 2.04
5.41 4.47 5.41 8.36 1.65 1.86 4.56 9.88 1.00 5.94
7.46 2.70 5.49 3.27 5.90 7.75 1.05 2.61 8.88 8.36
7.22 9.97 2.77 1.41 2.42 5.92 1.53 3.12 1.78 7.63
3.91 8.19 5.40 8.11 2.56 8.61 9.75 4.18 3.00 2.13
1.54 2.68 8.58 6.22 3.04 9.95 2.95 4.93 1.55 9.23
4.78 8.78 5.41 1.93 4.75 3.00 4.03 3.79 2.87 2.94
1.51 3.25 5.34 5.33 8.97 6.00 7.19 4.20 7.65 4.72
3.17 1.53 1.64 5.03 2.52 9.09 9.20 3.25 6.25 7.28
5.27 6.49 9.96 7.19 7.93 8.28 1.35 8.24 4.15 4.14
5.57 9.38 7.44 2.62 6.20 1.42 3.35 3.95 5.43 5.48
8.86 4.57 9.57 8.04 1.22 2.12 1.45 6.20 6.70 2.85
5.53 3.86 9.28 8.66 9.93 1.54 7.41 7.04 6.71 1.01
4.77 5.91 1.58 9.74 8.60 8.26 6.63 4.96 3.53 6.76
6.68 1.82 8.93 7.43 6.80 6.65 2.95 1.19 3.14 6.33
3.63 2.85 1.55 6.24 9.24 8.10 6.56 4.20 4.78 5.18
6.65 9.28 1.73 1.88 6.52 8.41 8.46 3.19 8.74 7.48
8.58 6.59 2.03 5.67 6.47 3.56 6.23 7.45 6.78 3.72
2.08 1.78 3.37 3.37 8.89 9.67 8.66 2.88 2.32 1.52
5.89 2.30 3.73 5.94 8.08 3.84 5.13 8.60 3.77 7.06
8.97 1.22 3.20 8.06 9.37 7.17 7.44 9.74 1.58 2.63
5.57 3.87 8.10 2.48 5.78 8.85 1.70 7.79 5.18 5.78
1.43 7.24 3.18 3.68 3.80 5.66 2.74 5.44 6.36 4.22
9.26 8.31 9.99 7.14 2.50 6.89 2.38 7.96 8.08 7.71
9.50 4.00 3.93 4.45 2.73 9.00 7.63 3.31 6.23 7.06
8.36 8.62 7.99 1.05 5.47 5.35 8.71 2.85 1.97 4.34
6.96 5.02 3.33 2.63 6.89 1.72 6.06 1.57 2.31 4.53
7.27 4.54 6.96 2.09 6.45 9.65 7.66 7.35 6.08 7.07
3.72 9.60 3.48 1.43 4.96 6.02 5.08 3.57 7.91 6.43
3.45 1.98 4.35 8.68 2.97 1.57 7.89 8.36 1.10 9.58
8.85 5.08 9.96 7.06 9.69 1.12 5.09 5.27 9.81 2.62
8.92 3.88 5.98 8.11 4.85 3.42 8.73 9.85 3.05 7.16
2.46 6.00 7.05 3.36 1.92 2.79 5.03 8.71 4.20 2.67
9.36 1.32 8.95 4.11 5.17 9.94 3.47 8.77 4.65 3.12
5.52 3.03 7.00 6.19 9.80 4.28 4.24 4.86 9.42 9.86
4.00 1.85 3.71 4.96 7.66 3.05 3.46 6.11 5.55 9.91
3.81 5.92 7.47 8.40 2.00 4.36 2.01 3.90 8.28 9.69
8.53 3.56 1.15 7.09 2.16 8.83 4.09 3.68 4.29 3.60
6.73 7.94 5.94 8.62 9.69 6.84 4.46 9.21 5.37 3.68
4.00 9.86 4.18 5.67 7.52 7.30 8.98 8.60 1.47 9.00
6.23 6.37 1.64 7.18 9.63 7.85 8.84 5.99 2.78 3.99
8.03 7.18 5.22 7.04 9.44 3.43 9.14 4.28 5.69 4.87
1.09 7.33 5.72 9.04 5.95 2.20 8.03 9.14 8.92 4.98
8.56 7.20 2.00 3.53 4.00 7.17 1.53 6.48 8.99 4.69
7.80 4.21 1.67 5.64 9.20 2.29 7.53 2.72 4.83 1.97
8.50 3.17 4.99 1.64 8.52 5.53 1.17 8.83 8.72 6.59
8.54 2.07 9.64 6.43 1.68 8.65 4.48 9.48 8.46 3.23
7.37 8.80 8.43 2.07 8.80 7.61 1.09 4.39 8.76 2.87
8.12 9.08 5.25 2.52 4.61 2.47 2.14 9.09 9.66 3.31
1.94 3.84 1.14 6.24 4.81 7.54 4.88 2.14 8.02 9.16
1.64 6.97 1.75 3.64 7.81 4.78 9.07 3.02 7.16 3.87
1.37 1.05 1.20 1.87 5.89 3.07 6.35 5.23 6.25 2.47
7.45 6.74 5.95 4.59 3.00 1.22 6.48 8.10 3.10 8.68
4.19 7.40 6.32 5.88 5.96 1.71 1.84 9.95 6.44 9.71
2.65 3.34 8.87 3.52 4.49 9.52 1.85 1.58 1.14 8.10
8.03 5.62 4.88 9.57 3.32 6.89 4.82 1.17 5.90 8.92
6.89 5.42 6.21 9.78 9.02 9.76 2.85 2.21 2.25 4.87
7.03 3.29 9.51 2.96 7.02 3.16 7.35 3.06 6.06 9.81
9.50 3.83 1.81 1.00 4.33 1.92 5.15 8.37 6.03 7.04
3.83 3.92 2.62 6.00 2.24 9.99 1.13 2.28 3.47 8.12
6.79 8.69 6.82 3.02 7.91 3.04 6.86 6.85 4.47 1.92
7.08 4.32 5.88 2.18 4.26 3.49 1.63 4.52 1.71 7.32
8.90 6.53 3.40 5.60 2.02 9.40 5.77 7.02 1.38 8.50
8.33 2.46 3.53 7.17 3.00 8.29 3.23 8.91 8.85 7.01
1.95 8.64 6.66 4.07 2.13 9.73 3.20 1.14 6.52 9.58
7.41 7.76 4.27 4.04 6.77 1.01 6.38 6.22 3.82 5.36
8.10 9.39 1.23 5.10 1.05 7.03 3.14 9.51 4.72 3.87
9.56 3.95 9.68 2.59 7.04 7.43 2.68 8.38 6.08 5.10
4.40 7.87 9.75 9.70 1.65 4.68 6.08 6.32 4.37 5.86
7.33 6.75 6.58 9.43 8.62 4.46 6.46 4.55 3.70 5.21
9.10 3.91 9.57 1.17 8.34 8.05 6.86 7.50 2.46 5.79
4.07 5.10 6.62 4.61 1.21 4.65 3.36 5.30 7.81 4.89
3.87 3.47 4.23 8.51 9.07 7.90 5.44 4.73 7.98 3.45
1.01 2.27 2.65 8.50 2.73 7.62 4.07 5.06 3.27 1.05
8.09 9.69 1.79 4.60 5.39 9.77 2.62 1.88 6.96 4.34
7.22 8.36 1.70 2.85 1.64 3.45 4.08 9.68 4.10 2.34
2.44 4.52 9.91 9.92 6.67 8.37 6.66 3.24 3.26 1.82
8.71 7.92 5.82 1.36 7.04 6.11 8.22 9.96 5.40 6.33
2.09 3.40 1.53 6.88 6.67 3.70 5.76 2.80 4.55 6.69
6.29 1.99 7.47 2.55 1.51 5.35 7.93 8.29 3.49 5.40
1.77 7.79 4.70 4.64 6.10 4.57 1.27 2.45 3.18 6.37
8.00 5.85 1.96 5.70 9.58 7.26 9.30 4.53 9.31 7.44
8.63 9.34 1.49 4.30 3.57 8.23 8.00 5.66 2.37 9.49
2.60 9.30 6.47 1.37 7.02 1.44 1.44 5.54 5.70 4.29
9.72 6.41 1.58 5.81 5.98 8.71 1.10 1.88 5.22 5.92
6.65 1.95 5.43 5.19 1.03 4.01 5.58 9.38 2.11 2.88
3.09 3.31 8.59 1.85 2.30 5.64 6.74 9.51 1.87 8.48
2.85 5.41 4.96 8.24 6.30 2.08 4.57 5.80 4.44 9.97
7.48 2.96 5.82 6.49 9.57 2.86 4.93 8.02 3.42 4.60
6.07 2.11 4.45 5.98 8.46 2.36 9.64 5.30 1.45 8.61
8.66 2.96 5.66 2.41 8.84 1.70 8.59 8.37 9.48 6.70
5.40 9.16 3.16 5.48 8.83 6.03 5.39 3.13 8.90 6.15
8.12 8.08 4.66 3.48 4.31 4.51 8.35 3.23 3.63 3.40
5.81 4.56 7.21 1.10 8.68 5.67 6.70 3.95 2.48 4.14
4.48 2.79 3.41 5.05 1.94 5.91 2.12 1.91 4.61 8.19
4.31 5.32 7.47 5.81 8.14 2.03 5.20 2.96 5.69 2.91
4.91 2.47 1.96 3.48 9.17 1.71 1.47 1.56 3.22 9.97
1.13 3.42 8.12 9.94 9.66 9.37 5.21 4.31 9.34 6.95
5.89 4.71 1.14 8.58 2.90 1.29 6.22 6.32 6.53 7.31
7.24 1.27 3.45 7.07 1.36 6.96 1.25 9.21 4.80 2.30
5.19 1.49 5.35 8.67 6.83 4.36 3.83 1.32 2.79 5.97
3.74 1.96 1.69 9.44 7.74 4.19 9.39 7.31 6.34 6.78
7.53 4.30 9.65 4.98 3.26 6.07 9.98 5.98 8.27 3.49
3.13 3.63 8.62 2.53 7.16 8.03 2.54 4.57 8.21 2.80
6.99 9.82 8.35 5.10 6.30 1.24 6.00 1.20 5.94 9.59
3.57 1.63 6.72 2.61 6.04 2.24 7.88 9.82 6.89 6.03
2.31 7.42 9.73 1.04 8.67 8.67 9.12 5.19 8.11 4.97
3.35 4.42 5.52 6.19 8.59 6.20 4.55 4.68 5.01 1.06
7.85 1.61 7.47 1.09 3.13 5.81 2.59 9.95 8.92 1.59
9.61 5.03 8.56 4.26 5.59 4.30 2.28 3.58 2.61 6.36
7.38 5.29 8.10 9.71 2.76 6.27 2.33 3.06 1.27 4.56
1.71 7.18 6.63 2.62 3.42 7.63 7.43 5.95 1.23 5.50
9.25 2.85 2.79 3.82 7.26 8.76 9.63 9.74 8.41 4.22
4.12 5.90 1.21 4.32 5.67 7.63 2.16 9.29 1.07 3.12
7.33 2.96 1.90 8.36 2.23 9.02 7.21 3.69 4.03 3.80
9.38 8.58 6.25 6.28 9.92 1.90 7.02 7.63 2.77 5.17
1.06 2.57 2.15 8.89 8.31 7.28 3.78 9.38 2.09 8.73
3.41 2.19 5.14 6.54 5.43 8.05 1.95 1.27 8.15 2.20
3.34 6.98 8.04 7.55 2.48 7.61 8.64 9.98 9.07 9.34
6.55 3.77 6.93 3.82 6.39 4.29 4.65 5.06 8.71 3.24
7.15 5.40 4.52 7.73 6.22 3.81 8.02 6.00 9.62 2.56
5.99 2.90 5.57 2.40 1.98 6.86 8.90 5.84 6.41 2.32
9.54 2.89 3.23 2.25 8.62 2.99 8.15 4.32 3.04 6.66
2.28 1.40 6.12 1.31 1.61 6.08 3.90 9.53 3.34 7.39
6.16 5.27 6.52 7.52 2.27 5.58 9.79 6.51 9.82 3.99
8.16 9.98 2.66 3.30 5.43 2.98 5.51 9.67 4.07 6.17
2.69 4.15 4.77 9.51 7.74 5.09 8.69 4.95 8.98 2.29
9.26 4.20 5.63 4.12 3.68 6.65 3.84 2.11 5.09 1.59
4.19 6.72 1.13 7.63 8.36 3.42 2.57 5.05 2.92 1.99
2.76 8.56 8.89 1.01 9.05 7.93 7.39 4.06 1.46 2.23
8.94 5.64 5.75 6.60 5.17 3.62 9.60 5.01 2.96 2.72
7.07 1.13 4.76 7.47 9.06 7.69 1.77 4.14 5.26 2.67
3.12 5.05 5.75 1.67 9.59 7.41 9.44 4.91 6.81 1.56
8.34 6.14 1.04 9.43 6.34 7.24 1.79 5.75 6.64 8.99
3.98 6.62 1.80 4.68 2.23 8.33 1.19 2.33 3.28 7.06
8.18 3.38 8.68 5.73 1.91 1.96 2.75 7.46 3.73 6.27
6.32 9.47 1.15 1.82 7.56 6.93 1.92 7.98 1.23 3.56
4.16 8.82 3.09 5.15 3.85 1.58 3.15 5.54 3.39 9.87
1.31 7.14 4.78 5.06 5.44 7.10 7.96 7.65 5.34 8.06
9.54 4.55 4.05 2.46 9.31 4.74 1.21 9.66 8.69 7.63
4.46 5.64 2.95 3.51 5.47 7.81 9.85 8.08 3.88 3.02
6.61 7.12 1.46 1.23 7.48 9.60 4.58 4.26 7.15 3.12
9.72 5.69 6.75 5.70 5.44 8.29 2.01 8.52 9.86 3.45
8.19 7.15 5.47 9.44 5.78 3.52 4.56 3.36 2.02 6.44
1.34 2.90 9.30 2.66 2.09 7.44 4.41 8.54 6.12 8.13
9.89 4.66 3.69 4.31 2.96 1.38 6.65 3.75 5.93 6.62
5.26 5.84 6.80 1.66 5.60 8.98 2.84 7.12 2.95 6.45
1.06 5.99 1.28 3.14 4.26 6.90 6.58 4.52 9.00 3.00
1.43 2.59 4.64 5.40 8.76 2.88 3.46 3.08 6.27 5.73
4.31 2.20 7.29 4.95 9.92 4.75 5.94 7.60 9.62 2.00
2.87 6.01 1.43 4.58 2.38 1.79 1.20 4.57 4.69 9.77
8.40 9.53 1.98 2.82 1.13 4.42 8.45 8.45 2.75 5.82
2.90 6.22 3.02 4.01 2.70 6.97 2.89 2.82 6.87 6.09
9.83 8.54 9.67 3.51 1.04 3.90 4.88 5.20 8.10 3.34
9.84 5.21 4.62 8.02 9.93 5.15 5.00 7.75 9.32 6.88
5.31 8.19 6.87 2.74 6.96 7.22 2.15 6.17 8.16 5.17
8.65 3.04 5.57 9.60 8.41 8.04 2.08 7.25 8.77 2.74
5.93 5.12 4.98 3.36 6.60 9.49 6.40 4.90 2.03 2.00
9.78 9.77 5.44 2.66 3.64 1.23 6.04 2.52 5.07 5.55
6.65 6.20 8.08 2.13 8.47 3.33 4.68 8.55 1.31 9.20
6.77 9.98 5.29 5.55 9.08 3.34 6.43 5.96 7.65 8.62
5.51 2.24 5.65 3.47 6.64 4.80 4.03 5.76 5.75 2.92
2.42 3.24 6.61 7.21 9.39 4.76 7.32 3.71 1.11 2.96
5.76 4.62 2.03 3.84 8.35 8.08 6.57 9.46 6.82 3.21
1.74 4.65 2.82 7.03 8.39 8.28 5.01 1.95 8.35 5.06
5.35 3.57 5.05 1.22 4.86 8.68 8.72 8.25 2.52 7.81
5.04 2.71 8.98 9.21 7.55 3.70 6.65 8.07 1.79 3.76
4.67 9.78 2.57 6.34 3.51 3.52 5.46 5.07 8.56 3.53
2.18 1.39 6.79 2.46 4.61 4.72 8.22 4.96 1.31 4.03
6.72 2.92 2.03 2.62 6.44 9.28 6.90 5.54 2.16 4.68
5.51 7.80 6.70 7.05 2.31 6.88 2.66 5.08 7.36 9.40
7.92 3.50 5.67 5.04 3.42 3.81 4.97 4.29 3.30 6.44
9.00 9.45 8.26 7.86 2.58 8.36 4.03 8.98 9.89 7.57
5.27 8.59 3.41 5.53 9.90 7.36 4.80 3.13 8.75 1.73
6.16 5.43 4.06 9.84 9.48 6.57 4.90 5.03 6.88 8.64
4.75 5.62 5.69 7.10 5.25 6.82 3.60 9.33 4.94 8.03
4.69 9.15 5.94 3.66 6.52 7.21 4.93 3.36 6.18 6.58
6.29 4.84 3.01 4.32 9.83 1.46 9.43 1.22 5.60 6.17
9.82 5.07 4.03 8.67 9.20 3.89 2.57 8.02 6.39 5.83
3.21 5.72 5.34 6.88 4.17 7.62 6.94 6.47 4.10 5.70
3.35 2.09 9.04 1.81 4.17 6.81 5.38 6.47 8.76 3.38
6.35 5.91 3.76 7.65 6.93 7.31 6.23 1.90 8.54 2.15
9.14 7.95 5.85 4.52 4.44 7.63 1.78 3.09 1.64 9.09
9.19 8.06 2.59 6.38 4.94 3.22 6.51 1.41 9.14 2.53
5.41 2.57 1.86 5.77 9.54 2.13 6.04 4.22 2.83 3.34
1.13 2.46 2.59 5.49 3.84 5.61 3.30 5.71 9.84 9.95
8.44 5.04 4.21 1.44 9.93 2.47 8.92 2.58 9.88 6.34
3.51 1.98 9.63 8.85 9.79 8.62 9.51 7.04 5.44 1.93
2.16 3.46 7.39 2.37 9.97 8.80 1.14 2.56 9.39 9.89
4.62 4.53 4.43 3.22 9.94 6.17 4.74 8.84 5.94 4.38
2.97 1.07 5.21 4.62 8.61 1.43 2.95 2.11 9.45 3.55
8.95 6.22 1.47 3.85 4.73 7.54 9.17 5.52 7.51 4.43
6.80 8.50 3.53 6.63 9.18 3.15 5.59 4.92 4.12 1.54
9.14 2.30 1.13 7.94 3.75 4.36 6.31 9.66 9.95 6.78
2.82 7.25 3.93 5.17 3.94 9.81 4.62 5.17 6.79 2.76
9.93 7.00 9.51 2.26 8.09 6.17 8.99 5.96 3.25 9.34
7.80 9.61 3.51 5.65 6.27 9.00 8.84 2.19 1.25 8.71
7.26 6.64 9.36 6.83 1.69 1.58 5.13 2.06 1.00 1.32
1.42 5.28 9.67 5.94 6.87 3.16 3.81 1.88 9.36 1.28
2.21 10.00 2.03 8.33 2.20 6.41 1.31 5.97 7.92 9.37
9.85 1.02 5.84 9.68 5.25 5.25 5.27 4.48 5.30 4.52
8.66 7.41 1.85 9.02 4.87 8.72 6.10 9.89 9.19 8.58
3.57 7.79 4.10 4.72 4.32 2.51 1.85 9.60 1.22 6.69
8.80 6.65 5.43 2.99 2.31 6.38 3.75 4.46 2.00 5.69
9.17 5.46 5.32 5.78 1.55 8.21 3.10 3.08 1.87 9.38
6.88 8.51 9.04 9.62 9.57 5.20 8.08 5.21 3.21 7.81
9.17 9.87 7.56 6.79 7.51 1.13 7.64 1.49 9.93 3.53
7.94 6.82 2.80 5.93 1.29 2.15 4.15 3.02 6.45 5.68
5.80 8.35 9.20 7.49 5.91 4.54 1.37 1.03 7.40 9.12
7.53 5.23 3.81 7.86 9.20 9.19 5.25 9.99 7.12 5.07
3.60 4.30 5.67 3.34 7.55 3.98 4.69 4.50 6.86 2.35
6.55 3.91 7.59 8.05 4.73 6.76 2.24 4.98 6.93 9.32
2.42 2.27 6.86 6.79 9.62 9.13 4.12 2.08 2.48 8.23
8.43 2.78 2.74 6.75 5.31 4.70 8.77 5.45 2.12 9.31
8.78 3.63 1.00 4.50 7.06 9.27 7.47 1.83 8.69 3.96
4.62 6.80 5.99 2.02 6.67 7.54 2.71 5.63 5.93 8.72
4.99 8.50 8.83 1.76 9.35 5.29 5.47 2.60 3.45 6.78
1.54 5.82 4.22 2.05 5.72 5.42 5.86 4.14 8.04 1.99
2.20 8.57 2.39 1.59 8.74 2.98 3.31 4.17 1.18 9.40
1.36 1.21 7.50 2.54 5.96 5.13 9.88 8.87 6.78 4.42
6.09 6.77 9.42 6.62 2.87 8.43 8.90 7.66 7.38 1.24
1.68 9.89 3.12 3.83 6.34 8.96 1.49 5.29 7.93 2.44
6.72 4.52 5.00 9.54 2.01 2.34 2.69 8.10 6.64 1.03
6.53 8.34 5.99 9.16 2.18 2.49 1.91 1.35 6.39 7.31
4.95 9.64 9.63 1.68 5.69 9.58 3.94 5.65 1.76 5.60
7.70 9.22 9.98 9.29 6.89 6.20 9.51 2.03 8.34 3.82
8.06 3.80 7.82 7.56 8.14 7.27 7.91 9.08 6.75 3.06
7.41 1.32 7.42 2.30 2.26 8.07 8.00 7.61 5.65 6.30
4.96 2.29 8.02 5.01 6.84 8.50 9.57 3.58 6.81 4.32
1.19 3.26 8.49 5.56 3.26 1.59 9.20 6.82 7.45 1.93
6.47 6.40 8.00 9.35 5.73 2.17 3.67 1.33 6.51 9.83
1.52 2.83 7.60 5.30 3.23 4.72 2.48 3.34 9.65 2.76
6.51 9.71 7.01 6.64 3.79 1.65 1.82 2.40 2.07 7.75
8.91 8.00 5.98 4.85 9.56 1.42 3.22 8.47 4.60 4.42
5.21 7.21 4.52 5.46 9.18 6.38 4.29 4.18 3.80 4.61
9.84 2.28 2.06 8.24 3.04 5.11 4.45 4.75 1.06 9.00
2.63 5.55 9.91 2.09 1.63 2.84 6.71 7.65 4.28 2.41
3.14 9.94 2.88 8.07 8.00 6.55 3.02 7.87 1.04 7.44
7.42 7.39 8.39 7.10 9.15 1.55 7.26 8.37 5.96 3.09
1.30 3.56 2.60 5.21 8.60 1.51 9.98 9.17 6.84 4.59
8.98 3.22 1.92 6.45 3.85 2.62 2.29 9.01 1.08 8.45
7.74 6.05 1.82 4.59 4.17 3.55 4.58 4.83 5.56 5.86
9.22 9.40 4.47 1.03 3.83 9.68 7.39 6.32 6.03 9.63
3.85 8.83 4.53 5.23 9.51 3.31 1.77 3.89 2.25 6.86
6.90 2.80 1.65 8.31 5.16 6.49 1.52 1.76 3.46 6.65
4.74 2.66 1.44 3.99 6.58 8.57 2.39 6.97 6.80 7.99
9.61 1.60 1.59 1.84 1.85 4.43 8.97 4.38 4.85 5.31
9.65 1.37 7.85 3.70 3.94 1.50 3.93 4.13 10.00 1.92
3.94 3.51 4.22 6.32 4.81 8.45 1.11 2.34 1.47 2.41
6.36 8.35 9.87 7.01 8.45 1.37 2.51 6.90 7.52 7.27
4.37 9.91 3.99 6.40 1.74 5.80 6.51 4.76 1.36 7.25
1.08 8.80 5.39 9.88 9.83 1.09 4.95 9.79 7.49 8.81
8.78 7.78 4.49 9.29 9.96 5.55 8.73 1.41 6.75 9.61
7.87 3.21 6.62 4.17 2.10 9.45 5.05 9.39 9.56 1.92
3.86 1.88 5.35 2.97 7.91 2.23 4.98 6.68 5.51 8.72
2.35 6.56 6.67 2.59 4.20 4.99 5.63 1.71 1.09 7.67
7.83 6.69 7.69 5.12 6.90 1.23 3.84 2.66 1.79 4.18
2.23 8.08 1.11 1.22 8.73 5.20 1.33 5.88 3.59 3.95
1.58 4.17 2.02 1.07 3.90 1.13 8.48 6.65 2.75 5.83
8.07 2.54 7.16 3.91 4.68 7.75 6.52 3.62 2.75 8.57
7.64 5.56 2.10 4.23 3.95 9.47 3.64 4.18 8.15 4.10
5.16 1.13 2.50 7.51 9.10 3.47 4.02 5.03 4.92 8.71
9.79 6.18 8.52 3.18 3.64 4.32 3.18 2.95 4.39 7.37
9.01 6.73 8.21 2.38 7.98 1.89 2.19 9.42 6.92 8.05
5.89 2.55 4.89 3.17 2.82 9.78 6.70 7.50 5.04 1.05
9.18 3.00 8.03 5.20 3.97 6.68 4.44 2.41 2.01 8.20
5.87 8.72 7.75 7.44 7.13 6.92 3.45 7.78 9.81 8.68
6.93 4.87 3.01 2.44 3.67 3.52 8.62 1.65 6.13 2.91
3.55 2.74 9.56 2.79 9.00 2.63 5.77 7.84 2.11 2.32
4.19 8.59 1.80 8.21 3.94 6.06 4.97 1.75 8.51 4.58
3.46 8.71 9.05 7.57 1.90 1.41 9.97 2.95 8.59 2.77
2.56 5.70 6.76 2.09 8.58 1.58 8.35 1.92 5.00 2.59
5.52 3.80 2.13 9.66 1.22 2.79 2.59 2.43 1.79 2.83
1.89 7.78 6.39 1.50 3.44 6.15 7.97 4.92 1.83 5.44
1.53 4.37 1.91 9.11 1.40 7.60 3.04 2.87 2.20 8.05
9.00 9.56 4.87 5.57 6.88 1.49 7.35 4.84 7.66 5.98
3.24 7.93 6.13 8.83 2.11 7.61 2.70 5.74 7.20 3.61
4.52 5.42 8.17 4.66 6.54 7.13 8.14 4.76 3.04 1.11
6.97 7.08 3.90 4.40 2.21 7.93 6.13 6.75 9.59 3.89
2.50 1.98 9.11 5.73 7.19 1.17 8.15 8.42 3.24 4.42
3.92 3.73 5.75 2.58 2.64 7.00 1.89 1.78 3.68 5.19
4.61 3.73 5.97 7.47 9.40 7.14 2.82 6.23 5.02 9.21
1.92 7.06 2.29 1.51 3.82 7.54 5.06 2.03 4.07 7.94
1.52 9.15 2.73 1.94 6.11 3.73 3.44 8.27 2.19 1.75
2.67 1.08 5.02 3.02 5.35 7.69 2.13 7.31 9.00 9.36
1.81 3.19 5.54 1.69 7.30 9.37 4.55 1.03 5.39 2.13
6.60 1.74 4.52 8.01 1.43 6.71 3.05 3.77 2.07 2.71
8.57 2.13 1.79 3.35 6.65 6.66 8.90 1.70 3.92 5.24
5.98 7.42 3.25 1.72 1.11 1.68 7.81 9.55 3.32 5.58
3.25 6.92 2.70 8.19 7.30 1.46 6.61 4.66 6.58 9.12
3.91 3.81 2.57 2.12 4.23 2.21 9.87 3.59 5.32 1.39
1.89 1.46 9.06 4.98 2.73 4.79 2.67 3.71 4.76 3.58
1.10 2.10 2.12 9.49 5.50 3.97 6.84 5.71 2.78 3.11
2.58 8.41 7.55 8.77 3.57 5.16 8.11 6.66 3.16 8.78
7.28 6.47 3.23 1.63 2.79 8.69 5.84 6.73 1.38 4.93
3.39 9.68 7.57 6.25 4.71 6.34 2.31 4.60 8.98 3.21
5.73 5.65 5.38 6.71 3.42 1.22 7.98 1.85 7.90 3.02
5.79 1.61 2.70 2.92 2.96 1.30 4.75 9.08 9.71 8.84
7.75 9.63 1.64 4.96 7.25 3.08 4.68 4.87 3.23 8.76
9.47 3.02 5.62 7.58 1.92 2.80 8.24 8.19 1.43 1.16
1.54 8.07 6.96 1.75 6.61 6.02 6.84 8.28 4.03 4.82
3.56 3.80 6.20 8.18 9.17 6.73 5.80 8.97 6.33 6.86
8.22 2.92 7.79 2.35 3.75 1.97 6.41 7.54 4.04 8.60
2.31 6.55 1.52 5.85 8.09 2.52 6.68 7.52 9.90 9.75
2.62 7.26 6.77 4.21 8.92 3.78 8.02 4.04 6.95 6.20
7.27 4.71 6.52 2.32 7.51 2.53 8.51 3.84 5.26 1.83
2.76 5.36 3.25 8.41 9.06 1.40 9.77 4.12 9.19 3.27
1.68 1.33 5.51 3.55 3.74 7.34 4.31 5.39 2.20 5.42
9.99 7.39 6.34 6.59 8.97 7.99 9.29 8.06 3.35 8.98
7.95 6.04 8.15 2.44 5.46 4.92 7.17 8.61 7.16 5.89
5.43 9.71 5.67 7.08 1.80 2.89 5.64 7.35 3.41 1.94
9.83 4.19 5.32 7.47 4.65 4.89 6.59 5.85 5.57 4.64
1.63 7.86 5.38 3.25 5.03 9.09 8.98 7.85 4.05 3.93
8.83 9.92 5.49 7.38 4.83 8.87 7.57 9.00 9.86 7.92
9.69 6.09 1.64 8.89 8.12 8.66 7.14 8.74 5.88 2.13
6.98 7.87 8.44 8.44 9.66 2.72 8.98 4.88 2.97 8.96
5.07 4.15 3.97 8.69 1.02 7.12 8.35 6.71 7.91 1.12
8.80 4.49 3.05 1.15 5.87 3.24 3.58 6.84 3.68 5.17
2.66 9.05 5.40 2.00 5.19 9.64 5.45 8.96 8.31 6.21
6.74 7.93 4.21 7.35 5.56 7.42 5.97 5.30 9.32 6.62

Demandas:
0 0 0 0 0 1
1 0 0 0 0 0
0 1 0 0 0 0
0 0 0 0 0 1
0 0 0 0 0 1
0 0 0 0 0 1
0 0 0 0 0 1
0 0 0 0 0 1
0 0 0 0 1 0
0 0 1 0 0 0
0 1 0 0 0 0
0 0 0 0 1 0
0 1 0 0 0 0
0 0 0 1 0 0
0 0 0 1 0 0
0 0 0 0 0 1
0 1 0 0 0 0
0 0 0 0 1 0
0 1 0 0 0 0
1 0 0 0 0 0
0 0 1 0 0 0
1 0 0 0 0 0
0 0 0 0 1 0
0 1 0 0 0 0
1 0 0 0 0 0
0 0 0 0 1 0
0 0 0 0 0 1
0 1 0 0 0 0
0 0 1 0 0 0
0 0 0 0 1 0
0 0 0 1 0 0
0 0 0 0 1 0
0 1 0 0 0 0
0 0 1 0 0 0
1 0 0 0 0 0
0 0 0 0 1 0
0 0 0 0 0 1
0 0 1 0 0 0
0 1 0 0 0 0
0 0 0 0 1 0
0 0 0 0 0 1
0 0 1 0 0 0
0 0 0 1 0 0
0 0 0 1 0 0
0 0 0 0 1 0
0 1 0 0 0 0
0 0 0 1 0 0
0 0 0 0 0 1
0 0 0 0 1 0
0 1 0 0 0 0
0 0 0 0 1 0
0 0 0 0 1 0
0 0 0 0 1 0
1 0 0 0 0 0
0 1 0 0 0 0
0 0 0 1 0 0
1 0 0 0 0 0
0 0 0 1 0 0
1 0 0 0 0 0
0 0 0 0 0 1
0 0 1 0 0 0
0 1 0 0 0 0
0 0 0 0 0 1
0 0 0 0 0 1
0 0 0 0 0 1
0 0 1 0 0 0
0 0 0 0 0 1
0 0 0 0 0 1
1 0 0 0 0 0
0 0 0 0 1 0
0 0 0 0 1 0
1 0 0 0 0 0
0 0 0 1 0 0
0 0 0 1 0 0
0 0 0 1 0 0
0 0 0 1 0 0
1 0 0 0 0 0
0 0 1 0 0 0
0 0 0 0 1 0
0 0 0 0 0 1
0 0 0 1 0 0
1 0 0 0 0 0
0 0 0 0 1 0
1 0 0 0 0 0
0 0 1 0 0 0
1 0 0 0 0 0
0 0 0 1 0 0
0 1 0 0 0 0
0 1 0 0 0 0
1 0 0 0 0 0
0 0 0 0 1 0
0 1 0 0 0 0
0 0 0 1 0 0
1 0 0 0 0 0
0 0 0 0 0 1
0 0 0 1 0 0
0 1 0 0 0 0
0 1 0 0 0 0
0 0 0 1 0 0
0 0 0 1 0 0
0 0 1 0 0 0
0 0 0 0 1 0
0 0 0 0 0 1
0 0 0 0 1 0
0 0 1 0 0 0
0 0 0 1 0 0
0 1 0 0 0 0
1 0 0 0 0 0
1 0 0 0 0 0
0 1 0 0 0 0
0 0 1 0 0 0
0 0 0 0 0 1
0 0 0 0 0 1
0 0 0 0 1 0
0 0 0 1 0 0
0 0 0 0 1 0
0 0 1 0 0 0
0 1 0 0 0 0
0 0 0 0 0 1
0 0 1 0 0 0
0 1 0 0 0 0
0 0 0 0 1 0
0 1 0 0 0 0
1 0 0 0 0 0
0 0 0 0 1 0
0 0 0 0 0 1
0 0 1 0 0 0
0 0 0 0 0 1
0 0 1 0 0 0
0 1 0 0 0 0
0 0 0 1 0 0
1 0 0 0 0 0
1 0 0 0 0 0
0 0 1 0 0 0
0 0 1 0 0 0
0 0 0 0 0 1
0 0 0 0 0 1
1 0 0 0 0 0
0 0 0 0 0 1
0 1 0 0 0 0
1 0 0 0 0 0
0 0 0 1 0 0
0 0 0 1 0 0
0 0 0 0 1 0
0 1 0 0 0 0
0 0 1 0 0 0
0 0 1 0 0 0
0 0 0 1 0 0
1 0 0 0 0 0
0 0 0 0 1 0
0 0 0 1 0 0
0 0 1 0 0 0
0 0 0 0 0 1
1 0 0 0 0 0
0 0 0 1 0 0
1 0 0 0 0 0
0 0 1 0 0 0
0 0 0 1 0 0
0 0 0 0 1 0
0 0 0 0 0 1
0 0 1 0 0 0
1 0 0 0 0 0
0 0 1 0 0 0
0 0 0 0 1 0
0 0 1 0 0 0
0 0 0 0 0 1
0 0 0 0 1 0
1 0 0 0 0 0
0 0 0 0 1 0
1 0 0 0 0 0
0 0 1 0 0 0
0 1 0 0 0 0
0 0 0 1 0 0
0 0 1 0 0 0
1 0 0 0 0 0
0 1 0 0 0 0
0 0 1 0 0 0
0 0 0 1 0 0
0 0 0 0 1 0
0 0 0 0 0 1
0 1 0 0 0 0
0 0 0 0 1 0
0 0 0 0 1 0
0 0 0 0 1 0
0 0 0 0 1 0
0 0 0 1 0 0
0 0 0 0 0 1
1 0 0 0 0 0
0 0 0 0 0 1
0 0 0 1 0 0
0 1 0 0 0 0
0 1 0 0 0 0
0 1 0 0 0 0
0 0 1 0 0 0
0 0 0 0 0 1
0 0 0 1 0 0
0 0 0 1 0 0
0 1 0 0 0 0
0 0 1 0 0 0
0 0 0 0 0 1
0 1 0 0 0 0
0 1 0 0 0 0
0 0 0 1 0 0
0 0 0 0 1 0
0 0 0 0 0 1
0 0 0 1 0 0
0 0 1 0 0 0
0 0 0 1 0 0
0 0 1 0 0 0
1 0 0 0 0 0
0 1 0 0 0 0
0 1 0 0 0 0
1 0 0 0 0 0
0 0 0 0 1 0
0 0 0 0 1 0
0 0 1 0 0 0
0 0 1 0 0 0
0 1 0 0 0 0
0 0 0 1 0 0
1 0 0 0 0 0
0 0 1 0 0 0
0 1 0 0 0 0
1 0 0 0 0 0
1 0 0 0 0 0
0 0 1 0 0 0
0 0 0 0 0 1
0 0 1 0 0 0
0 0 0 1 0 0
0 0 1 0 0 0
0 1 0 0 0 0
0 0 0 1 0 0
0 1 0 0 0 0
0 0 0 0 0 1
0 0 1 0 0 0
0 0 0 1 0 0
1 0 0 0 0 0
0 0 0 0 0 1
0 0 0 1 0 0
0 1 0 0 0 0
1 0 0 0 0 0
0 0 1 0 0 0
0 0 0 0 0 1
0 0 0 0 1 0
0 0 0 0 1 0
0 0 0 0 0 1
0 0 0 0 1 0
0 0 0 0 0 1
0 0 1 0 0 0
1 0 0 0 0 0
0 0 0 0 1 0
1 0 0 0 0 0
0 0 0 1 0 0
0 0 1 0 0 0
1 0 0 0 0 0
0 1 0 0 0 0
0 1 0 0 0 0
1 0 0 0 0 0
0 0 1 0 0 0
1 0 0 0 0 0
0 0 0 1 0 0
0 1 0 0 0 0
0 0 0 1 0 0
0 0 0 1 0 0
0 0 0 0 1 0
0 0 0 0 0 1
0 0 1 0 0 0
0 0 1 0 0 0
0 0 0 1 0 0
0 0 0 0 1 0
0 1 0 0 0 0
0 1 0 0 0 0
0 0 1 0 0 0
0 1 0 0 0 0
0 0 0 0 1 0
0 0 0 1 0 0
0 0 0 0 0 1
0 0 0 1 0 0
1 0 0 0 0 0
0 1 0 0 0 0
1 0 0 0 0 0
0 0 0 0 0 1
0 0 0 1 0 0
0 0 0 0 1 0
0 1 0 0 0 0
1 0 0 0 0 0
0 0 0 0 0 1
0 0 0 0 0 1
0 0 0 1 0 0
0 1 0 0 0 0
0 0 0 0 1 0
0 0 0 1 0 0
0 0 1 0 0 0
0 1 0 0 0 0
0 0 0 1 0 0
0 0 0 0 1 0
0 0 0 0 0 1
0 1 0 0 0 0
1 0 0 0 0 0
0 0 1 0 0 0
0 0 1 0 0 0
0 0 0 0 0 1
1 0 0 0 0 0
0 0 1 0 0 0
0 0 0 0 1 0
0 0 0 0 0 1
0 0 0 0 1 0
0 0 0 0 0 1
1 0 0 0 0 0
0 0 1 0 0 0
0 0 0 0 0 1
0 1 0 0 0 0
0 1 0 0 0 0
1 0 0 0 0 0
0 1 0 0 0 0
0 0 1 0 0 0
0 1 0 0 0 0
0 0 0 1 0 0
0 1 0 0 0 0
0 0 0 0 1 0
0 0 1 0 0 0
0 0 0 0 0 1
0 0 0 0 0 1
0 0 0 0 1 0
0 0 0 0 0 1
0 0 0 0 1 0
0 1 0 0 0 0
0 0 0 0 1 0
0 0 0 0 1 0
1 0 0 0 0 0
0 0 1 0 0 0
0 0 0 0 0 1
0 0 0 0 0 1
0 0 1 0 0 0
0 0 0 0 0 1
0 1 0 0 0 0
0 1 0 0 0 0
0 0 0 0 0 1
1 0 0 0 0 0
0 0 0 0 0 1
0 0 0 0 0 1
0 0 0 0 1 0
1 0 0 0 0 0
0 0 0 0 0 1
1 0 0 0 0 0
0 0 0 0 1 0
0 0 0 0 1 0
0 1 0 0 0 0
0 0 1 0 0 0
0 0 0 0 1 0
0 0 0 0 1 0
0 0 0 0 1 0
1 0 0 0 0 0
1 0 0 0 0 0
0 1 0 0 0 0
0 0 0 0 1 0
0 0 0 0 0 1
0 0 0 0 1 0
1 0 0 0 0 0
1 0 0 0 0 0
0 1 0 0 0 0
0 0 0 0 1 0
0 0 1 0 0 0
0 1 0 0 0 0
1 0 0 0 0 0
0 0 0 0 1 0
0 0 0 0 0 1
1 0 0 0 0 0
0 0 0 0 1 0
1 0 0 0 0 0
0 0 1 0 0 0
0 0 0 0 0 1
0 0 1 0 0 0
1 0 0 0 0 0
0 0 1 0 0 0
0 0 1 0 0 0
0 0 1 0 0 0
1 0 0 0 0 0
0 0 0 1 0 0
0 0 1 0 0 0
0 0 0 1 0 0
0 0 0 1 0 0
0 0 1 0 0 0
0 0 0 1 0 0
0 0 0 0 0 1
0 1 0 0 0 0
1 0 0 0 0 0
0 0 0 0 0 1
0 0 0 0 1 0
0 0 0 0 0 1
0 1 0 0 0 0
0 1 0 0 0 0
0 0 1 0 0 0
1 0 0 0 0 0
1 0 0 0 0 0
1 0 0 0 0 0
0 0 0 0 1 0
1 0 0 0 0 0
0 0 0 1 0 0
0 0 0 1 0 0
0 0 1 0 0 0
0 0 0 0 1 0
0 1 0 0 0 0
0 1 0 0 0 0
0 0 1 0 0 0
0 0 0 0 1 0
0 0 0 0 1 0
0 0 0 1 0 0
0 0 0 0 1 0
0 0 0 1 0 0
0 1 0 0 0 0
0 0 1 0 0 0
0 0 1 0 0 0
0 0 0 0 1 0
0 0 0 1 0 0
0 0 1 0 0 0
0 0 0 0 0 1
0 0 1 0 0 0
1 0 0 0 0 0
0 1 0 0 0 0
0 0 0 0 1 0
0 0 0 0 1 0
0 0 0 0 1 0
1 0 0 0 0 0
0 0 1 0 0 0
0 1 0 0 0 0
0 0 0 0 1 0
0 0 0 0 0 1
0 0 1 0 0 0
0 0 1 0 0 0
1 0 0 0 0 0
0 0 0 0 0 1
0 0 1 0 0 0
0 0 0 0 0 1
0 0 1 0 0 0
0 0 0 0 1 0
0 0 1 0 0 0
1 0 0 0 0 0
1 0 0 0 0 0
0 0 0 1 0 0
0 0 0 0 0 1
0 0 0 0 1 0
0 0 0 0 0 1
1 0 0 0 0 0
0 0 1 0 0 0
0 0 1 0 0 0
0 0 1 0 0 0
0 0 0 0 0 1
0 1 0 0 0 0
0 0 1 0 0 0
0 0 0 0 1 0
0 1 0 0 0 0
0 0 1 0 0 0
0 0 0 1 0 0
0 0 0 0 1 0
0 0 1 0 0 0
0 0 0 0 0 1
0 0 1 0 0 0
0 0 0 1 0 0
1 0 0 0 0 0
0 0 0 1 0 0
0 1 0 0 0 0
0 0 0 0 0 1
0 0 0 1 0 0
0 1 0 0 0 0
0 0 0 0 0 1
0 0 0 0 1 0
0 1 0 0 0 0
1 0 0 0 0 0
0 1 0 0 0 0
0 0 1 0 0 0
0 0 0 0 1 0
0 1 0 0 0 0
0 0 0 1 0 0
0 0 1 0 0 0
0 0 1 0 0 0
0 0 1 0 0 0
0 0 0 1 0 0
0 0 0 0 0 1
0 0 0 0 0 1
0 0 0 0 0 1
1 0 0 0 0 0
0 0 0 0 1 0
0 1 0 0 0 0
1 0 0 0 0 0
1 0 0 0 0 0
0 0 0 0 0 1
0 0 0 1 0 0
0 0 1 0 0 0
1 0 0 0 0 0
0 0 0 1 0 0
1 0 0 0 0 0
0 0 0 0 1 0
0 0 0 0 1 0
0 0 1 0 0 0
0 0 0 0 1 0
0 0 1 0 0 0
0 1 0 0 0 0
0 0 0 0 0 1
0 0 0 0 1 0
0 0 0 0 1 0

Capacidades:
51 34 33 42 54 59
41 51 24 46 33 22
56 26 20 29 25 0
33 31 57 23 40 23
54 34 58 51 38 25
37 48 27 58 50 25
29 25 22 43 58 35
31 43 29 0 0 32
35 44 37 28 50 25
39 42 28 33 30 34
