m: 500
n: 10
p: 8

Distancias:
1.77 5.45 9.48 8.57 3.94 3.52 4.10 8.34 7.45 2.11
7.27 2.54 8.13 6.19 8.77 5.79 3.08 6.72 4.94 1.61
7.93 9.59 1.31 5.99 3.62 2.19 1.82 8.49 4.85 9.25
4.97 2.38 9.61 2.13 6.76 8.62 2.84 3.96 5.08 9.61
2.21 7.89 5.39 7.24 1.37 1.40 3.18 1.64 8.79 3.41
6.46 1.55 5.31 7.53 7.16 8.95 3.26 1.42 6.62 2.93
8.93 3.65 7.69 2.68 6.51 5.16 8.18 7.49 4.14 9.29
1.27 1.75 2.61 5.43 7.39 7.59 3.22 1.92 7.01 1.51
9.07 4.63 6.70 4.05 9.91 9.71 2.13 6.27 3.71 5.50
4.63 1.11 8.51 2.32 3.79 4.60 2.44 9.62 5.00 6.70
1.73 4.55 3.49 6.13 6.38 2.42 6.54 2.40 9.71 2.63
1.57 2.91 6.13 3.51 5.29 5.27 2.42 2.10 4.88 2.60
3.07 6.39 1.55 6.92 6.63 1.32 4.45 5.97 7.09 3.78
9.58 3.33 7.20 8.76 2.11 1.21 9.96 8.44 2.66 2.36
3.63 5.02 3.07 8.51 9.14 8.74 4.80 9.83 2.12 3.96
2.83 9.46 1.56 7.35 2.73 4.33 9.31 3.79 5.54 7.94
9.28 6.66 2.29 6.57 2.11 8.69 9.50 1.34 2.91 8.50
4.88 3.99 4.03 3.68 3.02 3.83 3.25 3.79 4.19 1.81
2.58 6.61 7.69 2.32 1.77 3.52 5.32 5.20 1.55 2.75
8.31 6.59 8.10 1.12 4.25 7.53 3.17 1.16 5.65 7.60
5.55 4.06 4.78 4.11 1.68 8.24 9.60 4.60 8.16 4.29
4.81 8.30 6.18 2.02 2.93 2.55 3.79 1.53 8.70 2.96
2.06 8.87 5.87 5.96 7.52 8.98 8.35 8.89 1.35 9.94
5.04 9.66 2.06 4.65 4.64 5.67 7.23 8.30 9.71 3.70
4.63 5.13 3.97 8.28 1.93 9.86 4.09 5.38 2.29 5.70
5.62 2.77 1.29 3.82 2.82 7.46 6.32 2.99 6.76 2.55
3.05 4.90 2.66 7.00 4.53 9.19 7.74 3.22 5.87 5.53
7.71 1.33 3.71 1.42 5.97 3.90 7.37 6.23 2.54 2.55
7.42 3.93 7.71 9.22 9.13 1.42 3.43 7.89 8.06 6.45
9.12 8.57 2.51 7.08 7.06 1.42 2.25 3.87 5.01 8.52
9.23 3.81 2.76 1.90 1.14 6.36 4.49 1.73 3.76 4.69
3.15 1.16 5.04 2.89 9.81 5.19 4.03 8.45 2.26 9.35
8.71 2.14 7.94 9.21 2.35 8.49 4.65 4.29 9.14 2.54
1.63 7.57 8.89 7.35 6.53 4.25 1.29 5.62 5.58 5.94
3.32 1.22 4.10 7.59 1.27 9.05 2.45 9.54 2.37 6.03
5.39 3.03 4.67 5.77 4.02 2.98 8.74 4.67 8.85 7.29
4.55 3.14 2.87 2.78 2.15 9.66 2.71 9.24 7.36 2.98
4.48 4.82 2.98 4.64 7.88 5.92 6.47 3.24 9.70 9.03
4.71 7.32 2.04 7.32 1.28 9.10 6.48 1.65 1.17 7.25
1.33 6.31 6.66 5.70 9.25 9.72 8.78 2.45 8.15 1.74
6.91 4.92 3.15 7.60 9.91 6.76 8.36 8.82 5.13 4.17
7.90 6.15 7.49 7.52 1.67 7.02 2.15 7.33 2.27 8.25
3.29 4.08 5.60 2.89 2.70 9.93 9.48 5.83 9.68 7.01
1.95 4.11 6.91 5.83 9.14 7.26 9.83 7.72 5.88 9.37
7.59 7.10 8.64 2.40 9.69 9.33 6.13 5.11 2.49 2.60
6.70 1.68 8.46 6.63 2.60 6.30 4.10 1.40 2.16 7.29
1.01 5.81 8.79 4.13 8.38 7.01 3.56 5.43 9.65 8.15
1.78 2.18 5.85 4.63 4.56 5.73 5.07 6.12 9.38 2.38
2.89 2.50 4.21 4.07 4.91 5.83 1.85 8.76 7.32 6.85
2.53 2.25 8.11 7.02 2.82 5.09 7.94 8.91 8.09 6.25
8.00 7.66 8.27 6.06 9.21 3.05 8.37 2.52 5.66 3.53
7.86 6.91 4.56 9.63 4.97 4.68 2.96 4.84 2.84 1.95
3.86 1.72 1.08 6.96 3.20 5.14 2.47 4.72 6.11 8.75
7.65 3.59 3.33 1.43 1.94 5.39 2.78 3.58 3.49 5.94
3.56 6.58 5.36 8.23 7.90 8.12 6.27 3.63 5.86 5.45
6.42 2.65 4.89 4.99 4.87 6.87 3.39 1.71 1.79 2.55
1.79 3.75 2.83 2.53 6.09 2.52 1.41 9.35 1.12 8.48
6.27 9.18 1.70 1.23 3.47 3.26 3.28 3.31 5.63 5.78
6.59 6.42 7.27 1.63 7.83 8.64 5.57 4.85 2.48 5.32
2.04 7.78 2.77 9.75 6.72 2.90 4.09 6.00 7.86 3.65
1.18 2.47 1.79 8.45 8.20 7.87 1.67 5.05 3.05 5.01
3.57 5.75 6.91 4.40 8.74 5.03 9.21 6.88 7.12 5.80
7.48 7.38 9.02 5.76 6.89 9.03 9.68 3.62 6.58 6.71
6.81 7.76 3.19 2.41 7.77 4.69 8.45 1.11 7.50 2.17
1.85 3.70 8.64 3.75 4.10 9.75 4.82 3.34 8.34 4.95
8.32 6.54 6.79 8.27 7.91 4.56 3.93 6.19 5.68 5.40
9.39 8.02 3.24 7.12 4.63 1.03 2.24 7.27 7.72 2.09
5.20 7.16 8.12 2.46 6.90 2.77 5.87 8.93 7.93 6.07
5.36 5.52 8.42 6.48 6.56 5.73 8.33 4.27 6.12 6.04
2.56 8.21 4.84 8.15 7.03 2.22 9.15 2.30 9.75 1.32
6.58 3.06 5.30 4.67 6.13 8.57 6.88 7.17 7.49 7.44
6.23 7.65 8.01 5.57 1.83 6.79 4.27 2.82 7.82 7.78
9.81 6.57 2.18 3.27 1.91 4.00 9.31 9.19 8.90 9.46
5.77 9.62 7.09 2.27 5.96 3.15 3.93 5.29 4.69 3.83
7.38 4.22 7.31 2.23 4.02 4.78 1.78 1.01 5.61 3.81
9.49 4.74 7.59 1.96 4.39 9.72 7.43 6.95 6.05 3.97
5.18 8.66 6.01 4.82 7.06 6.99 5.32 8.93 6.80 2.34
8.54 5.13 7.89 1.16 5.26 6.07 3.11 2.75 8.76 2.85
7.37 9.95 4.71 2.76 6.94 4.84 7.14 3.13 7.62 8.78
2.65 1.52 5.87 2.91 9.63 2.73 4.27 6.41 9.38 8.07
9.64 7.83 4.25 8.50 8.76 9.93 3.38 2.92 2.09 6.88
8.61 5.86 3.92 9.40 6.75 1.36 7.32 7.44 5.00 6.34
1.25 9.40 4.56 2.17 3.39 9.02 7.54 7.85 1.36 5.96
3.22 7.58 8.78 7.20 3.44 7.26 8.17 2.35 5.81 7.88
7.30 5.34 7.10 7.71 6.64 8.42 5.26 4.97 1.78 5.26
1.31 6.11 2.73 6.80 8.83 5.76 9.19 6.91 5.54 7.18
1.67 6.45 7.69 5.96 4.55 8.61 4.31 2.65 9.34 6.11
5.65 5.59 1.25 7.80 2.24 8.60 2.18 1.20 6.30 2.98
8.30 4.90 7.15 5.49 4.71 2.19 6.72 7.32 9.27 3.66
8.98 5.80 1.83 7.40 9.31 5.23 5.80 5.66 4.08 4.16
2.38 2.69 3.33 4.65 1.52 2.90 9.33 1.68 7.00 5.20
8.45 2.15 1.39 9.35 2.32 5.90 7.22 3.21 4.72 1.62
1.92 8.14 5.84 7.45 3.02 6.49 3.90 1.37 2.74 8.56
3.65 6.10 6.37 8.57 8.96 3.44 8.13 9.88 3.12 6.47
4.90 2.91 5.07 7.64 4.91 5.28 3.70 4.25 7.90 2.76
1.93 1.51 5.10 4.29 9.99 4.91 3.85 6.75 7.14 2.25
6.62 9.21 8.06 9.11 8.98 5.67 7.25 5.01 2.56 2.37
3.49 3.26 4.83 7.88 3.51 9.35 7.52 8.33 4.83 3.66
3.18 7.04 5.54 2.33 8.31 9.86 1.62 2.19 6.38 8.40
5.25 1.91 1.72 5.61 5.64 6.41 5.69 4.16 5.52 6.35
5.34 4.64 8.69 4.50 6.26 1.60 7.70 3.77 2.93 6.25
8.50 1.93 2.49 6.09 6.09 2.59 7.56 9.74 1.11 2.58
4.64 6.91 5.15 5.64 1.97 4.03 1.17 7.45 5.29 2.81
6.54 8.45 4.92 8.05 2.61 9.81 7.71 7.55 4.97 9.44
8.02 4.05 8.09 6.94 7.76 4.61 3.66 2.79 5.36 7.89
5.09 7.60 9.62 8.53 9.34 7.28 7.22 4.48 7.13 3.14
2.86 6.20 4.41 6.26 8.36 3.56 4.11 6.86 3.23 3.65
3.95 3.74 5.43 1.64 6.57 1.12 3.14 4.97 7.10 5.85
5.76 3.88 7.37 5.91 9.70 5.98 5.84 6.06 8.46 8.53
7.63 7.57 5.46 6.81 4.73 7.57 5.10 6.41 6.50 7.52
3.14 5.85 5.65 2.12 4.54 6.93 2.21 1.07 9.30 9.94
5.57 5.68 6.54 4.64 7.22 2.15 8.34 4.13 8.43 2.56
2.78 4.42 7.23 9.71 4.91 7.25 2.35 4.68 9.38 8.00
3.04 6.03 7.78 8.97 3.38 1.81 4.93 9.73 4.18 9.37
1.27 5.88 9.23 6.74 4.51 5.24 2.49 4.89 8.21 8.88
7.15 8.10 9.35 6.81 1.71 1.83 6.97 9.99 2.88 2.01
1.88 7.62 4.05 1.30 7.85 9.04 6.36 3.27 2.43 2.24
4.16 5.83 5.74 8.93 9.07 1.06 6.15 5.41 4.35 3.28
8.21 8.86 8.95 5.84 1.54 9.10 4.97 8.24 1.34 9.63
9.80 2.61 7.75 5.42 6.98 5.52 7.11 4.09 8.19 2.67
1.16 5.72 9.55 7.31 3.30 9.13 4.56 1.99 4.67 4.65
4.13 5.48 4.16 4.77 8.81 4.58 3.17 1.48 8.91 8.54
2.91 1.77 6.51 5.56 7.93 5.66 2.53 1.07 4.62 2.61
8.09 7.68 2.52 7.80 4.12 9.13 1.63 6.15 8.84 8.62
8.45 7.57 6.61 8.70 5.98 7.25 2.23 8.52 4.19 7.42
9.96 2.31 5.53 9.67 5.11 4.68 8.46 7.73 9.81 1.52
6.15 7.58 5.91 6.22 3.68 9.31 2.80 9.36 3.54 8.44
3.45 9.00 7.02 7.04 4.82 7.94 5.37 9.68 8.67 5.98
2.13 4.93 1.67 6.76 9.27 5.48 1.25 3.64 3.53 1.42
5.24 5.99 9.31 2.27 9.92 7.60 5.05 3.33 3.57 2.03
5.48 8.34 4.82 2.44 8.34 8.85 8.50 8.93 4.00 3.10
7.53 4.53 5.09 4.62 5.31 9.45 3.79 5.70 3.63 9.05
6.85 7.59 6.40 3.99 3.60 5.08 4.12 9.61 6.75 4.25
6.85 1.34 4.84 5.08 5.24 3.35 2.81 1.34 5.74 2.45
3.05 1.98 7.88 2.78 3.62 8.15 5.90 9.29 3.89 6.89
3.38 8.48 1.64 4.46 9.75 3.90 6.07 8.39 7.42 7.72
4.66 5.29 9.37 7.45 8.83 3.67 3.25 7.54 3.01 3.33
6.88 6.55 4.17 3.82 2.28 7.26 9.93 2.20 9.75 8.69
6.20 2.34 4.62 4.14 3.68 3.67 5.82 3.08 1.81 9.25
7.12 8.84 6.61 5.32 7.95 7.96 4.55 2.61 8.00 2.03
3.73 7.36 1.63 3.35 9.71 5.56 6.76 4.05 1.69 4.54
5.40 1.59 3.19 8.07 2.77 4.60 3.63 5.36 5.30 3.59
9.66 4.95 5.50 3.73 8.16 9.73 5.35 6.93 7.91 2.62
6.95 7.36 1.84 3.51 5.11 5.32 5.37 3.98 3.95 6.63
4.98 6.43 7.68 6.30 5.54 7.06 3.49 7.47 9.56 4.47
9.52 5.62 1.33 2.83 4.02 8.34 9.14 8.26 9.51 4.98
6.88 8.99 5.19 8.41 2.88 5.42 3.15 9.68 5.79 2.14
3.72 3.69 7.62 9.53 1.33 6.13 3.88 9.95 4.48 7.11
3.33 6.36 3.58 3.97 2.34 1.12 6.62 3.16 9.32 8.69
2.67 8.40 8.08 3.70 6.62 2.12 6.27 7.22 4.52 1.98
4.05 4.68 5.68 7.84 8.43 9.42 8.53 2.50 6.92 4.13
7.14 4.24 2.59 6.81 6.62 7.60 1.59 4.54 3.23 2.25
4.52 6.99 4.00 1.22 2.25 8.02 8.52 8.74 9.66 6.34
6.40 9.79 4.67 9.81 4.18 8.31 1.10 2.05 8.66 3.39
3.85 8.63 8.07 2.32 6.83 3.33 7.97 3.76 3.74 7.44
8.62 6.45 5.20 2.81 7.67 3.35 2.00 1.29 7.01 8.28
2.34 9.34 1.12 6.27 5.01 5.39 1.09 7.83 7.32 4.07
3.49 5.18 5.38 7.12 4.73 2.85 1.91 5.67 1.13 3.29
3.03 6.91 6.33 6.59 7.28 6.82 5.28 4.04 7.66 2.32
9.49 4.76 2.47 4.80 6.79 4.03 8.96 2.29 6.76 4.80
7.37 2.45 4.98 5.82 4.12 8.54 3.29 9.82 6.39 8.97
5.58 1.54 5.34 6.59 1.47 9.65 7.98 3.15 4.33 2.23
1.48 9.27 6.61 4.10 5.52 2.57 6.52 3.87 6.94 9.79
5.97 4.42 2.57 2.06 6.08 3.94 2.22 1.25 6.20 2.41
5.94 1.69 5.04 4.76 9.37 5.74 2.58 5.93 1.19 3.56
5.97 5.69 9.44 4.59 8.24 7.02 2.53 4.49 3.68 4.31
3.87 4.75 2.61 5.48 6.81 2.23 8.47 5.35 3.50 9.41
5.40 4.85 3.99 6.14 9.07 6.95 6.51 8.66 1.07 4.89
8.09 2.19 6.87 2.18 3.55 3.57 4.83 6.07 2.62 7.21
9.81 6.18 7.46 3.32 2.50 9.25 4.69 7.12 6.46 7.98
2.89 3.49 5.12 7.93 6.00 2.88 2.62 8.73 8.32 5.71
3.42 9.42 6.32 4.79 6.97 4.14 6.32 1.40 4.54 2.21
4.81 5.06 6.50 1.65 1.91 5.44 2.86 9.23 4.97 6.74
9.28 9.82 5.94 3.81 1.17 6.79 1.16 5.57 5.71 9.46
4.99 7.13 7.80 1.26 6.25 1.56 8.44 3.93 8.34 1.81
7.87 2.39 7.70 4.33 3.43 6.52 2.88 6.67 2.42 9.69
5.70 4.59 6.37 6.51 6.80 8.76 9.64 8.70 6.23 3.59
8.70 6.79 5.73 4.57 6.69 1.50 3.81 4.73 1.12 8.68
5.01 4.01 3.82 9.12 6.51 6.78 9.17 3.93 2.28 4.34
1.41 6.35 1.79 9.24 5.85 8.75 4.20 1.30 3.84 5.18
9.92 6.55 6.24 2.57 1.53 7.23 5.92 6.25 1.57 4.70
1.25 1.15 8.75 4.20 5.19 2.05 4.54 7.47 5.63 4.44
9.43 6.53 9.61 2.67 7.75 5.52 6.44 6.42 5.19 1.70
6.47 9.50 1.22 8.04 3.92 5.88 5.50 4.61 4.33 3.00
9.30 6.74 7.37 9.50 2.22 5.53 9.43 6.91 8.46 4.78
5.28 9.00 8.71 9.92 2.99 1.60 1.05 4.55 6.13 6.74
8.42 3.30 6.59 4.89 8.79 2.32 5.53 7.22 5.91 5.21
3.22 5.07 3.84 1.92 7.99 5.26 3.02 4.97 3.49 6.43
6.37 3.41 6.32 5.60 2.44 7.07 4.72 2.56 8.62 4.32
2.94 2.03 4.47 4.71 8.68 2.05 2.28 6.22 3.92 9.04
1.17 6.34 3.08 9.28 9.38 3.94 2.99 1.58 7.08 8.27
7.19 9.02 9.83 8.13 5.20 8.83 5.48 5.74 7.78 5.90
6.31 7.84 5.42 5.30 3.62 1.94 8.80 5.02 5.78 2.99
5.96 2.75 6.56 2.41 2.55 3.07 6.16 1.92 5.86 2.58
7.95 8.42 4.11 9.38 2.74 5.37 8.55 3.72 8.74 6.14
8.13 6.03 6.21 3.52 3.24 2.19 2.00 2.43 8.17 9.58
4.48 1.43 8.13 6.53 5.11 5.27 6.70 6.51 2.54 9.49
5.73 4.14 8.72 4.85 7.30 6.03 4.21 5.30 2.87 7.17
2.25 6.66 4.74 6.50 1.46 8.17 6.64 7.70 4.80 2.70
1.41 5.58 7.08 2.01 6.59 6.75 8.13 3.73 2.47 5.23
6.41 7.18 6.30 8.98 3.39 9.01 9.31 5.26 4.22 8.05
2.52 2.66 8.69 4.18 1.74 4.78 5.15 8.04 5.63 1.02
2.98 5.76 2.75 1.70 2.04 3.71 9.65 8.78 6.63 9.88
1.02 6.45 9.81 5.99 8.17 6.01 3.25 7.82 2.36 6.91
9.35 5.97 8.48 5.53 9.01 4.42 5.26 9.34 9.30 7.83
9.52 5.23 3.01 2.69 1.58 4.39 5.03 7.94 8.45 8.62
8.98 5.17 8.96 7.44 3.08 9.84 5.12 8.06 5.74 5.32
8.41 7.69 8.23 2.32 7.06 5.34 5.77 3.32 3.47 9.83
7.00 5.14 8.11 3.97 6.02 9.74 7.28 2.15 9.91 7.32
5.37 7.41 6.77 3.91 4.14 5.53 2.06 5.18 2.04 7.71
9.87 7.05 5.69 2.28 7.60 3.01 5.04 3.03 6.98 7.87
1.55 1.23 1.15 8.60 8.69 5.76 4.98 3.23 7.16 5.23
4.69 9.40 4.69 2.11 2.09 7.70 4.22 2.25 6.33 2.19
3.62 6.72 8.10 9.39 6.86 7.66 9.34 2.75 4.09 1.77
7.32 6.88 1.94 8.31 6.64 9.65 4.89 3.85 2.30 8.74
1.64 9.62 9.22 2.62 9.19 2.70 6.56 7.62 1.13 4.62
7.45 5.24 8.11 7.73 4.01 8.19 5.70 4.02 9.58 9.39
3.68 3.94 1.57 1.61 8.43 6.22 7.15 2.87 9.75 9.94
2.13 7.88 2.55 4.94 8.56 9.85 8.56 7.68 5.49 1.79
8.29 1.18 1.48 8.04 2.61 1.06 4.67 1.48 7.15 5.12
5.93 9.73 9.82 9.54 7.22 4.06 2.26 5.22 8.75 5.42
8.56 9.39 9.66 7.02 9.42 7.25 3.75 3.93 9.87 2.83
9.56 7.44 8.09 4.05 2.09 5.40 8.00 8.92 7.05 1.31
1.24 1.22 3.88 9.04 2.92 7.76 4.48 4.75 2.33 2.03
1.33 6.59 2.12 9.54 3.63 4.77 1.48 1.74 1.59 8.28
8.24 5.95 9.16 2.42 4.92 1.90 8.70 1.25 2.87 4.63
1.06 5.64 7.25 1.64 1.63 6.27 3.59 2.12 9.00 9.80
1.04 4.97 1.64 7.88 8.42 5.61 7.05 5.74 2.68 8.34
1.78 9.96 2.64 7.11 7.14 7.04 5.69 1.59 3.86 4.06
4.08 7.26 7.98 5.99 7.14 1.84 2.42 2.95 1.66 6.58
5.66 6.68 6.46 2.07 5.45 4.88 6.68 7.57 7.25 6.50
2.60 8.93 1.02 4.14 7.22 4.04 1.24 6.53 7.14 6.79
3.74 9.62 7.78 2.36 5.66 8.79 9.45 3.52 4.96 3.73
3.57 7.51 6.40 3.87 1.57 2.20 9.88 4.08 9.20 9.28
7.08 8.85 4.70 1.67 5.76 8.76 7.10 2.71 1.85 5.77
7.85 5.87 7.46 1.65 1.97 7.11 4.68 1.28 7.40 4.02
6.83 9.81 9.27 4.93 1.44 7.39 2.90 3.84 1.20 3.67
8.83 7.01 6.97 1.90 6.67 5.45 3.20 9.81 5.77 6.80
6.50 4.35 1.66 7.46 5.80 4.04 9.82 8.35 5.94 6.00
2.10 7.89 1.62 4.53 1.17 5.71 4.09 9.56 7.28 3.04
4.30 7.59 7.42 4.57 9.43 1.67 5.37 9.95 1.45 4.93
6.58 9.47 4.98 9.14 5.83 2.61 4.18 2.30 8.45 1.25
1.11 3.14 1.50 3.93 1.79 4.52 3.36 7.70 2.06 8.84
2.76 4.27 5.69 4.19 2.08 4.31 4.05 6.79 7.35 3.18
4.46 4.89 8.52 3.66 3.67 8.72 8.88 6.01 6.21 6.66
9.46 6.53 5.14 9.76 9.83 3.65 2.20 2.66 7.12 3.20
8.40 2.48 4.28 7.22 5.21 8.06 7.51 7.80 6.05 9.95
2.66 1.96 2.42 6.06 8.96 5.44 9.47 5.76 4.39 5.88
5.41 6.23 7.40 5.78 7.98 7.45 9.77 6.45 8.01 9.41
8.50 1.50 4.05 6.12 6.45 7.86 7.28 1.64 3.34 2.75
6.90 7.98 5.33 3.93 3.29 1.06 1.87 4.44 1.77 2.76
7.82 7.91 3.78 8.76 6.81 1.52 3.12 1.79 4.75 2.57
3.35 1.47 1.20 8.41 7.37 6.66 5.81 6.66 4.93 3.30
2.97 9.58 4.62 4.89 6.45 8.66 1.35 2.30 6.24 2.28
1.81 7.43 7.37 3.99 8.36 9.55 1.11 8.17 8.13 9.55
8.74 4.38 7.52 2.26 9.87 1.53 2.34 5.12 3.66 4.32
4.24 9.78 5.12 2.59 9.12 3.48 8.87 4.50 2.28 5.82
5.25 3.63 6.39 6.93 8.56 9.50 5.08 3.47 2.52 1.49
4.06 6.96 9.89 9.18 2.89 4.84 8.73 8.64 6.30 6.93
1.54 6.11 4.76 2.18 4.93 8.52 3.71 1.18 5.15 7.95
7.30 6.75 4.44 8.45 2.19 7.60 2.35 4.82 4.59 9.10
5.53 6.59 1.87 7.48 6.92 1.13 7.02 9.51 2.57 1.96
9.99 5.83 7.90 9.24 5.07 1.64 9.84 5.49 3.15 7.00
3.54 2.63 2.59 9.81 6.39 8.63 1.81 7.61 9.92 6.76
2.93 4.54 4.30 4.73 4.93 4.88 1.63 4.67 4.54 9.76
3.14 4.64 4.38 8.95 4.33 9.46 2.99 2.41 1.18 9.47
3.43 9.47 4.25 5.77 3.01 8.91 5.49 5.01 4.93 4.12
1.28 3.94 6.06 3.23 5.45 3.10 5.98 4.26 4.37 6.55
5.25 9.15 8.02 2.94 1.48 7.88 7.97 7.98 7.84 3.64
9.05 3.04 9.72 2.17 9.58 8.42 5.82 2.41 1.82 9.09
1.81 3.26 5.72 8.63 7.28 9.82 2.25 8.09 3.67 4.85
2.71 5.80 9.69 1.21 7.95 5.50 5.05 6.76 1.25 8.73
8.77 4.32 6.10 8.36 4.91 1.63 5.45 3.18 6.81 5.51
1.17 7.07 7.05 5.53 4.17 4.94 6.46 5.64 3.43 2.13
9.05 6.19 2.25 9.00 6.71 1.01 1.79 1.18 7.77 6.24
7.90 6.92 3.40 1.19 3.33 9.22 7.92 7.87 4.17 6.78
8.98 2.24 5.96 4.36 3.34 5.82 2.73 4.02 1.88 6.61
6.84 7.56 8.34 1.48 2.03 2.16 5.24 3.18 1.61 4.73
2.43 4.76 8.60 1.04 7.04 4.39 1.50 5.26 1.62 8.12
2.50 1.41 8.20 9.65 9.09 6.68 9.18 3.25 8.59 1.67
4.64 4.82 4.94 9.07 8.94 6.93 3.85 4.19 3.90 7.56
7.89 6.57 2.21 1.36 2.38 3.51 3.45 1.20 8.51 2.86
6.22 7.01 8.43 8.67 7.75 7.18 5.72 2.69 8.20 9.54
8.25 6.41 8.25 3.69 2.42 1.54 7.55 3.06 1.30 5.79
4.50 8.11 4.81 4.21 3.56 3.80 7.92 8.05 9.05 5.34
6.39 6.34 1.14 8.32 6.02 8.04 4.57 1.32 8.45 1.47
9.63 5.78 8.37 4.57 6.23 8.39 7.15 3.98 6.26 7.88
6.76 2.32 1.40 7.99 3.89 1.74 4.49 4.72 4.90 8.49
6.58 6.39 7.51 8.50 3.83 7.37 2.02 8.12 8.49 1.62
2.29 3.50 1.12 6.40 5.87 7.42 4.67 5.63 7.51 2.74
7.63 8.50 5.90 9.77 9.00 8.42 2.02 3.91 2.91 7.81
5.32 5.99 4.18 5.75 5.63 1.90 6.47 8.91 9.52 6.36
3.84 9.65 4.36 1.46 8.86 5.03 3.54 2.48 5.66 9.87
7.42 5.39 8.36 7.52 7.56 4.95 4.89 9.11 6.70 1.45
3.53 2.83 7.94 4.80 5.44 8.83 1.27 6.89 7.02 6.74
9.10 7.60 3.83 5.18 3.52 3.39 1.37 1.96 1.93 7.21
3.56 3.67 3.39 8.20 2.02 4.20 1.77 4.84 2.55 9.44
6.17 1.54 4.46 9.81 9.35 8.24 3.57 5.65 1.33 4.82
1.10 4.13 1.09 6.62 2.90 3.21 8.68 9.73 6.89 2.05
1.66 5.33 1.47 3.26 2.70 4.38 5.90 7.66 6.99 3.11
8.70 4.49 8.64 3.82 7.66 8.96 5.93 8.68 7.81 9.67
4.05 9.08 9.33 8.84 7.66 4.18 1.93 4.69 7.35 3.96
9.06 9.11 1.67 5.33 7.20 5.46 5.47 7.97 8.75 7.40
1.42 7.80 2.73 5.88 9.18 1.74 7.18 2.98 2.52 6.36
5.88 5.57 8.07 4.49 2.74 2.79 8.62 5.06 9.49 1.97
9.06 8.57 6.36 7.80 3.82 6.08 4.73 8.83 2.33 7.75
3.96 1.28 2.19 5.33 6.70 9.40 6.59 7.01 9.83 9.45
3.78 9.86 6.07 6.62 3.49 5.91 4.45 9.48 7.86 6.00
4.54 5.68 9.46 5.92 3.83 7.13 9.49 1.69 3.40 3.70
8.52 6.01 5.45 8.41 8.83 7.13 1.81 8.18 6.80 1.92
7.62 2.83 2.51 9.43 7.86 4.52 1.09 8.38 3.55 6.54
1.06 9.45 7.87 2.95 6.58 1.64 4.64 3.04 3.99 7.82
3.15 3.66 1.04 1.65 9.63 2.62 7.77 6.03 8.99 7.46
3.05 5.69 2.46 5.92 2.71 3.95 2.97 4.97 7.83 4.77
6.30 2.99 5.82 7.64 3.16 3.10 6.57 5.13 2.73 4.91
1.25 3.14 6.94 4.41 7.07 1.92 1.77 4.46 6.30 5.44
9.57 2.74 8.05 8.06 5.78 6.90 4.34 9.80 2.41 6.15
8.47 6.00 9.65 7.92 7.25 5.61 8.63 1.02 9.53 6.44
5.59 7.97 9.97 1.01 5.99 3.24 1.27 5.77 1.35 9.12
9.94 8.09 6.92 9.89 3.06 4.16 1.60 8.98 5.40 4.09
5.54 8.43 2.23 4.89 5.29 6.15 3.32 1.23 5.34 7.85
7.75 9.59 4.19 3.24 2.01 3.56 7.52 1.91 3.71 6.08
6.55 5.95 2.45 9.55 6.59 5.39 9.39 9.43 2.73 7.27
5.29 1.11 2.29 8.94 4.42 3.48 5.20 6.46 8.22 8.43
3.53 7.24 8.83 6.76 1.16 8.61 4.37 7.23 1.82 3.09
9.60 9.42 9.74 3.74 6.16 2.76 6.18 5.16 6.14 9.42
6.18 6.85 3.95 2.16 3.04 2.56 7.18 2.27 8.48 6.10
2.37 5.87 4.38 3.42 6.78 8.10 7.07 5.27 9.04 9.08
4.65 6.29 8.32 1.16 7.42 7.10 3.84 8.23 7.42 5.16
2.17 6.83 8.10 9.19 4.36 7.29 9.56 8.87 1.95 5.87
1.53 7.12 6.49 1.97 4.61 4.49 7.00 2.11 7.23 9.73
1.32 7.91 8.84 8.71 4.61 1.95 3.37 9.76 9.26 2.52
5.93 1.12 8.21 4.47 3.30 6.22 4.66 5.66 1.57 2.31
8.56 1.12 9.55 9.01 4.36 7.89 1.87 2.79 3.69 8.14
6.07 5.15 8.83 1.32 2.26 4.02 7.73 4.75 2.27 1.87
2.11 7.42 5.71 1.82 7.08 8.14 1.00 7.33 6.12 8.04
2.11 5.21 5.21 8.20 6.68 9.50 6.84 3.25 4.05 2.67
1.39 9.33 5.88 3.11 3.12 8.10 9.42 3.85 1.84 7.98
4.41 6.23 6.33 1.42 2.99 5.80 8.93 4.14 9.77 7.37
9.32 2.98 4.90 1.96 2.01 9.47 3.35 1.97 5.75 4.03
3.19 3.91 4.10 3.05 9.53 4.98 4.43 1.33 6.67 4.99
3.80 1.08 9.61 5.55 8.56 7.85 5.01 4.50 8.40 7.94
5.33 5.38 3.56 4.09 7.36 9.83 9.60 6.31 4.90 6.01
4.23 7.19 6.47 6.65 7.24 7.86 9.26 5.72 4.61 6.96
8.09 4.61 5.86 7.80 1.61 7.49 5.07 8.57 6.43 1.12
7.86 7.33 1.14 7.47 1.07 1.59 5.77 8.45 7.96 6.29
3.32 1.24 9.12 7.27 2.35 8.53 4.14 9.09 7.18 7.92
6.27 4.83 6.79 4.97 7.01 8.06 2.48 8.09 1.82 7.03
7.32 7.41 5.20 7.99 2.47 7.48 7.83 8.13 2.07 9.49
2.36 5.38 3.23 9.82 7.04 7.59 3.75 8.98 7.60 6.57
1.12 6.82 3.71 6.28 8.69 7.14 1.08 2.95 5.99 6.24
9.59 9.68 7.71 9.06 9.42 8.57 1.65 6.39 2.94 8.04
5.65 9.27 2.57 6.18 5.86 7.61 7.08 6.13 2.94 2.60
3.10 5.87 9.00 2.16 3.99 5.16 4.46 3.18 2.62 4.97
4.93 4.13 6.82 8.83 9.73 1.19 7.72 1.98 6.91 3.41
8.87 1.93 9.90 7.77 9.04 8.79 1.45 2.82 6.79 1.68
6.71 6.75 3.21 5.86 5.07 5.42 3.51 3.22 4.14 1.23
6.87 7.88 3.59 2.53 1.99 7.55 5.25 8.32 1.70 8.00
8.30 9.31 6.25 8.48 9.58 5.10 4.65 2.80 1.89 9.52
1.43 5.19 9.55 2.58 3.27 1.47 2.23 5.51 5.35 4.98
3.76 3.88 5.50 6.85 7.52 6.38 8.10 9.40 5.40 8.07
6.63 1.14 5.08 9.99 5.43 8.48 2.29 8.86 9.39 5.48
3.60 4.46 2.31 3.87 9.12 4.98 7.91 2.90 4.08 8.49
8.27 2.36 1.28 5.61 5.74 3.63 8.22 7.68 6.75 4.33
5.75 6.91 7.09 9.21 7.52 1.81 4.26 9.26 9.02 8.63
9.99 5.19 5.54 8.84 1.29 3.37 3.41 7.32 9.71 1.11
9.01 4.46 1.48 9.60 9.31 8.17 8.18 7.09 7.97 4.46
1.60 9.52 8.42 8.54 2.86 5.60 2.68 9.63 6.02 7.20
6.03 8.69 2.34 6.17 7.81 1.43 5.67 5.41 4.56 3.71
8.14 6.54 9.19 5.94 2.68 1.22 7.64 5.77 8.85 6.89
6.70 6.06 8.79 6.79 2.27 4.33 2.04 8.48 6.22 1.02
8.25 8.10 5.66 9.62 8.10 1.65 5.86 8.92 9.47 7.43
6.12 7.43 9.49 3.77 8.49 1.62 8.57 3.58 4.77 3.44
2.99 3.50 7.94 9.26 1.88 7.96 8.47 4.94 1.05 8.40
7.88 2.46 9.70 4.38 5.24 7.80 5.09 4.53 1.33 7.73
9.44 4.39 8.16 6.13 3.24 2.67 4.47 7.96 1.63 8.94
5.28 5.54 6.21 9.89 3.80 6.05 9.47 7.19 5.31 4.88
1.27 7.68 3.53 5.07 8.84 1.61 5.60 4.47 7.66 4.40
1.07 3.70 5.16 3.29 3.78 7.37 9.67 9.31 1.66 7.22
2.86 5.77 3.32 1.68 7.38 3.69 7.20 2.08 8.72 9.21
6.80 7.02 1.37 4.24 2.52 9.83 1.44 7.14 1.78 1.51
8.69 3.51 9.19 6.76 3.62 4.75 9.90 3.56 3.89 8.33
9.14 1.06 2.91 4.38 4.55 2.47 9.46 9.81 2.93 1.51
3.97 4.45 6.48 7.60 6.60 6.74 2.87 1.96 3.97 1.58
7.37 1.38 3.94 2.13 5.77 4.16 4.58 6.78 2.90 5.52
7.96 8.26 7.21 7.52 5.24 3.14 7.26 4.97 6.33 6.81
4.21 8.53 2.41 6.83 1.51 9.11 9.07 5.40 2.24 3.63
8.94 7.47 2.00 3.82 3.15 6.13 3.22 7.59 5.52 8.32
6.89 3.52 5.40 2.75 6.76 5.12 2.52 8.19 9.24 5.29
8.23 2.29 4.49 9.49 5.49 5.09 3.70 9.24 6.62 2.30
7.20 1.20 9.47 2.80 8.38 6.72 5.07 6.69 2.65 2.11
3.25 7.38 9.25 2.02 1.42 5.12 1.22 7.18 3.05 3.43
8.51 5.95 5.20 1.56 8.21 6.87 1.16 3.79 5.93 4.81
7.31 4.85 8.50 4.34 3.88 5.20 7.92 8.88 2.60 4.32
3.94 1.48 6.99 9.37 9.02 2.68 3.01 6.19 7.28 8.05
9.69 9.23 3.43 10.00 6.97 1.39 9.96 1.36 8.31 7.71
5.98 6.42 2.86 8.20 9.44 3.04 5.38 2.23 3.26 5.17
2.49 8.35 9.01 1.05 5.83 1.78 8.48 4.79 5.77 2.64
4.34 3.59 4.28 3.50 2.78 5.50 4.02 1.55 4.16 8.85
9.53 8.70 7.62 3.32 2.10 6.66 2.11 2.35 6.79 6.05
1.70 6.71 4.77 9.90 5.94 1.89 6.06 8.85 4.35 3.54
7.99 2.16 2.35 6.22 3.06 3.72 8.56 3.53 7.57 6.55
3.83 2.63 4.65 5.90 7.28 1.13 9.24 6.39 7.48 4.62
3.57 4.96 2.76 2.10 2.85 4.17 2.77 8.94 1.32 6.57
6.17 9.60 7.58 4.00 7.16 3.83 4.64 2.56 8.69 7.40
7.42 4.80 1.97 8.02 4.69 2.54 2.00 2.43 7.83 1.12
4.06 3.57 1.18 4.34 1.30 6.96 2.72 2.69 7.50 8.61
9.27 9.60 4.88 4.87 2.47 8.17 3.00 7.82 5.77 2.92
4.80 3.47 7.91 5.46 6.25 7.39 6.31 7.06 4.99 7.92
1.19 2.84 3.00 1.94 9.61 4.40 6.28 4.46 3.03 2.33
9.39 5.86 2.41 9.80 3.81 2.87 5.97 4.12 5.10 5.08
5.01 1.91 5.87 9.22 2.20 9.78 1.55 8.25 5.94 4.39
1.30 5.52 5.35 4.24 8.97 4.52 3.36 2.17 9.27 9.75
7.74 4.49 3.15 3.10 5.59 2.71 2.75 5.67 8.85 8.90
1.77 8.89 8.78 6.40 1.04 3.81 6.60 9.38 8.95 6.26
3.01 9.51 9.35 3.27 4.78 6.58 5.36 5.00 8.14 7.08
4.72 7.87 1.35 7.44 8.01 8.98 9.89 8.71 6.81 2.75
5.85 4.00 1.77 2.63 4.10 1.75 5.87 9.02 9.05 3.03
3.93 5.58 7.13 5.87 2.65 2.74 9.47 2.03 6.30 2.31
2.26 4.83 7.05 3.63 4.13 8.65 1.84 1.91 2.08 6.66
8.96 6.58 2.62 4.01 1.83 8.77 5.52 5.51 4.03 4.23
9.92 7.46 4.79 3.05 7.41 7.13 1.78 1.85 5.07 6.07
5.15 8.17 2.74 2.00 6.22 3.34 6.67 4.39 2.32 3.20
8.52 5.03 8.23 9.58 3.03 3.62 3.07 5.68 9.97 7.16
1.71 2.87 7.94 9.29 6.77 7.79 2.87 8.43 8.07 7.71
1.55 5.92 1.22 1.07 8.23 3.70 9.98 8.30 7.75 3.90
9.20 9.39 3.98 3.90 1.42 6.74 9.59 6.12 4.64 8.89
9.19 1.68 2.87 5.21 6.48 6.62 7.33 8.36 5.64 7.66
8.46 1.80 6.93 4.25 5.98 1.83 8.99 5.36 7.94 6.30
1.00 8.11 1.72 8.83 5.78 4.11 5.85 1.79 4.83 6.98
3.76 1.82 6.23 2.68 1.90 6.60 1.94 5.52 6.93 6.34
9.15 9.48 4.13 6.55 7.65 2.55 7.44 4.48 4.08 4.87
4.36 7.19 9.03 6.96 6.03 1.29 3.13 7.50 7.26 3.59
9.48 7.25 7.25 3.22 8.33 6.53 9.18 3.30 4.55 5.37
4.35 7.70 2.10 4.40 4.27 5.98 8.96 4.06 5.51 1.81
7.31 5.11 8.72 8.33 7.55 3.89 2.00 6.11 6.40 5.81
3.58 2.60 4.63 6.25 7.98 9.09 5.31 8.04 2.07 8.62
8.45 9.79 8.79 8.29 2.44 7.81 1.29 8.94 1.70 9.51
2.90 1.30 9.23 5.01 6.62 2.24 4.17 8.39 4.47 8.70
1.13 5.37 2.73 1.78 6.35 2.88 4.76 3.87 8.67 1.51
6.21 8.52 7.80 8.04 9.25 2.15 9.35 7.54 2.48 5.10
8.52 2.20 3.36 5.72 4.12 5.53 6.71 3.58 8.56 1.04
6.79 8.43 9.07 1.77 2.04 7.22 1.51 1.47 8.99 6.34
8.12 3.33 6.81 8.70 2.18 7.67 8.87 9.39 3.87 3.64
7.87 7.25 3.99 4.15 1.78 7.78 2.78 7.78 7.21 4.50
4.92 9.34 5.09 9.97 4.07 3.63 1.18 3.40 9.15 6.83
4.63 9.80 8.67 4.05 9.59 6.96 9.78 9.99 8.40 3.58
9.16 7.72 5.67 7.10 6.74 4.09 1.77 9.39 1.75 8.98
3.67 9.72 6.02 8.48 8.47 7.52 9.46 3.95 7.61 2.64
6.06 7.41 1.68 1.12 6.27 2.58 1.41 6.02 8.49 9.79
1.87 6.41 1.46 4.36 5.25 6.99 4.01 9.77 8.18 3.24
5.52 9.15 6.49 9.83 4.60 9.62 7.19 4.06 5.00 3.57
3.92 9.30 9.66 4.81 9.69 8.99 8.88 7.73 4.79 3.06
1.83 4.68 7.63 3.00 7.49 8.27 2.40 4.39 2.98 1.31
3.85 2.89 4.79 9.52 5.25 9.76 1.77 4.02 4.59 6.63
8.66 8.03 7.11 3.89 8.81 5.68 9.10 1.19 3.56 4.61
5.44 1.93 1.43 1.48 3.62 5.90 1.98 5.31 6.26 1.79
4.70 1.18 5.86 2.17 7.84 5.38 2.72 4.31 8.00 1.44
7.29 9.42 9.00 9.48 6.95 8.41 5.45 3.27 6.39 6.46
6.01 6.14 4.51 6.31 3.28 2.09 4.62 9.53 4.37 4.42
6.44 6.41 2.22 2.93 4.69 3.55 3.31 7.24 3.30 1.06
7.72 4.20 6.46 1.97 9.34 6.74 8.98 6.92 2.84 4.86
1.31 4.48 2.41 5.03 6.91 5.06 7.83 3.63 2.16 7.88
5.42 9.92 8.52 4.90 8.95 5.15 4.73 9.93 4.40 7.42
3.17 2.45 4.33 9.71 2.78 9.99 2.81 9.71 4.23 6.40
3.83 1.17 2.24 1.81 7.14 9.99 9.86 6.35 8.42 1.72
3.35 6.97 10.00 9.56 8.82 8.78 4.93 3.79 7.50 4.97
3.88 9.04 5.04 3.69 5.36 7.47 7.68 4.49 6.56 2.07
1.62 5.96 7.50 1.50 3.90 1.49 3.06 7.21 5.33 3.08
2.88 2.19 9.04 5.95 5.34 2.29 2.46 1.56 5.24 7.13
3.48 7.21 7.96 3.36 3.12 1.16 1.20 3.12 4.74 7.46
7.75 2.41 8.01 7.89 4.99 4.95 4.42 2.92 5.12 3.60
4.61 2.78 5.35 6.00 6.19 3.13 5.40 3.26 9.08 3.75
7.50 6.68 4.01 1.05 9.41 6.72 5.41 3.43 1.37 2.59
9.45 5.91 2.88 9.97 8.90 4.83 3.79 8.97 4.71 5.06
6.26 8.26 2.00 7.76 1.61 8.55 5.54 5.10 8.87 5.66
8.27 3.60 1.18 3.07 6.84 7.69 6.22 1.98 6.50 5.38
7.70 1.48 5.83 1.28 2.49 5.24 7.62 9.01 2.67 2.60
5.81 3.53 4.07 9.75 9.71 9.13 1.18 1.47 9.30 5.79
2.55 1.39 9.17 6.32 6.16 3.74 4.84 6.44 1.65 9.25
3.83 7.80 5.17 9.01 1.28 3.03 2.50 7.55 4.70 2.32
8.78 9.49 9.96 4.60 8.23 9.94 4.80 5.87 9.10 4.91
2.07 3.68 1.31 2.15 6.05 3.13 3.60 1.20 4.57 8.17
7.46 5.56 3.51 8.75 3.57 5.27 6.94 6.89 4.73 1.86
4.45 4.08 5.02 6.19 1.80 9.99 4.48 2.81 1.94 6.65
6.21 7.63 6.11 7.18 6.95 9.84 9.19 9.23 6.44 6.92
9.30 8.66 4.12 5.75 2.37 5.38 8.73 1.79 4.51 6.20
3.54 1.16 5.40 3.73 9.30 2.04 7.97 8.89 4.50 5.62
9.84 6.16 5.77 1.42 2.84 6.76 8.61 4.45 3.23 9.96
8.87 8.93 3.22 1.53 9.83 6.13 2.98 3.95 3.65 8.18
8.23 1.74 7.14 2.43 3.54 8.78 9.80 3.56 8.02 2.42
4.96 1.60 1.62 1.07 7.50 7.97 6.08 2.10 9.99 6.98
1.41 2.93 8.01 8.63 2.06 8.92 2.52 2.78 6.87 9.98
5.50 4.68 2.48 1.73 2.77 4.25 1.50 2.16 7.23 8.31
9.52 9.07 8.20 7.31 5.19 5.96 8.42 8.45 1.89 8.57
7.87 3.76 6.49 3.03 3.07 2.13 5.76 8.91 8.73 6.33
4.24 3.49 4.36 2.60 4.83 8.49 7.98 8.37 1.19 2.80
5.82 8.92 2.14 2.05 4.88 5.64 8.24 3.72 4.84 3.02
2.98 2.14 1.75 3.61 6.30 4.64 4.15 6.72 8.74 6.26
3.25 1.34 8.90 4.44 2.76 7.34 4.48 7.31 4.39 4.50

Demandas:
0 0 0 0 0 0 1 0
0 0 0 0 1 0 0 0
0 0 0 0 0 0 1 0
0 0 0 0 0 0 1 0
1 0 0 0 0 0 0 0
0 0 0 0 0 1 0 0
1 0 0 0 0 0 0 0
0 1 0 0 0 0 0 0
0 0 0 1 0 0 0 0
0 0 0 0 0 0 1 0
0 0 1 0 0 0 0 0
1 0 0 0 0 0 0 0
0 0 0 1 0 0 0 0
0 0 0 0 0 0 0 1
0 0 0 0 0 0 0 1
0 0 0 0 0 0 1 0
0 1 0 0 0 0 0 0
0 0 0 0 1 0 0 0
0 0 0 0 1 0 0 0
1 0 0 0 0 0 0 0
0 1 0 0 0 0 0 0
0 0 0 1 0 0 0 0
1 0 0 0 0 0 0 0
0 0 0 0 0 1 0 0
0 0 1 0 0 0 0 0
0 0 0 0 0 0 0 1
0 0 0 1 0 0 0 0
0 0 0 0 0 0 1 0
0 0 0 0 0 1 0 0
0 0 0 0 0 1 0 0
0 0 0 0 1 0 0 0
0 0 0 0 1 0 0 0
0 0 0 0 0 0 0 1
0 0 0 0 0 0 0 1
0 0 0 0 0 0 1 0
0 1 0 0 0 0 0 0
0 0 1 0 0 0 0 0
1 0 0 0 0 0 0 0
0 0 0 1 0 0 0 0
0 0 0 0 0 1 0 0
0 0 1 0 0 0 0 0
0 1 0 0 0 0 0 0
0 0 0 1 0 0 0 0
0 0 0 0 0 1 0 0
0 0 1 0 0 0 0 0
0 0 0 0 1 0 0 0
0 0 0 0 0 0 0 1
1 0 0 0 0 0 0 0
0 0 0 1 0 0 0 0
1 0 0 0 0 0 0 0
0 0 0 0 0 0 0 1
1 0 0 0 0 0 0 0
0 0 0 0 0 0 0 1
0 0 1 0 0 0 0 0
0 0 0 0 1 0 0 0
0 0 0 0 1 0 0 0
1 0 0 0 0 0 0 0
0 0 0 0 0 0 0 1
0 1 0 0 0 0 0 0
0 0 0 0 1 0 0 0
0 0 0 0 0 1 0 0
0 0 0 0 0 1 0 0
0 0 0 0 0 0 0 1
0 0 1 0 0 0 0 0
0 1 0 0 0 0 0 0
0 0 0 1 0 0 0 0
0 0 0 1 0 0 0 0
0 0 0 0 0 0 1 0
0 0 1 0 0 0 0 0
0 0 0 0 0 0 0 1
0 0 0 0 0 0 0 1
0 0 0 0 0 0 1 0
0 0 0 0 0 0 0 1
0 0 0 0 0 1 0 0
0 0 0 0 0 0 0 1
0 0 0 0 0 0 0 1
1 0 0 0 0 0 0 0
1 0 0 0 0 0 0 0
0 0 0 1 0 0 0 0
1 0 0 0 0 0 0 0
0 0 0 1 0 0 0 0
0 1 0 0 0 0 0 0
0 1 0 0 0 0 0 0
0 1 0 0 0 0 0 0
0 0 0 1 0 0 0 0
0 0 0 0 0 0 1 0
0 0 0 0 0 0 0 1
0 0 0 0 0 1 0 0
0 0 0 0 0 0 0 1
0 1 0 0 0 0 0 0
0 1 0 0 0 0 0 0
0 0 0 1 0 0 0 0
0 0 0 0 0 0 0 1
0 0 0 0 0 1 0 0
1 0 0 0 0 0 0 0
0 1 0 0 0 0 0 0
0 0 0 0 0 0 0 1
1 0 0 0 0 0 0 0
0 0 0 0 1 0 0 0
1 0 0 0 0 0 0 0
0 0 0 0 0 1 0 0
0 0 0 0 0 1 0 0
0 0 0 0 0 1 0 0
0 0 0 0 0 1 0 0
0 0 0 0 1 0 0 0
0 1 0 0 0 0 0 0
0 0 0 0 1 0 0 0
0 0 0 1 0 0 0 0
0 0 1 0 0 0 0 0
0 0 0 0 0 1 0 0
0 0 0 0 0 0 0 1
0 0 0 0 0 1 0 0
0 0 0 0 0 1 0 0
0 0 0 1 0 0 0 0
0 0 0 0 1 0 0 0
1 0 0 0 0 0 0 0
0 0 0 0 0 1 0 0
0 0 0 0 1 0 0 0
0 0 0 0 0 0 0 1
0 0 1 0 0 0 0 0
0 0 0 0 0 1 0 0
0 0 0 1 0 0 0 0
1 0 0 0 0 0 0 0
0 0 1 0 0 0 0 0
0 0 0 0 0 0 1 0
0 0 1 0 0 0 0 0
0 0 0 1 0 0 0 0
0 0 0 0 0 0 0 1
0 0 0 0 1 0 0 0
0 0 0 0 1 0 0 0
0 0 1 0 0 0 0 0
0 0 0 0 0 0 1 0
1 0 0 0 0 0 0 0
0 0 1 0 0 0 0 0
0 0 0 0 0 0 0 1
0 0 0 0 1 0 0 0
0 0 1 0 0 0 0 0
0 0 1 0 0 0 0 0
0 1 0 0 0 0 0 0
0 0 0 0 0 1 0 0
0 1 0 0 0 0 0 0
0 0 0 1 0 0 0 0
0 0 0 1 0 0 0 0
0 0 0 1 0 0 0 0
0 0 0 0 0 1 0 0
0 0 0 0 0 0 1 0
0 0 0 0 1 0 0 0
0 0 0 1 0 0 0 0
0 0 0 1 0 0 0 0
0 0 0 0 0 1 0 0
0 1 0 0 0 0 0 0
0 0 0 0 1 0 0 0
0 1 0 0 0 0 0 0
0 0 0 0 0 1 0 0
1 0 0 0 0 0 0 0
0 0 0 0 0 1 0 0
1 0 0 0 0 0 0 0
0 0 0 0 0 1 0 0
0 0 0 0 1 0 0 0
0 0 0 0 0 1 0 0
0 0 0 0 0 0 0 1
0 0 0 0 0 1 0 0
0 0 1 0 0 0 0 0
0 0 0 0 0 1 0 0
0 1 0 0 0 0 0 0
0 0 1 0 0 0 0 0
0 0 0 0 0 0 1 0
0 0 0 1 0 0 0 0
1 0 0 0 0 0 0 0
1 0 0 0 0 0 0 0
0 1 0 0 0 0 0 0
1 0 0 0 0 0 0 0
0 0 0 1 0 0 0 0
0 0 0 0 1 0 0 0
0 0 0 0 0 0 1 0
0 0 0 1 0 0 0 0
0 0 0 0 0 1 0 0
0 1 0 0 0 0 0 0
0 0 0 0 0 1 0 0
0 0 0 0 0 0 1 0
0 1 0 0 0 0 0 0
1 0 0 0 0 0 0 0
0 0 0 1 0 0 0 0
0 0 0 0 0 0 0 1
0 0 0 0 1 0 0 0
0 0 0 1 0 0 0 0
1 0 0 0 0 0 0 0
0 0 0 1 0 0 0 0
0 0 0 0 0 0 1 0
0 1 0 0 0 0 0 0
0 0 0 0 0 0 1 0
0 0 0 0 0 0 1 0
0 0 0 1 0 0 0 0
0 0 0 1 0 0 0 0
0 0 1 0 0 0 0 0
0 0 1 0 0 0 0 0
0 0 0 0 0 0 0 1
0 0 0 0 0 0 1 0
0 0 0 0 0 0 1 0
0 0 1 0 0 0 0 0
0 1 0 0 0 0 0 0
0 1 0 0 0 0 0 0
0 0 0 0 0 0 0 1
0 0 0 1 0 0 0 0
0 0 0 0 0 0 0 1
0 0 0 0 0 0 1 0
0 0 0 0 0 0 1 0
0 0 0 0 1 0 0 0
0 0 0 0 0 1 0 0
0 0 0 0 0 0 0 1
0 0 1 0 0 0 0 0
0 0 0 0 1 0 0 0
1 0 0 0 0 0 0 0
1 0 0 0 0 0 0 0
0 0 0 0 0 0 0 1
0 0 0 0 0 1 0 0
0 0 0 1 0 0 0 0
0 0 1 0 0 0 0 0
0 0 0 0 1 0 0 0
1 0 0 0 0 0 0 0
0 1 0 0 0 0 0 0
0 0 0 0 0 0 0 1
0 0 0 0 1 0 0 0
0 0 0 0 0 0 1 0
0 0 0 0 0 0 1 0
0 0 1 0 0 0 0 0
0 0 0 0 0 1 0 0
0 0 0 0 0 0 0 1
0 0 0 0 0 0 1 0
1 0 0 0 0 0 0 0
0 0 0 0 0 0 0 1
0 0 0 0 0 0 0 1
1 0 0 0 0 0 0 0
0 0 0 0 1 0 0 0
0 0 0 0 0 1 0 0
0 0 0 0 1 0 0 0
0 1 0 0 0 0 0 0
0 0 0 1 0 0 0 0
0 0 0 1 0 0 0 0
0 0 0 0 1 0 0 0
0 0 0 1 0 0 0 0
1 0 0 0 0 0 0 0
0 0 0 0 0 0 1 0
0 0 0 0 1 0 0 0
1 0 0 0 0 0 0 0
1 0 0 0 0 0 0 0
0 0 0 0 0 0 0 1
0 0 0 0 1 0 0 0
0 0 0 1 0 0 0 0
0 0 0 1 0 0 0 0
0 0 0 0 0 0 1 0
0 0 0 0 0 1 0 0
0 0 0 0 0 0 1 0
0 0 0 0 0 0 0 1
0 1 0 0 0 0 0 0
0 0 0 0 0 1 0 0
0 0 0 0 0 1 0 0
0 0 0 0 1 0 0 0
0 0 0 1 0 0 0 0
0 0 1 0 0 0 0 0
0 0 1 0 0 0 0 0
0 0 0 1 0 0 0 0
1 0 0 0 0 0 0 0
1 0 0 0 0 0 0 0
0 0 0 0 0 1 0 0
0 0 0 1 0 0 0 0
0 0 0 0 0 0 0 1
0 0 0 0 0 1 0 0
0 0 0 0 0 0 0 1
0 0 0 0 0 1 0 0
0 0 0 1 0 0 0 0
0 0 0 0 0 0 1 0
0 0 0 0 1 0 0 0
0 1 0 0 0 0 0 0
0 0 0 0 0 0 1 0
0 0 1 0 0 0 0 0
0 0 0 0 0 0 0 1
1 0 0 0 0 0 0 0
0 0 0 0 0 0 0 1
0 0 0 0 0 0 1 0
1 0 0 0 0 0 0 0
1 0 0 0 0 0 0 0
0 0 0 1 0 0 0 0
1 0 0 0 0 0 0 0
1 0 0 0 0 0 0 0
0 0 0 0 1 0 0 0
0 1 0 0 0 0 0 0
0 0 0 0 0 0 0 1
0 0 0 0 1 0 0 0
0 0 0 0 0 0 0 1
0 0 0 0 0 1 0 0
0 0 0 0 1 0 0 0
0 0 0 0 1 0 0 0
0 0 0 0 0 0 0 1
0 0 1 0 0 0 0 0
0 0 0 0 0 0 0 1
0 0 0 0 1 0 0 0
0 0 0 0 1 0 0 0
0 1 0 0 0 0 0 0
0 0 1 0 0 0 0 0
0 0 0 0 1 0 0 0
0 0 0 0 0 0 0 1
0 0 0 1 0 0 0 0
0 0 0 1 0 0 0 0
1 0 0 0 0 0 0 0
1 0 0 0 0 0 0 0
0 0 0 0 0 0 0 1
0 0 0 0 1 0 0 0
0 0 0 0 0 1 0 0
1 0 0 0 0 0 0 0
0 0 1 0 0 0 0 0
0 0 0 0 0 1 0 0
0 0 0 0 0 0 1 0
0 0 0 0 0 0 1 0
0 1 0 0 0 0 0 0
0 0 1 0 0 0 0 0
0 0 0 0 0 0 0 1
0 0 0 0 1 0 0 0
0 0 0 1 0 0 0 0
0 0 0 0 0 1 0 0
0 0 0 0 0 1 0 0
0 0 0 0 0 1 0 0
0 0 1 0 0 0 0 0
0 0 0 0 0 0 1 0
0 0 1 0 0 0 0 0
0 0 1 0 0 0 0 0
0 0 0 1 0 0 0 0
0 0 0 0 1 0 0 0
0 0 0 0 1 0 0 0
0 1 0 0 0 0 0 0
0 0 0 0 0 0 0 1
0 0 1 0 0 0 0 0
0 0 0 1 0 0 0 0
1 0 0 0 0 0 0 0
0 0 0 0 0 0 0 1
1 0 0 0 0 0 0 0
0 0 0 0 0 0 1 0
0 1 0 0 0 0 0 0
0 0 0 1 0 0 0 0
0 0 0 1 0 0 0 0
0 0 0 0 0 0 0 1
1 0 0 0 0 0 0 0
0 1 0 0 0 0 0 0
0 0 0 1 0 0 0 0
0 0 0 0 0 0 1 0
0 0 0 0 0 0 1 0
0 0 1 0 0 0 0 0
0 0 0 0 0 0 1 0
0 0 0 0 1 0 0 0
0 0 0 0 0 0 1 0
0 0 0 0 1 0 0 0
0 0 0 1 0 0 0 0
0 0 1 0 0 0 0 0
0 0 0 0 0 0 0 1
0 0 0 0 1 0 0 0
0 0 0 0 0 0 0 1
0 0 0 0 0 1 0 0
0 0 0 0 0 1 0 0
0 0 0 0 0 0 0 1
1 0 0 0 0 0 0 0
0 0 0 0 1 0 0 0
1 0 0 0 0 0 0 0
0 1 0 0 0 0 0 0
0 0 0 0 0 0 0 1
0 0 0 0 0 1 0 0
0 0 1 0 0 0 0 0
0 0 0 1 0 0 0 0
0 0 0 1 0 0 0 0
0 0 0 0 0 0 0 1
0 0 0 0 0 0 0 1
0 0 0 1 0 0 0 0
0 0 0 0 1 0 0 0
0 0 0 0 1 0 0 0
0 1 0 0 0 0 0 0
0 0 0 0 0 0 1 0
0 0 0 0 0 0 1 0
0 0 1 0 0 0 0 0
0 0 0 0 0 1 0 0
0 1 0 0 0 0 0 0
0 0 0 0 1 0 0 0
0 0 1 0 0 0 0 0
0 0 0 1 0 0 0 0
0 0 1 0 0 0 0 0
0 0 0 0 1 0 0 0
1 0 0 0 0 0 0 0
0 1 0 0 0 0 0 0
0 0 0 0 0 1 0 0
0 0 0 0 0 0 1 0
0 0 0 0 0 0 1 0
0 0 0 1 0 0 0 0
0 0 0 1 0 0 0 0
0 0 0 0 0 0 0 1
0 0 0 0 0 0 0 1
0 0 0 0 0 1 0 0
0 0 0 0 0 1 0 0
0 0 0 0 0 0 1 0
0 0 0 0 0 0 1 0
0 0 0 0 0 0 0 1
0 0 0 0 1 0 0 0
0 0 0 0 0 0 1 0
0 0 0 0 0 0 0 1
0 0 0 0 1 0 0 0
0 0 0 1 0 0 0 0
0 0 0 0 0 0 0 1
0 0 0 1 0 0 0 0
0 0 0 0 0 1 0 0
0 0 0 0 0 0 0 1
0 0 1 0 0 0 0 0
0 0 0 1 0 0 0 0
0 0 0 1 0 0 0 0
1 0 0 0 0 0 0 0
0 0 0 0 0 0 1 0
1 0 0 0 0 0 0 0
0 0 0 0 0 0 0 1
1 0 0 0 0 0 0 0
0 0 0 0 0 0 0 1
0 0 0 0 0 0 0 1
0 0 0 0 0 1 0 0
1 0 0 0 0 0 0 0
0 0 0 0 0 0 1 0
0 0 1 0 0 0 0 0
0 0 0 0 0 0 1 0
0 0 0 1 0 0 0 0
0 0 0 0 0 0 1 0
0 0 0 0 0 1 0 0
0 0 0 0 0 0 1 0
0 1 0 0 0 0 0 0
0 0 0 0 0 0 1 0
0 0 0 0 0 0 0 1
0 0 0 0 0 0 1 0
0 0 0 1 0 0 0 0
0 0 0 1 0 0 0 0
1 0 0 0 0 0 0 0
0 0 0 1 0 0 0 0
0 0 1 0 0 0 0 0
0 0 1 0 0 0 0 0
0 0 0 0 0 0 0 1
1 0 0 0 0 0 0 0
0 0 0 0 0 1 0 0
0 0 0 0 1 0 0 0
0 0 1 0 0 0 0 0
0 0 0 0 0 1 0 0
0 0 0 0 0 0 0 1
0 0 0 0 1 0 0 0
0 0 0 0 0 0 0 1
0 0 0 1 0 0 0 0
1 0 0 0 0 0 0 0
0 0 0 1 0 0 0 0
0 0 0 0 0 0 0 1
0 0 0 0 0 1 0 0
0 0 0 0 1 0 0 0
0 0 0 0 0 0 0 1
0 0 0 0 0 0 1 0
0 0 0 0 0 0 1 0
0 0 0 0 0 1 0 0
0 1 0 0 0 0 0 0
0 0 0 1 0 0 0 0
0 1 0 0 0 0 0 0
1 0 0 0 0 0 0 0
0 0 0 0 0 0 0 1
0 0 0 0 1 0 0 0
0 0 0 0 0 1 0 0
0 1 0 0 0 0 0 0
0 0 0 0 0 0 1 0
0 0 0 0 1 0 0 0
0 0 0 0 1 0 0 0
0 0 0 0 0 1 0 0
1 0 0 0 0 0 0 0
0 1 0 0 0 0 0 0
0 0 0 1 0 0 0 0
1 0 0 0 0 0 0 0
0 0 1 0 0 0 0 0
0 0 0 0 1 0 0 0
0 0 0 0 0 0 0 1
0 0 0 0 0 0 1 0
0 0 0 0 0 0 0 1
0 0 0 0 0 0 0 1
0 0 0 0 0 1 0 0
0 0 1 0 0 0 0 0
1 0 0 0 0 0 0 0
0 1 0 0 0 0 0 0
0 0 1 0 0 0 0 0
0 0 0 0 1 0 0 0
0 0 0 1 0 0 0 0
0 0 0 0 1 0 0 0
0 1 0 0 0 0 0 0
0 0 1 0 0 0 0 0
1 0 0 0 0 0 0 0
0 0 0 0 0 0 0 1
0 0 0 0 0 1 0 0
1 0 0 0 0 0 0 0
0 0 1 0 0 0 0 0
0 1 0 0 0 0 0 0
0 0 1 0 0 0 0 0
0 0 0 0 0 1 0 0
0 0 0 0 0 0 1 0
0 0 0 1 0 0 0 0
0 0 0 0 0 0 0 1
0 0 0 0 0 1 0 0
0 1 0 0 0 0 0 0

Capacidades:
32 0 25 47 26 49 0 35
52 24 42 43 46 30 49 33
22 35 44 29 49 52 42 51
39 26 52 43 48 38 49 32
0 38 32 29 21 59 28 50
44 53 42 57 54 55 50 33
40 32 36 50 0 55 44 23
41 20 40 23 34 57 38 46
48 27 39 22 0 57 51 23
24 58 47 59 53 49 41 47
